  700     820
    1     194       1
    2     177       1
    2     693       1
    3     121       1
    3     636       1
    3     697       1
    4     327       1
    4     361       1
    4     408       1
    5      74       1
    5     500       1
    6     420       1
    6     633       1
    7     106       1
    7     553       1
    7     604       1
    7     634       1
    8     461       1
    8     492       1
    8     654       1
    9     184       1
    9     667       1
   10     447       1
   11      61       1
   12      66       1
   12     237       1
   13      56       1
   13      93       1
   13     129       1
   13     417       1
   13     521       1
   14     260       1
   14     627       1
   14     630       1
   15     197       1
   16      53       1
   16     616       1
   17     143       1
   17     656       1
   18      74       1
   18     318       1
   18     445       1
   18     482       1
   18     550       1
   18     564       1
   19     630       1
   20     125       1
   20     177       1
   20     211       1
   21     189       1
   21     366       1
   22      58       1
   22     125       1
   22     134       1
   22     155       1
   22     257       1
   22     263       1
   22     630       1
   22     653       1
   23     185       1
   24     487       1
   25      94       1
   26     124       1
   26     396       1
   26     404       1
   26     495       1
   27     631       1
   28     336       1
   28     412       1
   28     466       1
   29     306       1
   29     350       1
   29     438       1
   29     551       1
   29     589       1
   30      81       1
   30     429       1
   31     588       1
   31     665       1
   32     134       1
   33     235       1
   33     423       1
   33     601       1
   33     660       1
   34     112       1
   34     507       1
   34     690       1
   35      71       1
   35     256       1
   35     425       1
   35     488       1
   35     529       1
   35     629       1
   36     336       1
   36     677       1
   37     140       1
   38     114       1
   38     197       1
   38     430       1
   38     434       1
   39      73       1
   40      60       1
   40      84       1
   40     117       1
   40     233       1
   40     318       1
   40     485       1
   41     317       1
   41     376       1
   41     460       1
   41     532       1
   42      61       1
   42     272       1
   42     351       1
   42     485       1
   43     100       1
   43     177       1
   43     520       1
   43     593       1
   44     671       1
   45     341       1
   45     471       1
   45     504       1
   45     566       1
   45     596       1
   46     111       1
   46     231       1
   47     346       1
   47     591       1
   47     636       1
   48      65       1
   48     575       1
   49     274       1
   49     536       1
   50     669       1
   51     653       1
   52     526       1
   53     489       1
   54     559       1
   55     375       1
   55     605       1
   56     164       1
   56     453       1
   56     555       1
   57      87       1
   57     245       1
   57     310       1
   57     385       1
   57     569       1
   57     613       1
   59      65       1
   62     226       1
   62     639       1
   62     656       1
   63      92       1
   63     229       1
   63     248       1
   64     354       1
   64     691       1
   65     124       1
   65     141       1
   65     621       1
   66      72       1
   66     325       1
   66     617       1
   66     694       1
   67     198       1
   67     327       1
   67     502       1
   68     182       1
   68     213       1
   68     274       1
   68     420       1
   68     542       1
   68     612       1
   69     550       1
   70     593       1
   71      90       1
   71     182       1
   71     226       1
   71     480       1
   71     660       1
   72     186       1
   73     197       1
   73     307       1
   73     503       1
   73     515       1
   74     463       1
   75     159       1
   75     212       1
   75     276       1
   75     306       1
   75     696       1
   76     138       1
   76     314       1
   76     413       1
   77     186       1
   77     353       1
   78     152       1
   78     226       1
   78     311       1
   78     645       1
   79     110       1
   79     197       1
   80     182       1
   80     661       1
   81     146       1
   81     147       1
   81     332       1
   82     465       1
   82     626       1
   82     664       1
   83     164       1
   83     342       1
   84     149       1
   84     334       1
   84     436       1
   85     317       1
   85     325       1
   86     683       1
   88     207       1
   88     411       1
   89     282       1
   89     321       1
   90     143       1
   90     160       1
   90     377       1
   90     550       1
   90     655       1
   91     224       1
   93     279       1
   93     404       1
   94     551       1
   95     133       1
   95     287       1
   95     393       1
   96     614       1
   97     163       1
   97     618       1
   98     155       1
   99     112       1
   99     368       1
   99     514       1
   99     555       1
  100     270       1
  101     274       1
  101     478       1
  101     526       1
  101     554       1
  102     406       1
  103     589       1
  104     147       1
  104     411       1
  105     397       1
  106     136       1
  106     232       1
  107     246       1
  107     315       1
  108     480       1
  109     257       1
  109     475       1
  109     563       1
  110     660       1
  111     115       1
  111     294       1
  111     474       1
  112     472       1
  112     675       1
  113     153       1
  114     513       1
  114     586       1
  116     377       1
  116     441       1
  116     499       1
  117     180       1
  117     222       1
  117     303       1
  117     420       1
  117     571       1
  118     690       1
  119     143       1
  120     516       1
  122     146       1
  122     297       1
  122     516       1
  123     231       1
  124     373       1
  124     685       1
  125     464       1
  126     490       1
  126     621       1
  127     271       1
  128     254       1
  128     362       1
  129     326       1
  130     144       1
  130     296       1
  131     633       1
  132     598       1
  133     314       1
  133     356       1
  133     616       1
  134     296       1
  135     260       1
  135     659       1
  137     498       1
  138     450       1
  139     486       1
  139     510       1
  140     354       1
  140     420       1
  140     455       1
  140     524       1
  142     554       1
  143     210       1
  143     253       1
  143     602       1
  143     665       1
  145     278       1
  145     513       1
  145     559       1
  148     469       1
  148     593       1
  149     158       1
  149     201       1
  149     296       1
  149     624       1
  150     157       1
  150     369       1
  151     341       1
  151     517       1
  152     182       1
  152     258       1
  152     399       1
  152     671       1
  153     311       1
  153     577       1
  154     397       1
  154     678       1
  155     209       1
  155     230       1
  156     432       1
  156     662       1
  157     630       1
  159     441       1
  160     222       1
  160     384       1
  161     699       1
  162     342       1
  163     580       1
  165     464       1
  165     522       1
  165     603       1
  166     495       1
  167     221       1
  167     279       1
  167     292       1
  167     385       1
  167     559       1
  168     193       1
  169     234       1
  169     455       1
  170     214       1
  171     593       1
  172     315       1
  173     188       1
  173     299       1
  173     418       1
  173     642       1
  173     646       1
  173     681       1
  174     184       1
  175     257       1
  175     476       1
  176     289       1
  176     358       1
  176     524       1
  178     316       1
  178     338       1
  178     432       1
  178     615       1
  179     609       1
  181     502       1
  182     204       1
  182     211       1
  182     415       1
  182     458       1
  182     599       1
  182     617       1
  183     567       1
  184     227       1
  184     246       1
  184     325       1
  184     687       1
  185     393       1
  185     456       1
  185     536       1
  185     673       1
  186     434       1
  186     691       1
  187     413       1
  187     425       1
  187     511       1
  188     342       1
  189     506       1
  189     570       1
  190     338       1
  191     480       1
  192     308       1
  193     497       1
  193     508       1
  193     593       1
  194     372       1
  194     572       1
  195     420       1
  196     339       1
  196     648       1
  197     274       1
  197     277       1
  197     337       1
  197     375       1
  197     459       1
  197     589       1
  198     258       1
  199     368       1
  199     400       1
  199     548       1
  200     333       1
  200     597       1
  202     699       1
  203     240       1
  203     540       1
  203     590       1
  203     615       1
  204     295       1
  204     349       1
  204     541       1
  205     435       1
  205     454       1
  205     589       1
  206     519       1
  206     536       1
  207     368       1
  207     447       1
  207     593       1
  208     463       1
  208     487       1
  208     532       1
  208     623       1
  210     495       1
  210     604       1
  211     386       1
  213     647       1
  213     664       1
  214     661       1
  215     363       1
  215     421       1
  215     545       1
  216     242       1
  216     465       1
  217     291       1
  218     377       1
  218     399       1
  218     539       1
  219     343       1
  219     421       1
  219     424       1
  219     549       1
  220     496       1
  220     650       1
  221     474       1
  222     227       1
  222     679       1
  223     674       1
  224     597       1
  225     282       1
  226     473       1
  226     626       1
  228     415       1
  231     523       1
  233     272       1
  233     440       1
  233     646       1
  234     365       1
  234     370       1
  235     395       1
  236     645       1
  238     518       1
  238     542       1
  239     253       1
  241     314       1
  242     328       1
  243     644       1
  244     309       1
  244     327       1
  247     690       1
  248     407       1
  248     467       1
  249     636       1
  250     551       1
  251     442       1
  251     645       1
  252     525       1
  253     622       1
  254     327       1
  254     538       1
  255     408       1
  259     267       1
  259     434       1
  261     283       1
  261     481       1
  262     370       1
  262     591       1
  263     579       1
  264     478       1
  264     479       1
  265     284       1
  266     385       1
  266     461       1
  267     540       1
  268     639       1
  269     361       1
  270     481       1
  271     527       1
  272     665       1
  273     347       1
  273     542       1
  273     570       1
  273     659       1
  274     567       1
  274     693       1
  275     500       1
  276     696       1
  280     478       1
  280     562       1
  281     311       1
  282     421       1
  282     653       1
  282     688       1
  283     370       1
  283     397       1
  284     679       1
  285     382       1
  285     426       1
  286     478       1
  286     693       1
  288     341       1
  289     359       1
  289     459       1
  290     533       1
  291     592       1
  293     455       1
  293     590       1
  293     658       1
  294     520       1
  294     527       1
  295     389       1
  297     495       1
  298     527       1
  298     675       1
  299     362       1
  299     536       1
  299     589       1
  299     674       1
  300     313       1
  301     657       1
  302     671       1
  303     316       1
  304     529       1
  304     618       1
  305     411       1
  305     521       1
  307     454       1
  308     427       1
  311     404       1
  312     659       1
  312     668       1
  313     327       1
  314     403       1
  314     473       1
  315     467       1
  318     610       1
  319     589       1
  320     694       1
  322     522       1
  323     395       1
  323     550       1
  323     588       1
  324     338       1
  324     375       1
  325     672       1
  327     381       1
  327     408       1
  327     589       1
  329     482       1
  329     683       1
  330     400       1
  331     510       1
  332     555       1
  332     695       1
  333     500       1
  333     564       1
  334     379       1
  334     510       1
  334     681       1
  335     506       1
  335     630       1
  336     547       1
  336     653       1
  337     657       1
  340     459       1
  341     402       1
  342     575       1
  344     639       1
  345     473       1
  346     420       1
  346     456       1
  346     637       1
  347     544       1
  348     699       1
  350     560       1
  352     612       1
  353     359       1
  353     437       1
  354     431       1
  355     577       1
  355     659       1
  357     402       1
  359     361       1
  360     542       1
  363     680       1
  364     489       1
  365     631       1
  366     549       1
  366     635       1
  367     673       1
  370     406       1
  370     448       1
  370     514       1
  371     523       1
  372     475       1
  372     550       1
  372     683       1
  373     537       1
  374     593       1
  375     393       1
  375     421       1
  375     576       1
  375     618       1
  376     515       1
  376     693       1
  377     651       1
  378     625       1
  380     644       1
  382     390       1
  382     402       1
  382     604       1
  383     645       1
  385     557       1
  385     595       1
  385     617       1
  385     652       1
  387     415       1
  387     495       1
  387     697       1
  388     688       1
  389     619       1
  391     425       1
  392     472       1
  394     542       1
  394     684       1
  396     560       1
  398     509       1
  400     593       1
  400     611       1
  401     523       1
  403     445       1
  404     427       1
  405     561       1
  406     580       1
  407     411       1
  407     653       1
  408     574       1
  409     520       1
  410     434       1
  413     552       1
  414     434       1
  415     506       1
  416     698       1
  419     443       1
  420     555       1
  420     585       1
  421     490       1
  422     690       1
  423     670       1
  425     614       1
  426     608       1
  426     659       1
  428     438       1
  429     556       1
  431     628       1
  432     698       1
  433     456       1
  433     682       1
  435     520       1
  436     676       1
  437     638       1
  437     685       1
  438     457       1
  439     476       1
  442     444       1
  443     560       1
  444     696       1
  446     510       1
  447     499       1
  449     474       1
  450     657       1
  451     542       1
  452     674       1
  455     535       1
  455     566       1
  455     648       1
  459     644       1
  459     686       1
  459     699       1
  460     660       1
  461     596       1
  462     477       1
  462     580       1
  462     659       1
  464     606       1
  465     495       1
  465     530       1
  468     480       1
  468     590       1
  469     543       1
  470     655       1
  470     675       1
  472     483       1
  477     607       1
  478     600       1
  481     694       1
  483     582       1
  484     507       1
  488     531       1
  488     692       1
  490     540       1
  490     616       1
  491     579       1
  492     698       1
  493     644       1
  494     646       1
  495     509       1
  496     589       1
  496     619       1
  497     501       1
  498     552       1
  498     555       1
  498     556       1
  499     511       1
  499     606       1
  500     561       1
  500     607       1
  501     604       1
  502     640       1
  502     649       1
  505     560       1
  510     616       1
  512     549       1
  513     514       1
  516     527       1
  516     600       1
  518     521       1
  522     668       1
  523     644       1
  525     536       1
  526     689       1
  526     700       1
  527     565       1
  528     541       1
  530     566       1
  532     632       1
  533     593       1
  534     699       1
  536     587       1
  536     643       1
  536     650       1
  538     553       1
  539     618       1
  543     571       1
  546     693       1
  550     578       1
  550     630       1
  555     573       1
  557     609       1
  558     644       1
  560     581       1
  560     638       1
  562     586       1
  568     692       1
  579     598       1
  582     641       1
  583     610       1
  583     678       1
  584     633       1
  589     594       1
  592     641       1
  595     661       1
  600     612       1
  614     642       1
  614     669       1
  620     633       1
  622     671       1
  625     652       1
  632     666       1
  641     655       1
  649     694       1
  653     669       1
  653     694       1
  663     694       1
