  500     602
    1     125       1
    2      39       1
    2      91       1
    2     161       1
    2     162       1
    2     320       1
    3      32       1
    4     244       1
    4     352       1
    4     388       1
    5      78       1
    6     298       1
    7     469       1
    8     444       1
    9     283       1
    9     306       1
   10     205       1
   10     226       1
   10     242       1
   10     251       1
   10     262       1
   11     237       1
   12     453       1
   12     499       1
   13      73       1
   14      43       1
   14     111       1
   14     191       1
   15      27       1
   15     262       1
   15     285       1
   15     373       1
   16      30       1
   17     186       1
   17     377       1
   17     404       1
   18     137       1
   18     194       1
   19      59       1
   19     163       1
   20      63       1
   21     348       1
   22      37       1
   22     143       1
   23      25       1
   23     311       1
   23     468       1
   23     482       1
   24      38       1
   24      96       1
   24     495       1
   25      49       1
   26     371       1
   27     127       1
   28     356       1
   29     169       1
   30     197       1
   30     348       1
   30     477       1
   31     194       1
   31     289       1
   32      63       1
   32     166       1
   32     475       1
   33      46       1
   34     433       1
   35     235       1
   35     497       1
   36     113       1
   36     274       1
   37     211       1
   37     222       1
   37     484       1
   38      73       1
   38     142       1
   38     195       1
   38     233       1
   38     235       1
   39     216       1
   39     367       1
   40     188       1
   40     379       1
   41     174       1
   41     423       1
   42     237       1
   42     434       1
   43     173       1
   44     180       1
   44     233       1
   44     372       1
   44     406       1
   45      90       1
   45     225       1
   45     490       1
   46     184       1
   46     198       1
   46     240       1
   46     257       1
   46     344       1
   46     409       1
   46     434       1
   47     312       1
   48     410       1
   49     310       1
   50     391       1
   51     154       1
   51     266       1
   51     380       1
   52     371       1
   52     499       1
   53     112       1
   53     130       1
   53     279       1
   54     158       1
   54     340       1
   54     420       1
   55     318       1
   56     218       1
   56     263       1
   56     279       1
   56     366       1
   56     391       1
   57     261       1
   57     462       1
   58     312       1
   59     240       1
   59     277       1
   59     466       1
   60     223       1
   60     239       1
   61     409       1
   61     479       1
   62     383       1
   63     191       1
   63     491       1
   64     126       1
   64     233       1
   64     327       1
   65     228       1
   65     291       1
   65     464       1
   66     102       1
   66     253       1
   66     311       1
   66     344       1
   66     360       1
   67     117       1
   67     395       1
   68      79       1
   68     214       1
   68     426       1
   69     458       1
   70     188       1
   71     490       1
   72     140       1
   72     261       1
   72     338       1
   74      99       1
   74     474       1
   75     202       1
   75     366       1
   76     285       1
   76     302       1
   76     483       1
   77     108       1
   77     381       1
   77     474       1
   78     331       1
   78     446       1
   79     164       1
   79     247       1
   79     308       1
   79     410       1
   80     129       1
   80     402       1
   80     438       1
   80     455       1
   81     156       1
   81     304       1
   82      90       1
   83     266       1
   84     411       1
   85     421       1
   85     462       1
   86     427       1
   87     495       1
   88     191       1
   89     242       1
   90     316       1
   90     437       1
   91     206       1
   91     425       1
   92     109       1
   92     339       1
   93     227       1
   94     304       1
   94     457       1
   95     166       1
   96     196       1
   97     103       1
   97     376       1
   97     378       1
   98     309       1
   98     358       1
   98     363       1
   99     122       1
   99     398       1
  100     174       1
  101     223       1
  101     383       1
  101     427       1
  102     186       1
  102     435       1
  103     359       1
  104     142       1
  104     263       1
  105     495       1
  106     470       1
  106     491       1
  107     109       1
  107     148       1
  107     243       1
  109     171       1
  109     390       1
  110     147       1
  110     148       1
  110     404       1
  110     478       1
  113     159       1
  113     389       1
  114     232       1
  114     257       1
  115     213       1
  115     217       1
  115     490       1
  116     429       1
  117     137       1
  117     169       1
  117     342       1
  118     445       1
  119     133       1
  119     159       1
  120     130       1
  121     211       1
  121     250       1
  123     166       1
  124     139       1
  124     259       1
  124     455       1
  125     144       1
  125     251       1
  126     240       1
  126     268       1
  126     364       1
  126     497       1
  127     449       1
  128     192       1
  128     241       1
  129     220       1
  129     232       1
  129     356       1
  130     240       1
  130     319       1
  130     460       1
  131     321       1
  131     340       1
  132     175       1
  132     479       1
  133     315       1
  133     355       1
  134     198       1
  134     213       1
  134     223       1
  134     467       1
  135     169       1
  135     403       1
  136     483       1
  137     312       1
  137     332       1
  137     407       1
  137     434       1
  137     453       1
  138     217       1
  138     382       1
  140     203       1
  141     157       1
  141     287       1
  142     337       1
  142     498       1
  143     183       1
  145     440       1
  146     191       1
  146     452       1
  147     204       1
  147     354       1
  149     248       1
  149     312       1
  150     277       1
  150     297       1
  151     239       1
  151     240       1
  151     252       1
  151     260       1
  151     423       1
  151     474       1
  152     476       1
  153     256       1
  154     226       1
  154     238       1
  154     258       1
  154     345       1
  154     373       1
  155     317       1
  155     360       1
  155     491       1
  156     304       1
  158     256       1
  158     303       1
  159     176       1
  159     186       1
  159     202       1
  159     260       1
  159     362       1
  159     390       1
  159     434       1
  160     260       1
  160     306       1
  162     231       1
  162     297       1
  163     225       1
  163     238       1
  164     400       1
  165     217       1
  165     412       1
  166     344       1
  167     344       1
  168     270       1
  168     315       1
  169     413       1
  169     426       1
  169     451       1
  170     268       1
  170     304       1
  170     425       1
  172     360       1
  173     440       1
  174     391       1
  174     473       1
  175     298       1
  177     179       1
  177     397       1
  178     287       1
  179     262       1
  179     322       1
  181     323       1
  181     355       1
  182     326       1
  182     459       1
  183     213       1
  184     392       1
  185     203       1
  185     471       1
  186     210       1
  186     271       1
  186     298       1
  187     237       1
  187     265       1
  188     303       1
  189     303       1
  190     421       1
  191     196       1
  191     226       1
  191     352       1
  191     399       1
  191     434       1
  191     483       1
  193     465       1
  194     346       1
  194     489       1
  195     496       1
  196     414       1
  198     383       1
  198     443       1
  199     368       1
  199     450       1
  200     411       1
  200     472       1
  201     257       1
  203     384       1
  204     417       1
  204     428       1
  204     446       1
  205     339       1
  205     385       1
  205     399       1
  206     395       1
  207     328       1
  208     226       1
  208     495       1
  209     416       1
  209     468       1
  212     351       1
  213     244       1
  213     400       1
  213     448       1
  213     492       1
  215     411       1
  218     246       1
  219     229       1
  219     282       1
  219     490       1
  220     416       1
  221     471       1
  222     231       1
  222     397       1
  222     450       1
  224     330       1
  225     328       1
  227     475       1
  230     330       1
  232     367       1
  232     447       1
  233     240       1
  233     404       1
  234     345       1
  236     331       1
  236     434       1
  237     299       1
  238     365       1
  239     308       1
  240     275       1
  240     340       1
  241     279       1
  244     276       1
  244     361       1
  245     320       1
  247     264       1
  249     401       1
  250     411       1
  252     330       1
  253     294       1
  254     404       1
  255     266       1
  256     394       1
  256     446       1
  260     494       1
  261     297       1
  261     461       1
  262     306       1
  264     464       1
  266     351       1
  266     393       1
  267     450       1
  269     371       1
  270     304       1
  272     291       1
  273     464       1
  273     468       1
  274     285       1
  275     424       1
  276     345       1
  277     303       1
  277     471       1
  278     297       1
  278     316       1
  278     462       1
  279     302       1
  279     454       1
  280     294       1
  281     333       1
  281     387       1
  282     329       1
  282     356       1
  284     389       1
  285     290       1
  285     369       1
  286     365       1
  286     428       1
  287     424       1
  288     389       1
  289     304       1
  289     324       1
  289     424       1
  289     431       1
  289     459       1
  290     463       1
  291     381       1
  291     429       1
  292     495       1
  293     316       1
  293     336       1
  293     350       1
  295     327       1
  295     396       1
  295     491       1
  296     495       1
  297     434       1
  297     436       1
  298     325       1
  298     439       1
  298     441       1
  298     493       1
  300     455       1
  300     479       1
  301     348       1
  301     420       1
  302     471       1
  303     484       1
  304     392       1
  305     384       1
  306     323       1
  307     354       1
  307     477       1
  308     328       1
  309     387       1
  311     452       1
  313     483       1
  314     484       1
  314     487       1
  315     353       1
  316     369       1
  318     399       1
  319     427       1
  322     432       1
  323     390       1
  326     330       1
  327     470       1
  331     351       1
  332     365       1
  332     394       1
  332     486       1
  334     426       1
  335     339       1
  335     477       1
  336     372       1
  338     366       1
  338     448       1
  341     370       1
  343     415       1
  343     425       1
  344     355       1
  345     401       1
  347     489       1
  348     401       1
  349     350       1
  350     455       1
  350     485       1
  356     385       1
  357     386       1
  357     393       1
  359     495       1
  363     442       1
  363     446       1
  365     470       1
  366     370       1
  366     375       1
  366     434       1
  366     445       1
  369     432       1
  371     425       1
  371     434       1
  371     455       1
  374     392       1
  377     403       1
  378     435       1
  378     491       1
  382     442       1
  384     434       1
  387     408       1
  390     484       1
  390     499       1
  392     444       1
  399     500       1
  402     470       1
  403     469       1
  404     429       1
  405     446       1
  406     465       1
  406     490       1
  409     456       1
  410     429       1
  411     452       1
  416     417       1
  418     484       1
  419     458       1
  422     490       1
  424     477       1
  425     461       1
  428     488       1
  429     458       1
  430     486       1
  431     473       1
  432     495       1
  433     434       1
  434     440       1
  444     496       1
  458     476       1
  458     481       1
  458     484       1
  466     480       1
  474     477       1
  474     495       1
