   50      85
    1       4       1
    1      19       1
    1      22       1
    2      21       1
    2      34       1
    2      47       1
    3       7       1
    3      20       1
    3      23       1
    3      24       1
    3      26       1
    3      48       1
    4       8       1
    4      13       1
    4      20       1
    4      24       1
    4      26       1
    4      48       1
    5      14       1
    5      19       1
    5      28       1
    5      29       1
    5      42       1
    5      45       1
    6       8       1
    6      11       1
    6      41       1
    8      10       1
    8      37       1
    8      41       1
    9      33       1
   10      13       1
   10      20       1
   10      26       1
   10      47       1
   11      15       1
   11      48       1
   12      14       1
   13      21       1
   13      30       1
   13      45       1
   14      18       1
   14      29       1
   14      33       1
   14      34       1
   14      42       1
   14      46       1
   14      48       1
   15      21       1
   16      47       1
   17      23       1
   17      41       1
   18      23       1
   19      28       1
   19      31       1
   19      44       1
   21      29       1
   22      27       1
   22      29       1
   22      34       1
   22      35       1
   22      46       1
   22      49       1
   23      38       1
   24      44       1
   25      33       1
   26      34       1
   26      42       1
   27      28       1
   27      46       1
   28      38       1
   28      47       1
   28      50       1
   29      43       1
   29      47       1
   30      47       1
   32      39       1
   32      50       1
   33      40       1
   34      35       1
   34      36       1
   36      48       1
   39      42       1
   43      48       1
   45      47       1
