   50      85
    1      16       1
    1      17       1
    1      29       1
    1      32       1
    1      33       1
    1      42       1
    1      47       1
    2       3       1
    2      10       1
    2      26       1
    2      28       1
    2      40       1
    3       9       1
    3      18       1
    3      41       1
    4      15       1
    4      16       1
    4      31       1
    5      32       1
    5      48       1
    6      12       1
    6      46       1
    6      49       1
    7      24       1
    8      26       1
    8      48       1
    9      14       1
    9      29       1
    9      30       1
    9      36       1
    9      50       1
   11      15       1
   11      18       1
   11      22       1
   11      24       1
   11      34       1
   12      13       1
   12      23       1
   12      49       1
   13      19       1
   13      33       1
   13      36       1
   13      38       1
   14      19       1
   14      28       1
   14      35       1
   15      28       1
   16      20       1
   16      43       1
   17      32       1
   17      46       1
   18      21       1
   20      28       1
   20      50       1
   21      44       1
   22      50       1
   23      25       1
   23      27       1
   24      27       1
   24      30       1
   24      46       1
   25      26       1
   25      31       1
   25      33       1
   25      50       1
   26      33       1
   26      36       1
   27      28       1
   27      32       1
   27      33       1
   27      47       1
   28      44       1
   30      35       1
   31      48       1
   32      40       1
   32      45       1
   33      37       1
   35      44       1
   35      45       1
   37      38       1
   39      43       1
   39      46       1
   40      48       1
   43      46       1
   46      50       1
