  600     711
    1     401       1
    2     173       1
    2     198       1
    2     304       1
    3     285       1
    3     436       1
    3     476       1
    4     388       1
    4     409       1
    5     292       1
    5     336       1
    5     458       1
    5     541       1
    6     471       1
    7      44       1
    7     199       1
    7     538       1
    8     130       1
    8     156       1
    8     307       1
    9     159       1
    9     256       1
    9     320       1
    9     424       1
   10     165       1
   10     225       1
   10     398       1
   11      32       1
   11     443       1
   12      64       1
   12     125       1
   12     208       1
   13      72       1
   13     283       1
   13     303       1
   13     373       1
   14     125       1
   15     132       1
   15     296       1
   15     365       1
   15     544       1
   16     150       1
   16     580       1
   17      26       1
   18     578       1
   18     596       1
   19     597       1
   20      77       1
   20      93       1
   20     384       1
   20     507       1
   21      64       1
   21      79       1
   22     109       1
   23     125       1
   23     484       1
   24     217       1
   24     239       1
   24     300       1
   24     352       1
   25      75       1
   26      44       1
   26     373       1
   26     379       1
   27     282       1
   27     285       1
   27     511       1
   28      95       1
   28     162       1
   28     510       1
   28     530       1
   29      30       1
   29      64       1
   29      76       1
   30      65       1
   30     377       1
   30     398       1
   30     424       1
   31     514       1
   32      52       1
   32     163       1
   33     440       1
   34     150       1
   34     295       1
   35     174       1
   35     211       1
   35     307       1
   35     378       1
   35     413       1
   35     509       1
   36      70       1
   36      94       1
   36     405       1
   36     421       1
   36     587       1
   36     596       1
   37     190       1
   37     257       1
   37     348       1
   37     465       1
   37     595       1
   38     203       1
   38     232       1
   38     446       1
   39      90       1
   39     106       1
   39     398       1
   40      76       1
   40     230       1
   40     510       1
   41     317       1
   42     473       1
   43     226       1
   43     292       1
   45     286       1
   46     385       1
   46     400       1
   46     451       1
   47      56       1
   47     379       1
   47     382       1
   47     408       1
   47     429       1
   48     139       1
   48     538       1
   49      77       1
   49     262       1
   50     128       1
   51     301       1
   51     555       1
   51     590       1
   52     146       1
   52     274       1
   53     330       1
   54     516       1
   54     565       1
   55     291       1
   57     517       1
   58     121       1
   58     573       1
   59      90       1
   60     176       1
   60     492       1
   61     444       1
   62     115       1
   62     272       1
   62     423       1
   63     294       1
   63     350       1
   63     553       1
   64     371       1
   65     471       1
   66     554       1
   67     216       1
   68     273       1
   69     162       1
   69     181       1
   69     362       1
   71     205       1
   71     491       1
   71     510       1
   72     583       1
   73     213       1
   73     257       1
   73     477       1
   74     515       1
   75     310       1
   75     353       1
   76     133       1
   76     137       1
   76     274       1
   76     288       1
   76     471       1
   76     553       1
   77     170       1
   77     415       1
   77     466       1
   78     286       1
   78     504       1
   78     512       1
   80     223       1
   80     276       1
   80     395       1
   80     517       1
   81     273       1
   82     387       1
   83     110       1
   83     129       1
   83     171       1
   83     190       1
   83     503       1
   83     538       1
   84     248       1
   85     321       1
   85     410       1
   85     593       1
   86     443       1
   86     549       1
   87      92       1
   87     163       1
   87     297       1
   87     438       1
   87     548       1
   88     113       1
   88     202       1
   88     408       1
   88     451       1
   89     327       1
   89     404       1
   89     486       1
   89     597       1
   90     311       1
   91     543       1
   91     553       1
   92     118       1
   92     486       1
   92     492       1
   93     125       1
   93     156       1
   93     196       1
   93     223       1
   93     227       1
   93     469       1
   93     528       1
   93     593       1
   93     596       1
   94     318       1
   94     536       1
   96     582       1
   97     281       1
   97     543       1
   98     444       1
   99     240       1
   99     574       1
  100     204       1
  101     414       1
  101     591       1
  102     483       1
  103     232       1
  103     260       1
  103     517       1
  103     519       1
  104     246       1
  105     159       1
  106     271       1
  106     308       1
  107     155       1
  107     440       1
  108     205       1
  109     122       1
  109     189       1
  109     221       1
  109     282       1
  109     540       1
  109     566       1
  111     516       1
  112     233       1
  112     396       1
  113     150       1
  113     169       1
  113     258       1
  114     318       1
  116     203       1
  117     450       1
  117     507       1
  118     197       1
  118     254       1
  118     315       1
  119     262       1
  119     416       1
  120     128       1
  120     390       1
  120     475       1
  121     268       1
  122     312       1
  123     468       1
  124     340       1
  125     431       1
  125     473       1
  125     511       1
  125     599       1
  126     184       1
  126     330       1
  126     528       1
  127     544       1
  128     188       1
  128     401       1
  130     534       1
  131     439       1
  131     528       1
  131     583       1
  132     549       1
  133     420       1
  133     587       1
  134     508       1
  134     514       1
  135     434       1
  136     259       1
  136     525       1
  137     325       1
  138     529       1
  138     560       1
  138     563       1
  140     148       1
  140     593       1
  141     422       1
  141     555       1
  142     594       1
  143     431       1
  144     222       1
  144     306       1
  144     429       1
  145     187       1
  145     285       1
  146     540       1
  147     473       1
  148     210       1
  149     178       1
  149     196       1
  149     542       1
  150     440       1
  151     303       1
  151     307       1
  151     472       1
  151     564       1
  152     180       1
  152     285       1
  152     290       1
  152     562       1
  153     374       1
  154     183       1
  154     560       1
  155     218       1
  155     349       1
  156     190       1
  156     288       1
  156     302       1
  156     423       1
  156     449       1
  156     487       1
  156     596       1
  157     158       1
  158     234       1
  158     596       1
  159     453       1
  159     520       1
  159     526       1
  160     298       1
  161     310       1
  162     250       1
  163     293       1
  164     392       1
  164     433       1
  164     511       1
  164     557       1
  165     599       1
  166     509       1
  167     250       1
  167     343       1
  167     480       1
  168     367       1
  168     592       1
  170     305       1
  170     383       1
  170     417       1
  172     208       1
  173     550       1
  174     212       1
  175     586       1
  176     374       1
  177     422       1
  177     566       1
  177     568       1
  178     371       1
  179     232       1
  180     523       1
  181     551       1
  181     566       1
  182     269       1
  183     253       1
  184     213       1
  184     228       1
  184     575       1
  185     218       1
  185     403       1
  185     474       1
  186     298       1
  186     362       1
  186     538       1
  186     560       1
  187     405       1
  187     493       1
  189     439       1
  190     301       1
  190     397       1
  190     479       1
  191     429       1
  192     363       1
  193     225       1
  194     248       1
  194     284       1
  194     371       1
  194     386       1
  194     401       1
  195     402       1
  196     429       1
  197     341       1
  198     595       1
  200     224       1
  200     380       1
  200     450       1
  200     540       1
  201     240       1
  203     348       1
  204     238       1
  204     490       1
  206     213       1
  206     243       1
  206     356       1
  206     536       1
  207     407       1
  208     269       1
  208     411       1
  208     458       1
  208     483       1
  209     303       1
  210     447       1
  212     255       1
  212     261       1
  212     518       1
  212     555       1
  213     342       1
  213     545       1
  214     291       1
  215     223       1
  215     442       1
  216     265       1
  216     414       1
  219     245       1
  220     288       1
  220     310       1
  220     574       1
  220     598       1
  221     324       1
  223     309       1
  223     443       1
  223     561       1
  224     425       1
  225     387       1
  225     475       1
  225     477       1
  226     373       1
  226     504       1
  227     381       1
  227     425       1
  227     434       1
  228     470       1
  228     556       1
  228     561       1
  229     501       1
  229     514       1
  230     286       1
  231     273       1
  231     500       1
  232     273       1
  232     547       1
  233     469       1
  233     506       1
  235     384       1
  235     467       1
  236     252       1
  237     303       1
  240     358       1
  240     366       1
  241     260       1
  241     463       1
  242     531       1
  243     391       1
  244     337       1
  244     542       1
  245     290       1
  246     361       1
  246     379       1
  246     577       1
  247     358       1
  248     269       1
  248     514       1
  249     540       1
  251     527       1
  251     573       1
  252     503       1
  254     582       1
  255     275       1
  255     280       1
  255     311       1
  255     406       1
  255     528       1
  255     537       1
  256     454       1
  259     394       1
  259     423       1
  262     310       1
  262     343       1
  262     441       1
  263     340       1
  264     455       1
  265     532       1
  266     293       1
  266     370       1
  266     396       1
  266     436       1
  266     452       1
  267     406       1
  267     539       1
  269     515       1
  270     394       1
  271     308       1
  271     331       1
  273     335       1
  273     456       1
  273     528       1
  275     400       1
  277     407       1
  278     302       1
  278     447       1
  279     330       1
  280     333       1
  280     345       1
  283     354       1
  285     488       1
  285     490       1
  287     412       1
  287     548       1
  288     571       1
  289     383       1
  290     397       1
  291     310       1
  295     432       1
  295     457       1
  297     385       1
  298     469       1
  298     490       1
  299     352       1
  299     499       1
  301     451       1
  301     493       1
  302     344       1
  302     567       1
  303     502       1
  304     527       1
  305     474       1
  305     495       1
  307     388       1
  310     414       1
  310     554       1
  312     336       1
  313     494       1
  314     412       1
  315     355       1
  316     369       1
  316     432       1
  317     324       1
  317     510       1
  318     385       1
  319     373       1
  322     489       1
  322     574       1
  323     402       1
  323     485       1
  324     435       1
  324     570       1
  325     430       1
  325     440       1
  326     575       1
  327     370       1
  328     585       1
  329     514       1
  331     538       1
  332     376       1
  332     501       1
  333     549       1
  334     335       1
  334     383       1
  334     494       1
  334     576       1
  336     372       1
  337     506       1
  337     581       1
  338     415       1
  339     496       1
  340     550       1
  340     551       1
  341     528       1
  344     409       1
  344     539       1
  345     451       1
  346     506       1
  347     572       1
  349     360       1
  349     388       1
  349     461       1
  349     505       1
  350     552       1
  351     367       1
  352     360       1
  352     387       1
  352     416       1
  352     423       1
  357     479       1
  358     436       1
  359     408       1
  360     485       1
  363     473       1
  364     541       1
  366     368       1
  367     511       1
  368     554       1
  369     490       1
  370     533       1
  371     595       1
  373     487       1
  373     544       1
  374     597       1
  375     498       1
  375     523       1
  376     409       1
  380     532       1
  384     416       1
  385     594       1
  387     426       1
  388     389       1
  388     522       1
  388     572       1
  391     526       1
  393     517       1
  394     445       1
  394     585       1
  397     586       1
  397     600       1
  398     564       1
  398     571       1
  399     587       1
  402     469       1
  407     518       1
  409     422       1
  412     487       1
  412     569       1
  413     463       1
  414     451       1
  414     567       1
  418     538       1
  419     516       1
  422     558       1
  423     440       1
  427     548       1
  428     430       1
  428     511       1
  428     523       1
  433     588       1
  436     543       1
  436     548       1
  437     569       1
  439     599       1
  440     457       1
  440     524       1
  443     546       1
  444     559       1
  446     462       1
  447     448       1
  447     600       1
  448     455       1
  452     588       1
  454     469       1
  454     481       1
  454     552       1
  459     590       1
  460     491       1
  464     471       1
  465     534       1
  466     535       1
  467     544       1
  468     579       1
  468     582       1
  469     497       1
  469     548       1
  469     559       1
  469     573       1
  476     582       1
  478     538       1
  480     538       1
  481     592       1
  482     540       1
  484     587       1
  487     496       1
  496     531       1
  508     528       1
  509     525       1
  512     556       1
  513     576       1
  516     538       1
  519     576       1
  521     554       1
  538     589       1
  540     573       1
  541     544       1
  547     566       1
  548     550       1
  550     566       1
  552     584       1
  565     593       1
  585     594       1
