  500     602
    1      39       1
    1     113       1
    1     286       1
    2     168       1
    3     115       1
    3     296       1
    4     406       1
    5      11       1
    5      66       1
    6      78       1
    6     187       1
    6     446       1
    7      36       1
    8     262       1
    8     409       1
    8     416       1
    9     128       1
    9     164       1
    9     292       1
    9     427       1
   10      81       1
   10     243       1
   12     493       1
   13      59       1
   14     323       1
   15     251       1
   15     348       1
   15     353       1
   16      53       1
   16     104       1
   16     351       1
   16     426       1
   17     187       1
   18     216       1
   19     136       1
   19     181       1
   20      31       1
   20      82       1
   20     382       1
   21     348       1
   22      96       1
   23     414       1
   24     199       1
   25     160       1
   25     213       1
   26      52       1
   27      69       1
   27     151       1
   28     198       1
   29     166       1
   29     215       1
   29     401       1
   29     499       1
   30      52       1
   30     315       1
   30     323       1
   30     368       1
   31     139       1
   31     378       1
   32     131       1
   33     275       1
   34      35       1
   34     204       1
   34     329       1
   35     319       1
   35     466       1
   36      96       1
   37     148       1
   38     415       1
   39     100       1
   39     287       1
   39     386       1
   39     430       1
   39     450       1
   40      67       1
   40     486       1
   41     408       1
   41     493       1
   42     251       1
   42     283       1
   42     380       1
   42     403       1
   42     482       1
   43      50       1
   43      94       1
   43     109       1
   43     170       1
   44     125       1
   44     222       1
   45      85       1
   46     304       1
   46     356       1
   46     373       1
   47      75       1
   47     144       1
   47     171       1
   47     263       1
   47     317       1
   47     360       1
   47     435       1
   48     322       1
   48     431       1
   49     106       1
   49     252       1
   49     258       1
   49     319       1
   49     329       1
   49     393       1
   49     432       1
   50     199       1
   50     313       1
   50     346       1
   50     348       1
   50     414       1
   50     448       1
   51     303       1
   51     367       1
   52     100       1
   52     107       1
   52     400       1
   52     403       1
   52     405       1
   53      81       1
   53      89       1
   53     249       1
   53     413       1
   54     287       1
   55     346       1
   55     349       1
   56     271       1
   56     456       1
   57     321       1
   57     351       1
   57     492       1
   58      78       1
   58     100       1
   58     131       1
   58     195       1
   58     266       1
   58     332       1
   59     235       1
   59     302       1
   59     388       1
   59     478       1
   60      68       1
   60      85       1
   60     437       1
   61     362       1
   61     442       1
   62     231       1
   62     325       1
   62     362       1
   63     386       1
   64     459       1
   65     276       1
   66      83       1
   66      88       1
   66     159       1
   66     168       1
   66     451       1
   67     279       1
   67     375       1
   69     348       1
   70      84       1
   70      97       1
   70     316       1
   71     104       1
   72     390       1
   73     173       1
   74     191       1
   74     272       1
   75     458       1
   76     126       1
   76     310       1
   76     402       1
   77     232       1
   77     423       1
   78     457       1
   79     233       1
   79     365       1
   80     146       1
   80     419       1
   82     432       1
   83     186       1
   84     140       1
   85     206       1
   85     277       1
   86     132       1
   86     495       1
   87     157       1
   88     469       1
   89     256       1
   90     261       1
   90     368       1
   91     427       1
   91     472       1
   92     491       1
   93     378       1
   93     380       1
   94     312       1
   94     452       1
   95     145       1
   96     129       1
   96     276       1
   96     449       1
   97     176       1
   97     311       1
   98     289       1
   98     417       1
   99     494       1
  100     134       1
  100     473       1
  101     280       1
  101     351       1
  102     208       1
  102     433       1
  103     111       1
  103     282       1
  105     171       1
  105     270       1
  106     468       1
  108     160       1
  110     134       1
  110     347       1
  110     352       1
  111     371       1
  112     381       1
  112     444       1
  112     470       1
  113     221       1
  113     232       1
  113     324       1
  114     211       1
  114     390       1
  115     351       1
  116     154       1
  117     268       1
  118     174       1
  118     228       1
  119     335       1
  119     405       1
  120     158       1
  120     322       1
  120     367       1
  120     466       1
  121     357       1
  122     141       1
  122     383       1
  122     444       1
  122     454       1
  123     367       1
  124     418       1
  124     429       1
  125     146       1
  127     270       1
  127     307       1
  128     259       1
  128     420       1
  128     423       1
  129     164       1
  129     330       1
  129     353       1
  129     434       1
  129     440       1
  129     497       1
  130     392       1
  130     424       1
  131     133       1
  131     272       1
  133     155       1
  133     333       1
  135     177       1
  136     448       1
  137     162       1
  137     187       1
  137     230       1
  137     443       1
  138     212       1
  138     289       1
  139     372       1
  139     424       1
  140     460       1
  141     218       1
  141     351       1
  142     293       1
  142     434       1
  142     449       1
  143     195       1
  144     189       1
  144     190       1
  145     148       1
  145     196       1
  145     309       1
  145     337       1
  145     361       1
  145     364       1
  145     465       1
  146     308       1
  146     421       1
  147     452       1
  148     216       1
  148     328       1
  148     344       1
  149     167       1
  149     264       1
  149     270       1
  150     462       1
  151     168       1
  151     333       1
  152     162       1
  153     244       1
  153     272       1
  154     255       1
  154     444       1
  156     353       1
  156     396       1
  156     485       1
  157     489       1
  160     415       1
  160     484       1
  161     197       1
  161     199       1
  161     203       1
  161     209       1
  161     297       1
  162     268       1
  162     398       1
  163     221       1
  164     189       1
  164     326       1
  164     398       1
  164     407       1
  165     472       1
  166     332       1
  167     337       1
  167     353       1
  168     414       1
  169     427       1
  170     205       1
  170     267       1
  170     389       1
  170     415       1
  171     295       1
  171     414       1
  172     180       1
  173     189       1
  173     265       1
  173     362       1
  173     428       1
  173     435       1
  174     287       1
  175     330       1
  175     496       1
  177     444       1
  178     252       1
  179     285       1
  179     405       1
  180     193       1
  180     439       1
  181     406       1
  182     399       1
  182     405       1
  183     276       1
  184     345       1
  185     224       1
  188     253       1
  188     300       1
  188     406       1
  188     427       1
  192     248       1
  192     268       1
  192     335       1
  192     354       1
  192     424       1
  193     211       1
  193     246       1
  193     322       1
  193     497       1
  194     490       1
  196     257       1
  198     406       1
  199     264       1
  200     289       1
  201     284       1
  202     413       1
  204     276       1
  204     465       1
  205     360       1
  206     345       1
  206     441       1
  207     255       1
  207     281       1
  208     339       1
  209     249       1
  209     371       1
  209     481       1
  210     323       1
  212     428       1
  213     252       1
  213     255       1
  213     398       1
  213     490       1
  214     340       1
  214     361       1
  215     361       1
  216     301       1
  216     326       1
  216     363       1
  216     370       1
  216     461       1
  216     495       1
  217     292       1
  218     363       1
  218     484       1
  219     324       1
  220     263       1
  221     296       1
  221     313       1
  221     407       1
  222     364       1
  223     341       1
  224     391       1
  225     287       1
  225     371       1
  225     453       1
  226     300       1
  226     463       1
  227     247       1
  227     394       1
  227     462       1
  229     250       1
  232     374       1
  234     282       1
  236     310       1
  236     475       1
  237     454       1
  238     336       1
  238     356       1
  238     410       1
  238     415       1
  238     439       1
  239     244       1
  240     281       1
  241     279       1
  241     323       1
  241     327       1
  242     338       1
  245     294       1
  245     342       1
  247     417       1
  248     252       1
  248     275       1
  249     410       1
  250     374       1
  252     254       1
  252     343       1
  252     476       1
  253     402       1
  255     343       1
  255     366       1
  255     397       1
  255     429       1
  255     445       1
  256     351       1
  256     396       1
  256     433       1
  257     414       1
  257     454       1
  258     474       1
  259     347       1
  260     438       1
  261     436       1
  261     456       1
  261     480       1
  263     402       1
  264     379       1
  265     358       1
  265     364       1
  265     380       1
  265     415       1
  267     329       1
  267     456       1
  269     337       1
  270     484       1
  271     339       1
  273     348       1
  274     344       1
  275     488       1
  277     470       1
  278     344       1
  279     365       1
  279     486       1
  280     398       1
  280     411       1
  282     453       1
  283     450       1
  284     307       1
  285     396       1
  286     306       1
  287     398       1
  288     459       1
  288     491       1
  289     416       1
  290     419       1
  291     336       1
  293     316       1
  294     348       1
  298     331       1
  298     389       1
  299     470       1
  300     305       1
  303     389       1
  303     397       1
  303     428       1
  304     387       1
  305     312       1
  306     329       1
  307     359       1
  308     493       1
  313     459       1
  314     345       1
  318     343       1
  320     398       1
  322     345       1
  322     349       1
  322     416       1
  322     452       1
  323     359       1
  327     434       1
  328     391       1
  328     460       1
  329     437       1
  329     468       1
  334     386       1
  337     469       1
  338     378       1
  341     386       1
  343     352       1
  343     494       1
  344     348       1
  344     351       1
  344     377       1
  344     398       1
  344     446       1
  344     471       1
  344     500       1
  345     402       1
  347     389       1
  347     404       1
  348     357       1
  348     373       1
  348     412       1
  349     385       1
  349     447       1
  349     464       1
  350     374       1
  350     414       1
  353     391       1
  355     398       1
  356     444       1
  359     384       1
  367     445       1
  369     437       1
  369     448       1
  376     490       1
  380     496       1
  382     495       1
  383     391       1
  385     407       1
  388     415       1
  390     415       1
  390     418       1
  391     420       1
  395     415       1
  397     441       1
  397     462       1
  397     472       1
  402     416       1
  407     479       1
  408     479       1
  411     444       1
  417     475       1
  419     431       1
  419     497       1
  422     497       1
  425     476       1
  426     456       1
  430     485       1
  433     489       1
  436     438       1
  436     439       1
  437     496       1
  440     472       1
  441     477       1
  448     498       1
  450     460       1
  455     499       1
  457     483       1
  462     499       1
  467     471       1
  487     498       1
  493     497       1
