   50      85
    1      12       1
    1      16       1
    1      38       1
    1      41       1
    1      48       1
    1      49       1
    2      50       1
    3       8       1
    3      15       1
    3      19       1
    3      26       1
    3      31       1
    3      34       1
    3      37       1
    3      43       1
    4       7       1
    4      22       1
    4      38       1
    4      45       1
    5      32       1
    6      17       1
    7      11       1
    8      28       1
    8      30       1
    8      31       1
    8      33       1
    8      34       1
    8      44       1
    9      19       1
    9      29       1
    9      37       1
   10      13       1
   12      17       1
   13      17       1
   13      21       1
   13      35       1
   13      37       1
   14      46       1
   15      20       1
   16      24       1
   16      34       1
   16      37       1
   16      44       1
   17      35       1
   17      46       1
   18      45       1
   20      24       1
   20      46       1
   21      31       1
   21      44       1
   22      34       1
   22      36       1
   22      40       1
   22      44       1
   23      48       1
   24      30       1
   25      34       1
   25      42       1
   25      47       1
   26      39       1
   27      28       1
   27      48       1
   28      32       1
   28      36       1
   28      48       1
   28      50       1
   29      38       1
   29      49       1
   30      33       1
   31      34       1
   32      46       1
   33      41       1
   33      44       1
   33      46       1
   35      36       1
   36      37       1
   36      46       1
   37      46       1
   37      49       1
   39      49       1
   40      43       1
   40      48       1
   41      42       1
   41      46       1
   47      48       1
