  400     489
    1      82       1
    1     293       1
    2     101       1
    2     191       1
    2     251       1
    2     387       1
    3      56       1
    3     289       1
    4      27       1
    5      10       1
    5     178       1
    5     389       1
    6     212       1
    7      32       1
    7     102       1
    7     272       1
    7     279       1
    7     285       1
    7     384       1
    8     305       1
    9     207       1
   10      69       1
   10     351       1
   11     170       1
   11     258       1
   12      44       1
   12      82       1
   12     113       1
   12     279       1
   13      81       1
   14     247       1
   14     283       1
   15      52       1
   15     268       1
   16     114       1
   16     188       1
   17      40       1
   17      54       1
   17      86       1
   17      89       1
   17     398       1
   18     241       1
   19      54       1
   19      97       1
   19     160       1
   19     167       1
   20     132       1
   21     226       1
   21     400       1
   22     198       1
   22     216       1
   23      48       1
   23      71       1
   23     351       1
   24      50       1
   25     254       1
   25     389       1
   26     324       1
   27     149       1
   28     385       1
   29     346       1
   30      31       1
   30      33       1
   30     375       1
   31      40       1
   31     144       1
   31     333       1
   32      38       1
   33     155       1
   33     279       1
   34     283       1
   35      62       1
   35     112       1
   35     138       1
   35     150       1
   35     314       1
   35     367       1
   36     122       1
   37     134       1
   37     159       1
   37     263       1
   37     270       1
   38     278       1
   39     277       1
   40     361       1
   41     117       1
   41     248       1
   41     360       1
   42     123       1
   42     356       1
   42     358       1
   43      87       1
   43     131       1
   43     216       1
   43     266       1
   44     203       1
   45     208       1
   45     248       1
   46      89       1
   46     267       1
   46     268       1
   46     368       1
   47     218       1
   48     213       1
   48     322       1
   49      73       1
   49      98       1
   49     292       1
   50     149       1
   50     186       1
   50     292       1
   51     240       1
   53     341       1
   54     236       1
   54     246       1
   54     397       1
   55      57       1
   55     104       1
   55     143       1
   55     242       1
   55     269       1
   55     327       1
   56     152       1
   56     194       1
   56     240       1
   56     247       1
   57      58       1
   58     355       1
   59     184       1
   59     190       1
   59     245       1
   59     279       1
   60     163       1
   60     200       1
   61     130       1
   61     147       1
   61     221       1
   61     268       1
   61     339       1
   61     370       1
   62     302       1
   63     387       1
   64     209       1
   65     266       1
   65     304       1
   66     115       1
   66     133       1
   66     183       1
   67     159       1
   67     210       1
   68     213       1
   68     227       1
   69      78       1
   69     255       1
   69     308       1
   69     320       1
   69     333       1
   70     120       1
   71     259       1
   71     284       1
   72     328       1
   72     339       1
   74      80       1
   74     142       1
   75     381       1
   76     290       1
   77     228       1
   77     239       1
   78     204       1
   79     127       1
   79     147       1
   79     153       1
   79     185       1
   79     232       1
   79     311       1
   79     357       1
   79     389       1
   81      94       1
   81     102       1
   81     139       1
   83     315       1
   84     179       1
   84     310       1
   85     391       1
   86     107       1
   86     108       1
   86     202       1
   86     264       1
   86     317       1
   87     319       1
   88     108       1
   88     177       1
   88     305       1
   90     228       1
   90     341       1
   90     366       1
   91     114       1
   91     288       1
   91     370       1
   92     157       1
   92     254       1
   93     157       1
   93     165       1
   93     166       1
   93     168       1
   93     285       1
   94     395       1
   95     295       1
   96     106       1
   96     211       1
   97     147       1
   98     176       1
   98     186       1
   99     112       1
  100     170       1
  100     371       1
  101     362       1
  102     226       1
  102     326       1
  102     334       1
  102     363       1
  103     370       1
  103     375       1
  104     383       1
  105     231       1
  106     351       1
  108     120       1
  108     142       1
  108     277       1
  109     248       1
  110     373       1
  111     121       1
  112     327       1
  113     203       1
  115     227       1
  115     228       1
  115     386       1
  115     395       1
  116     178       1
  116     278       1
  117     284       1
  117     353       1
  118     204       1
  118     272       1
  119     352       1
  119     369       1
  120     323       1
  121     270       1
  121     377       1
  121     389       1
  122     156       1
  122     182       1
  122     332       1
  123     129       1
  123     231       1
  123     243       1
  123     384       1
  124     294       1
  125     139       1
  125     199       1
  126     276       1
  126     361       1
  127     189       1
  128     353       1
  128     391       1
  130     373       1
  131     398       1
  132     354       1
  133     146       1
  133     228       1
  133     271       1
  133     281       1
  133     338       1
  135     241       1
  135     242       1
  136     188       1
  136     355       1
  137     150       1
  137     373       1
  138     211       1
  139     350       1
  140     368       1
  141     295       1
  142     155       1
  142     215       1
  142     280       1
  145     171       1
  145     274       1
  146     216       1
  147     258       1
  147     324       1
  148     218       1
  149     184       1
  149     247       1
  150     194       1
  150     198       1
  150     209       1
  150     232       1
  150     333       1
  151     200       1
  151     206       1
  151     247       1
  153     341       1
  154     209       1
  155     228       1
  155     234       1
  155     299       1
  155     324       1
  156     324       1
  157     347       1
  158     326       1
  158     392       1
  159     321       1
  161     369       1
  162     202       1
  164     249       1
  164     271       1
  164     293       1
  164     343       1
  165     319       1
  165     397       1
  167     224       1
  167     378       1
  168     280       1
  168     300       1
  169     335       1
  172     298       1
  172     379       1
  172     390       1
  173     342       1
  174     237       1
  174     309       1
  174     329       1
  174     398       1
  175     382       1
  175     387       1
  176     191       1
  176     373       1
  177     275       1
  178     242       1
  178     310       1
  178     327       1
  178     334       1
  180     201       1
  181     379       1
  181     391       1
  182     245       1
  183     318       1
  184     242       1
  185     272       1
  187     367       1
  188     261       1
  188     392       1
  189     226       1
  191     286       1
  192     271       1
  193     202       1
  195     225       1
  195     338       1
  196     218       1
  197     301       1
  197     396       1
  200     388       1
  201     298       1
  201     357       1
  201     360       1
  202     208       1
  204     205       1
  204     344       1
  206     313       1
  207     260       1
  208     359       1
  211     282       1
  211     373       1
  212     284       1
  214     290       1
  214     361       1
  215     252       1
  216     335       1
  217     240       1
  217     341       1
  218     238       1
  219     370       1
  220     238       1
  220     261       1
  220     373       1
  222     253       1
  222     273       1
  223     228       1
  223     369       1
  224     296       1
  225     374       1
  225     388       1
  225     392       1
  226     324       1
  226     344       1
  227     394       1
  228     250       1
  229     244       1
  229     305       1
  229     389       1
  230     309       1
  232     391       1
  232     399       1
  233     319       1
  235     242       1
  235     274       1
  237     262       1
  238     265       1
  238     381       1
  239     288       1
  240     297       1
  240     372       1
  241     256       1
  241     291       1
  243     283       1
  244     380       1
  247     268       1
  248     250       1
  249     260       1
  252     342       1
  253     387       1
  256     364       1
  256     365       1
  257     266       1
  257     303       1
  258     306       1
  261     273       1
  261     274       1
  261     295       1
  261     324       1
  263     270       1
  266     327       1
  266     332       1
  266     337       1
  268     335       1
  269     293       1
  271     324       1
  271     361       1
  272     349       1
  275     315       1
  276     329       1
  277     283       1
  277     302       1
  277     351       1
  279     308       1
  284     302       1
  286     291       1
  287     351       1
  287     370       1
  287     375       1
  289     308       1
  289     356       1
  292     331       1
  292     339       1
  294     399       1
  295     345       1
  297     340       1
  297     385       1
  297     388       1
  300     385       1
  301     394       1
  306     393       1
  307     335       1
  311     367       1
  312     325       1
  316     338       1
  318     325       1
  319     324       1
  319     369       1
  325     350       1
  328     371       1
  329     346       1
  330     367       1
  334     396       1
  335     365       1
  336     383       1
  339     348       1
  340     356       1
  340     389       1
  341     371       1
  352     384       1
  354     399       1
  358     371       1
  359     380       1
  371     397       1
  376     391       1
  378     389       1
  391     394       1
