  300     380
    1      96       1
    1     172       1
    1     265       1
    2     108       1
    3      38       1
    3     203       1
    4      44       1
    4     151       1
    5      64       1
    5     176       1
    6      58       1
    7      39       1
    7     143       1
    7     295       1
    8     192       1
    9     116       1
    9     146       1
    9     234       1
   10      20       1
   11     135       1
   12      97       1
   13      79       1
   13     288       1
   14     115       1
   14     229       1
   15      64       1
   15      67       1
   15     122       1
   15     133       1
   15     277       1
   16     239       1
   17      41       1
   17      53       1
   17     131       1
   18      54       1
   18      87       1
   18     198       1
   19     165       1
   19     200       1
   19     244       1
   19     297       1
   20      80       1
   20      90       1
   20     123       1
   20     135       1
   21     226       1
   22      94       1
   22     134       1
   22     286       1
   23      33       1
   24      32       1
   24     118       1
   24     137       1
   24     180       1
   25     100       1
   25     257       1
   26     270       1
   27     211       1
   27     228       1
   28      37       1
   28      55       1
   28      83       1
   28     105       1
   28     276       1
   29      31       1
   29     258       1
   30     145       1
   30     281       1
   31     266       1
   32     157       1
   32     210       1
   33      43       1
   33      53       1
   33     105       1
   33     132       1
   33     192       1
   33     262       1
   34      87       1
   34     227       1
   35     123       1
   35     239       1
   36      46       1
   36     147       1
   36     207       1
   36     273       1
   38      52       1
   38     103       1
   39     175       1
   39     190       1
   39     242       1
   40      70       1
   40     129       1
   41      59       1
   41     170       1
   41     263       1
   42     143       1
   44      85       1
   44     178       1
   44     183       1
   45      59       1
   45     290       1
   45     291       1
   45     293       1
   46     120       1
   46     190       1
   46     192       1
   46     235       1
   47     137       1
   48     179       1
   48     192       1
   48     269       1
   48     293       1
   49     242       1
   49     294       1
   50      85       1
   50     140       1
   51      83       1
   51     215       1
   52      97       1
   52     129       1
   52     274       1
   54     115       1
   55     106       1
   55     132       1
   55     139       1
   56     202       1
   57     182       1
   57     218       1
   57     268       1
   57     272       1
   58      81       1
   58     217       1
   58     265       1
   58     270       1
   59      68       1
   59      71       1
   59     171       1
   59     237       1
   59     257       1
   60      76       1
   60      81       1
   60     126       1
   60     246       1
   61     130       1
   61     204       1
   61     259       1
   62     123       1
   62     184       1
   63     161       1
   63     299       1
   64     107       1
   65     209       1
   66     114       1
   66     122       1
   66     296       1
   68     196       1
   69     226       1
   70     187       1
   70     269       1
   70     270       1
   70     273       1
   70     296       1
   71     194       1
   71     241       1
   71     281       1
   71     291       1
   72      95       1
   72     209       1
   73     219       1
   73     284       1
   74     118       1
   75      85       1
   75     246       1
   76     183       1
   77     168       1
   77     203       1
   78     265       1
   79     104       1
   79     170       1
   79     206       1
   79     231       1
   80     250       1
   81     214       1
   81     241       1
   81     253       1
   81     260       1
   82     113       1
   82     260       1
   82     287       1
   83     134       1
   83     201       1
   83     236       1
   84     272       1
   85     160       1
   85     172       1
   85     195       1
   85     261       1
   85     279       1
   85     292       1
   86     210       1
   87     244       1
   87     281       1
   87     296       1
   88     168       1
   89     268       1
   89     276       1
   90     156       1
   91     150       1
   91     226       1
   92      97       1
   93     100       1
   93     276       1
   94     259       1
   94     295       1
   95     120       1
   95     230       1
   96     148       1
   96     268       1
   96     287       1
   97      99       1
   97     189       1
   97     205       1
   98     119       1
   98     187       1
   98     191       1
  100     130       1
  100     175       1
  101     162       1
  101     216       1
  102     192       1
  102     197       1
  104     238       1
  105     200       1
  105     215       1
  107     138       1
  107     212       1
  108     192       1
  109     144       1
  110     236       1
  111     114       1
  111     185       1
  112     228       1
  114     120       1
  115     228       1
  116     233       1
  116     256       1
  116     268       1
  117     227       1
  118     137       1
  119     152       1
  120     196       1
  121     245       1
  121     259       1
  122     197       1
  123     193       1
  124     281       1
  125     177       1
  127     219       1
  128     232       1
  129     144       1
  130     294       1
  131     199       1
  132     289       1
  133     264       1
  135     142       1
  135     195       1
  135     272       1
  136     156       1
  141     232       1
  141     278       1
  142     185       1
  142     210       1
  143     273       1
  143     285       1
  146     251       1
  147     161       1
  149     158       1
  149     166       1
  149     185       1
  150     229       1
  153     252       1
  154     229       1
  155     178       1
  155     187       1
  156     230       1
  158     222       1
  159     175       1
  160     258       1
  163     178       1
  164     219       1
  165     226       1
  166     290       1
  167     282       1
  168     197       1
  168     217       1
  169     176       1
  169     192       1
  169     243       1
  171     204       1
  173     266       1
  174     253       1
  175     223       1
  176     188       1
  177     192       1
  177     226       1
  178     244       1
  178     247       1
  180     283       1
  181     228       1
  182     210       1
  182     214       1
  182     264       1
  186     203       1
  186     217       1
  187     257       1
  187     284       1
  189     204       1
  189     231       1
  190     267       1
  192     216       1
  192     222       1
  192     250       1
  192     281       1
  192     292       1
  193     251       1
  194     213       1
  194     225       1
  196     255       1
  197     214       1
  197     287       1
  197     294       1
  197     298       1
  199     285       1
  199     292       1
  201     280       1
  202     276       1
  203     299       1
  204     214       1
  204     275       1
  205     263       1
  206     249       1
  208     254       1
  209     285       1
  211     250       1
  211     267       1
  213     282       1
  214     271       1
  214     278       1
  214     284       1
  220     270       1
  221     242       1
  222     285       1
  223     298       1
  224     288       1
  226     252       1
  228     299       1
  231     234       1
  231     266       1
  232     270       1
  234     281       1
  235     290       1
  236     274       1
  236     283       1
  236     300       1
  240     296       1
  242     288       1
  243     281       1
  247     290       1
  248     266       1
  253     281       1
  253     295       1
  254     280       1
  259     275       1
  262     289       1
  262     298       1
  267     297       1
  269     298       1
  271     295       1
  274     292       1
  279     280       1
