  200     266
    1       3       1
    1      65       1
    1      75       1
    1     191       1
    2      38       1
    2     192       1
    3       9       1
    3      13       1
    3      15       1
    4     132       1
    4     152       1
    5      28       1
    5      50       1
    6      31       1
    6      50       1
    6      53       1
    6     117       1
    6     191       1
    7      13       1
    8     125       1
    8     145       1
    8     162       1
    9      85       1
    9     105       1
   10     151       1
   11      44       1
   11      57       1
   11     199       1
   12      29       1
   12      98       1
   13      51       1
   13      98       1
   13     132       1
   14      57       1
   14      76       1
   15      63       1
   15      83       1
   15     118       1
   15     153       1
   15     189       1
   16      56       1
   16      77       1
   16      95       1
   17      41       1
   17      73       1
   17     184       1
   18      76       1
   18     157       1
   19     133       1
   19     138       1
   20      89       1
   21      79       1
   21      91       1
   22      66       1
   22     130       1
   23      45       1
   23     104       1
   23     192       1
   23     200       1
   24      31       1
   25      27       1
   25     127       1
   26      80       1
   26     106       1
   26     157       1
   27      81       1
   28     154       1
   29      31       1
   29      34       1
   29      54       1
   29      63       1
   29      82       1
   29     103       1
   29     111       1
   29     163       1
   30      34       1
   30     141       1
   31      57       1
   31     164       1
   31     170       1
   32     139       1
   32     142       1
   33      63       1
   33     155       1
   34      88       1
   34     137       1
   35      37       1
   35      88       1
   36      40       1
   36      50       1
   37     151       1
   39     187       1
   40     127       1
   41     118       1
   42     153       1
   43      77       1
   43      96       1
   44     162       1
   45      99       1
   46     182       1
   47     129       1
   48      99       1
   48     105       1
   48     129       1
   48     195       1
   49     134       1
   50      69       1
   51      86       1
   52      54       1
   52      59       1
   54      73       1
   54      90       1
   54     114       1
   54     119       1
   54     123       1
   54     156       1
   54     165       1
   55      72       1
   55      84       1
   55     186       1
   57     138       1
   58     149       1
   59     166       1
   59     176       1
   60      81       1
   61      76       1
   61     115       1
   61     148       1
   62     101       1
   63      67       1
   64     110       1
   65     111       1
   65     138       1
   65     172       1
   66      87       1
   66     103       1
   67      91       1
   67     109       1
   67     110       1
   67     200       1
   68     153       1
   69     135       1
   70      96       1
   71     171       1
   72     174       1
   72     177       1
   72     178       1
   73      93       1
   73     125       1
   73     180       1
   74      96       1
   74     102       1
   74     117       1
   75     136       1
   76     168       1
   76     191       1
   77      90       1
   77     127       1
   77     145       1
   78     191       1
   79     128       1
   79     130       1
   79     162       1
   79     200       1
   80      86       1
   80     154       1
   80     182       1
   81     116       1
   82     148       1
   82     153       1
   83     153       1
   84     120       1
   84     164       1
   85     104       1
   85     116       1
   85     197       1
   86     134       1
   88     163       1
   89     118       1
   90     161       1
   92     145       1
   93     116       1
   93     130       1
   93     156       1
   93     175       1
   94     194       1
   96     122       1
   96     142       1
   97     156       1
   97     190       1
   97     196       1
   98     196       1
   99     102       1
   99     183       1
   99     189       1
  100     122       1
  100     137       1
  100     185       1
  101     164       1
  101     188       1
  102     104       1
  102     144       1
  103     164       1
  106     157       1
  106     180       1
  107     110       1
  107     130       1
  108     113       1
  108     155       1
  110     127       1
  112     130       1
  112     186       1
  113     144       1
  114     175       1
  116     128       1
  116     129       1
  116     155       1
  116     167       1
  116     181       1
  118     131       1
  118     150       1
  119     200       1
  120     149       1
  121     182       1
  122     182       1
  124     148       1
  126     159       1
  126     171       1
  127     187       1
  127     198       1
  128     174       1
  129     135       1
  130     152       1
  132     135       1
  132     189       1
  132     193       1
  133     146       1
  140     161       1
  141     142       1
  141     166       1
  142     189       1
  143     166       1
  146     152       1
  146     175       1
  147     162       1
  148     164       1
  151     194       1
  152     166       1
  156     179       1
  158     185       1
  159     198       1
  159     200       1
  160     166       1
  162     165       1
  163     194       1
  164     176       1
  165     193       1
  167     170       1
  167     198       1
  169     192       1
  173     189       1
  178     197       1
  180     194       1
  182     200       1
  186     198       1
  189     197       1
