  200     266
    1     153       1
    1     193       1
    2      53       1
    3      20       1
    3      38       1
    3     101       1
    3     133       1
    3     162       1
    3     175       1
    4      71       1
    4     109       1
    4     189       1
    5      31       1
    5     182       1
    5     184       1
    6      64       1
    6      89       1
    6     145       1
    7      30       1
    7     109       1
    7     181       1
    8      37       1
    8      49       1
    8     157       1
    8     185       1
    9      42       1
    9     112       1
    9     162       1
   10      39       1
   10     181       1
   11     149       1
   12     156       1
   13      49       1
   14      87       1
   14     147       1
   15     123       1
   16      61       1
   16     123       1
   16     125       1
   17      26       1
   17      61       1
   17      73       1
   18      25       1
   18      39       1
   18     141       1
   18     148       1
   18     171       1
   19      58       1
   19     120       1
   20      40       1
   20     175       1
   21     120       1
   21     189       1
   22      62       1
   22     169       1
   22     198       1
   23      60       1
   24     152       1
   25     102       1
   26      75       1
   26      84       1
   26     104       1
   26     128       1
   27     149       1
   27     150       1
   28      43       1
   28      44       1
   28      52       1
   28      85       1
   28      97       1
   28     120       1
   29     113       1
   29     148       1
   29     163       1
   29     190       1
   30      40       1
   30      79       1
   30     113       1
   30     124       1
   30     148       1
   30     167       1
   31      36       1
   32      50       1
   32     162       1
   33      54       1
   33     113       1
   33     194       1
   34     113       1
   34     167       1
   35     175       1
   36     151       1
   37     175       1
   37     187       1
   38      77       1
   40     151       1
   40     185       1
   41     131       1
   41     175       1
   43      83       1
   43     117       1
   43     145       1
   45      84       1
   46     102       1
   46     103       1
   46     193       1
   47     198       1
   48      49       1
   48      65       1
   48      80       1
   49     154       1
   49     168       1
   50      64       1
   50     200       1
   51      79       1
   52     102       1
   52     156       1
   53      60       1
   53      68       1
   53      83       1
   53     132       1
   53     139       1
   53     195       1
   55      97       1
   56     102       1
   57      94       1
   57     134       1
   57     155       1
   59      76       1
   59      95       1
   59     105       1
   59     180       1
   60      95       1
   60     124       1
   60     147       1
   60     191       1
   61      75       1
   61     130       1
   61     177       1
   62      96       1
   62     107       1
   63      79       1
   63      93       1
   63     121       1
   63     163       1
   64     121       1
   66     164       1
   67     168       1
   67     173       1
   69      70       1
   69     181       1
   72     182       1
   73     136       1
   74      99       1
   74     114       1
   75      87       1
   75     169       1
   77     133       1
   77     177       1
   78      91       1
   79      82       1
   79     140       1
   79     153       1
   79     164       1
   79     197       1
   80     169       1
   81      91       1
   81     136       1
   82     162       1
   83      90       1
   83     103       1
   83     105       1
   83     124       1
   85     117       1
   85     135       1
   86     122       1
   86     154       1
   86     185       1
   88     139       1
   88     164       1
   89     108       1
   89     111       1
   92      94       1
   93      99       1
   93     159       1
   93     183       1
   94     133       1
   94     186       1
   95     104       1
   96     131       1
   96     159       1
   96     174       1
   96     185       1
   97     200       1
   98     106       1
   98     124       1
   98     176       1
  100     123       1
  100     172       1
  101     104       1
  106     129       1
  108     121       1
  109     158       1
  110     121       1
  112     177       1
  113     119       1
  113     133       1
  114     156       1
  114     192       1
  115     197       1
  116     138       1
  116     160       1
  118     199       1
  119     131       1
  121     156       1
  121     157       1
  122     178       1
  123     136       1
  123     149       1
  123     198       1
  124     136       1
  124     161       1
  125     170       1
  126     181       1
  127     133       1
  128     158       1
  128     168       1
  130     149       1
  132     172       1
  133     188       1
  134     148       1
  136     149       1
  137     149       1
  137     191       1
  138     142       1
  138     165       1
  138     172       1
  138     183       1
  138     190       1
  142     153       1
  143     200       1
  144     179       1
  145     196       1
  146     153       1
  146     181       1
  146     188       1
  148     155       1
  150     174       1
  152     164       1
  152     190       1
  153     183       1
  156     170       1
  159     189       1
  160     166       1
  162     164       1
  163     177       1
  164     199       1
  165     185       1
  169     181       1
  169     197       1
  170     195       1
  177     193       1
  179     193       1
  181     195       1
  182     183       1
  185     189       1
  186     200       1
