  400     489
    1      28       1
    1     232       1
    1     265       1
    1     317       1
    2       5       1
    2      30       1
    2     348       1
    3      48       1
    3     111       1
    3     251       1
    3     302       1
    4     221       1
    4     279       1
    5     113       1
    5     368       1
    6      75       1
    7     100       1
    7     192       1
    7     310       1
    8      29       1
    8     126       1
    8     163       1
    8     222       1
    9      38       1
   10     355       1
   11      74       1
   11     255       1
   12     325       1
   13      56       1
   13     111       1
   13     215       1
   14     360       1
   15     256       1
   15     387       1
   16     375       1
   16     386       1
   17      24       1
   17      86       1
   17     121       1
   17     160       1
   18     180       1
   18     182       1
   19     323       1
   20     154       1
   20     156       1
   20     163       1
   20     188       1
   21     163       1
   22      55       1
   22     345       1
   23      28       1
   23      58       1
   24      25       1
   24     241       1
   25     393       1
   26     260       1
   26     268       1
   27     269       1
   27     310       1
   27     356       1
   28      52       1
   28     173       1
   30      60       1
   30     117       1
   30     154       1
   31     156       1
   32     102       1
   33     256       1
   34     326       1
   35     130       1
   35     192       1
   35     236       1
   36     228       1
   37     113       1
   38     222       1
   38     336       1
   39      60       1
   39     209       1
   40     105       1
   40     230       1
   40     277       1
   40     290       1
   41      81       1
   42     318       1
   43     158       1
   43     224       1
   44     281       1
   45     371       1
   46     119       1
   46     314       1
   47     148       1
   48      78       1
   49      87       1
   49     235       1
   49     254       1
   49     274       1
   50      87       1
   50     177       1
   50     368       1
   51     296       1
   52     374       1
   53     214       1
   53     255       1
   54      81       1
   55     278       1
   56     124       1
   56     145       1
   56     152       1
   56     322       1
   57      72       1
   57     241       1
   58     367       1
   58     397       1
   58     400       1
   59     166       1
   60      69       1
   60     243       1
   60     276       1
   60     400       1
   61     161       1
   61     227       1
   62     321       1
   62     350       1
   63     144       1
   63     194       1
   64     238       1
   64     337       1
   64     385       1
   65     174       1
   65     306       1
   66      98       1
   66     141       1
   67     167       1
   67     219       1
   68     127       1
   68     151       1
   68     344       1
   70     135       1
   70     158       1
   70     228       1
   70     397       1
   71     159       1
   71     381       1
   72     154       1
   72     235       1
   72     256       1
   72     283       1
   73     163       1
   73     169       1
   73     187       1
   74      76       1
   74     127       1
   74     176       1
   74     308       1
   75     183       1
   75     185       1
   77     123       1
   77     222       1
   77     235       1
   78     342       1
   79     171       1
   80     169       1
   80     214       1
   81     118       1
   81     119       1
   81     133       1
   81     227       1
   81     321       1
   82      93       1
   82     123       1
   82     186       1
   82     231       1
   83     121       1
   83     229       1
   83     248       1
   84     387       1
   85     127       1
   85     362       1
   86     174       1
   86     369       1
   86     399       1
   87     109       1
   87     253       1
   87     356       1
   88     199       1
   88     326       1
   89     222       1
   90     193       1
   91     302       1
   91     347       1
   92     105       1
   92     251       1
   93     270       1
   93     277       1
   93     341       1
   94     150       1
   95     148       1
   96     123       1
   97     235       1
   97     264       1
   97     328       1
   97     355       1
   98     161       1
   98     235       1
   98     304       1
   99     291       1
  100     148       1
  100     176       1
  100     225       1
  100     271       1
  101     314       1
  102     198       1
  102     205       1
  102     374       1
  103     228       1
  103     385       1
  104     350       1
  105     210       1
  106     226       1
  106     343       1
  107     325       1
  108     130       1
  108     212       1
  108     358       1
  109     112       1
  109     113       1
  109     136       1
  109     291       1
  110     182       1
  110     379       1
  111     158       1
  113     282       1
  114     217       1
  114     233       1
  114     376       1
  115     133       1
  116     326       1
  117     347       1
  118     168       1
  118     180       1
  120     275       1
  121     276       1
  121     286       1
  122     360       1
  122     373       1
  124     242       1
  124     276       1
  124     320       1
  124     333       1
  124     370       1
  125     192       1
  125     223       1
  126     306       1
  126     325       1
  126     359       1
  127     218       1
  127     282       1
  128     237       1
  128     321       1
  129     222       1
  129     237       1
  129     260       1
  131     337       1
  131     379       1
  132     202       1
  133     221       1
  133     349       1
  133     392       1
  134     331       1
  136     288       1
  136     383       1
  137     254       1
  137     315       1
  138     346       1
  139     246       1
  140     163       1
  142     158       1
  142     339       1
  143     153       1
  143     201       1
  143     309       1
  144     159       1
  144     197       1
  144     309       1
  144     351       1
  145     195       1
  146     263       1
  147     322       1
  147     395       1
  148     202       1
  149     158       1
  149     223       1
  149     309       1
  150     159       1
  153     216       1
  153     276       1
  154     231       1
  154     236       1
  155     162       1
  155     245       1
  155     334       1
  156     354       1
  157     162       1
  158     276       1
  158     323       1
  158     381       1
  159     285       1
  162     179       1
  162     214       1
  162     281       1
  162     378       1
  163     207       1
  163     246       1
  164     338       1
  164     393       1
  165     351       1
  165     355       1
  166     173       1
  166     226       1
  166     398       1
  168     178       1
  168     247       1
  168     294       1
  168     340       1
  169     237       1
  170     209       1
  170     326       1
  171     313       1
  171     374       1
  172     267       1
  173     330       1
  173     352       1
  173     371       1
  173     393       1
  174     280       1
  175     252       1
  175     273       1
  176     373       1
  177     276       1
  177     379       1
  178     249       1
  179     335       1
  180     264       1
  181     270       1
  183     334       1
  184     193       1
  184     267       1
  186     260       1
  187     191       1
  189     334       1
  190     334       1
  191     206       1
  192     300       1
  193     250       1
  194     390       1
  196     311       1
  197     226       1
  197     238       1
  198     392       1
  199     302       1
  200     244       1
  203     304       1
  203     362       1
  203     377       1
  204     210       1
  208     356       1
  210     295       1
  210     314       1
  210     324       1
  211     329       1
  212     320       1
  212     393       1
  213     389       1
  214     215       1
  216     258       1
  216     350       1
  217     353       1
  217     374       1
  218     384       1
  219     331       1
  220     334       1
  221     235       1
  221     361       1
  221     386       1
  222     223       1
  222     400       1
  223     307       1
  223     339       1
  224     329       1
  226     230       1
  226     245       1
  226     247       1
  226     346       1
  226     379       1
  227     230       1
  228     292       1
  233     247       1
  233     249       1
  233     251       1
  233     301       1
  233     319       1
  234     267       1
  235     329       1
  235     330       1
  235     374       1
  236     303       1
  236     372       1
  238     300       1
  239     387       1
  240     369       1
  240     376       1
  241     358       1
  242     377       1
  243     299       1
  243     312       1
  243     321       1
  243     354       1
  244     399       1
  245     314       1
  245     315       1
  246     253       1
  246     369       1
  246     384       1
  247     265       1
  247     292       1
  247     306       1
  251     363       1
  252     298       1
  255     342       1
  256     311       1
  256     396       1
  257     298       1
  259     290       1
  261     330       1
  262     354       1
  263     304       1
  264     340       1
  265     275       1
  265     365       1
  266     273       1
  266     355       1
  267     340       1
  269     271       1
  270     343       1
  271     296       1
  271     298       1
  271     379       1
  272     290       1
  274     288       1
  276     331       1
  278     331       1
  279     365       1
  281     396       1
  284     326       1
  284     327       1
  284     350       1
  284     357       1
  284     363       1
  287     389       1
  288     387       1
  289     354       1
  291     305       1
  293     393       1
  294     382       1
  297     322       1
  298     326       1
  299     312       1
  300     357       1
  301     331       1
  304     360       1
  309     360       1
  311     361       1
  311     383       1
  312     388       1
  316     359       1
  318     356       1
  322     329       1
  322     380       1
  324     386       1
  332     357       1
  342     368       1
  343     395       1
  347     366       1
  349     394       1
  354     389       1
  364     372       1
  366     393       1
  385     391       1
  387     400       1
