  400     489
    1     127       1
    1     208       1
    2      98       1
    3      48       1
    3     326       1
    3     399       1
    4     345       1
    5      21       1
    5     296       1
    6      22       1
    6     176       1
    6     295       1
    6     395       1
    7     300       1
    8     224       1
    8     307       1
    8     360       1
    9     207       1
    9     315       1
   10      33       1
   10      97       1
   10     361       1
   11      14       1
   11      39       1
   11     156       1
   11     185       1
   11     296       1
   12     245       1
   13      99       1
   13     285       1
   13     384       1
   15      29       1
   15     115       1
   16      59       1
   16     190       1
   16     326       1
   17     176       1
   17     204       1
   17     256       1
   18      89       1
   18     191       1
   18     306       1
   19     396       1
   20     119       1
   20     164       1
   21     125       1
   22     108       1
   22     120       1
   22     181       1
   22     209       1
   22     277       1
   22     282       1
   22     295       1
   23     188       1
   23     342       1
   24     227       1
   25      65       1
   25     324       1
   26     185       1
   27      44       1
   27     117       1
   27     142       1
   27     291       1
   28     206       1
   28     217       1
   28     280       1
   28     300       1
   29     212       1
   29     352       1
   30      79       1
   30     156       1
   31      88       1
   31     255       1
   31     264       1
   32     105       1
   32     346       1
   33      73       1
   33     211       1
   33     386       1
   34      71       1
   35     330       1
   36      75       1
   36      94       1
   36     219       1
   36     261       1
   36     375       1
   36     384       1
   37     161       1
   38     200       1
   38     318       1
   39      56       1
   40     104       1
   40     181       1
   40     186       1
   41     207       1
   42     278       1
   42     354       1
   43     120       1
   45     167       1
   46     104       1
   46     265       1
   46     266       1
   46     321       1
   47     104       1
   47     169       1
   47     287       1
   47     296       1
   48     335       1
   48     391       1
   49     157       1
   50     295       1
   50     379       1
   51     287       1
   51     379       1
   52     378       1
   52     390       1
   53     177       1
   53     327       1
   54     158       1
   54     189       1
   54     352       1
   54     368       1
   55     184       1
   55     228       1
   55     345       1
   56      88       1
   56     154       1
   57      83       1
   58     329       1
   59     183       1
   60     161       1
   60     184       1
   60     260       1
   61     273       1
   62     218       1
   62     312       1
   63     267       1
   63     395       1
   64     202       1
   64     279       1
   65      91       1
   65     305       1
   65     334       1
   66     133       1
   66     259       1
   67     266       1
   67     281       1
   68     257       1
   69     167       1
   69     211       1
   70      86       1
   70     288       1
   70     289       1
   71     229       1
   71     271       1
   72     215       1
   73     129       1
   73     136       1
   73     144       1
   73     222       1
   73     270       1
   74     103       1
   74     132       1
   74     175       1
   74     214       1
   75     102       1
   75     110       1
   75     222       1
   75     229       1
   75     285       1
   76     193       1
   76     329       1
   77     189       1
   77     279       1
   78     120       1
   78     343       1
   78     392       1
   79     208       1
   80     121       1
   80     128       1
   81     127       1
   82     292       1
   83     166       1
   84     220       1
   84     333       1
   85      90       1
   86     209       1
   86     324       1
   87     250       1
   87     280       1
   87     290       1
   87     301       1
   87     359       1
   90     382       1
   92     390       1
   93     241       1
   93     353       1
   94     120       1
   95     324       1
   95     361       1
   96     131       1
   96     286       1
   98     106       1
   98     299       1
  100     114       1
  101     324       1
  102     175       1
  102     194       1
  103     276       1
  104     135       1
  104     190       1
  104     273       1
  104     302       1
  105     153       1
  105     269       1
  105     274       1
  105     381       1
  106     337       1
  107     304       1
  108     208       1
  108     374       1
  109     340       1
  111     180       1
  111     222       1
  111     344       1
  112     124       1
  112     255       1
  112     367       1
  113     206       1
  113     237       1
  113     242       1
  114     131       1
  114     331       1
  115     159       1
  115     342       1
  115     385       1
  116     152       1
  116     158       1
  116     167       1
  116     240       1
  117     347       1
  117     376       1
  118     222       1
  119     211       1
  119     366       1
  120     251       1
  121     371       1
  122     163       1
  123     354       1
  125     318       1
  126     379       1
  128     267       1
  130     234       1
  131     204       1
  131     348       1
  134     251       1
  134     325       1
  134     337       1
  135     168       1
  135     257       1
  136     246       1
  137     190       1
  137     205       1
  137     248       1
  137     356       1
  138     197       1
  138     217       1
  138     328       1
  138     337       1
  138     393       1
  139     238       1
  139     363       1
  140     187       1
  140     254       1
  141     338       1
  143     178       1
  143     202       1
  145     244       1
  145     281       1
  146     237       1
  146     316       1
  147     239       1
  148     303       1
  148     387       1
  149     230       1
  150     239       1
  151     284       1
  151     351       1
  151     383       1
  153     206       1
  153     280       1
  153     391       1
  154     192       1
  154     269       1
  154     280       1
  155     248       1
  155     322       1
  156     182       1
  156     189       1
  156     243       1
  157     166       1
  157     167       1
  160     199       1
  160     228       1
  160     339       1
  160     385       1
  162     206       1
  162     298       1
  163     309       1
  164     221       1
  165     253       1
  167     288       1
  169     255       1
  169     360       1
  170     227       1
  171     291       1
  172     253       1
  173     234       1
  173     345       1
  174     353       1
  174     394       1
  176     222       1
  176     282       1
  176     299       1
  177     225       1
  178     382       1
  179     207       1
  179     369       1
  181     202       1
  181     258       1
  181     369       1
  183     321       1
  184     361       1
  185     196       1
  185     282       1
  185     372       1
  186     217       1
  186     221       1
  186     245       1
  186     248       1
  186     278       1
  186     314       1
  186     371       1
  186     400       1
  187     258       1
  188     396       1
  190     341       1
  190     398       1
  192     362       1
  194     382       1
  195     347       1
  196     323       1
  197     230       1
  198     281       1
  199     296       1
  199     382       1
  200     221       1
  201     222       1
  201     231       1
  201     362       1
  202     223       1
  202     231       1
  203     338       1
  203     342       1
  203     345       1
  204     259       1
  207     266       1
  207     337       1
  208     304       1
  208     309       1
  208     335       1
  210     321       1
  210     337       1
  210     352       1
  211     281       1
  211     283       1
  211     312       1
  211     345       1
  211     371       1
  212     312       1
  212     390       1
  213     382       1
  213     397       1
  215     230       1
  215     284       1
  215     288       1
  216     312       1
  217     219       1
  217     268       1
  217     293       1
  217     390       1
  218     272       1
  219     372       1
  220     258       1
  222     227       1
  223     232       1
  223     327       1
  225     266       1
  225     275       1
  226     293       1
  228     239       1
  232     260       1
  233     339       1
  233     342       1
  234     342       1
  235     348       1
  236     272       1
  236     327       1
  238     352       1
  239     248       1
  239     317       1
  240     257       1
  240     276       1
  241     336       1
  241     396       1
  245     247       1
  245     253       1
  245     329       1
  247     389       1
  248     373       1
  248     381       1
  249     287       1
  249     343       1
  249     394       1
  251     271       1
  252     273       1
  255     291       1
  255     307       1
  255     387       1
  257     343       1
  260     337       1
  262     278       1
  262     385       1
  262     398       1
  263     341       1
  268     290       1
  273     279       1
  276     340       1
  276     400       1
  277     378       1
  277     396       1
  278     288       1
  281     313       1
  282     337       1
  282     377       1
  284     350       1
  285     316       1
  287     370       1
  288     376       1
  292     371       1
  293     341       1
  294     325       1
  297     312       1
  303     337       1
  306     335       1
  308     391       1
  309     357       1
  309     396       1
  310     352       1
  311     342       1
  311     398       1
  312     332       1
  313     324       1
  314     330       1
  314     355       1
  318     337       1
  319     333       1
  319     337       1
  320     368       1
  323     327       1
  324     371       1
  324     383       1
  327     380       1
  329     349       1
  335     345       1
  336     348       1
  339     388       1
  340     374       1
  341     362       1
  341     364       1
  342     352       1
  344     370       1
  346     394       1
  352     399       1
  358     382       1
  359     393       1
  365     379       1
  377     382       1
  388     396       1
