  100     144
    1       2       1
    2       8       1
    2      28       1
    2      29       1
    2      46       1
    2      49       1
    2      61       1
    3      17       1
    3      26       1
    3      27       1
    3      36       1
    4      95       1
    4      98       1
    5      27       1
    6      94       1
    7      17       1
    7      34       1
    7      68       1
    7      86       1
    8      18       1
    8      72       1
    8      99       1
    9      33       1
    9      38       1
   10      18       1
   11      27       1
   11      46       1
   11      68       1
   11      91       1
   12      59       1
   13      18       1
   13      87       1
   13      89       1
   13      95       1
   14      19       1
   14      74       1
   15      55       1
   15      71       1
   16      21       1
   16      56       1
   16      74       1
   16      77       1
   16      89       1
   16      93       1
   17      30       1
   17      97       1
   18      39       1
   18      69       1
   18      93       1
   19      44       1
   19      49       1
   20      71       1
   21      23       1
   21      80       1
   22      50       1
   22      54       1
   22      91       1
   23      65       1
   24      89       1
   25      29       1
   25      39       1
   25      45       1
   25      63       1
   26      32       1
   26      33       1
   26      41       1
   26      49       1
   26      55       1
   26      57       1
   26      74       1
   26      87       1
   26      97       1
   27      31       1
   27      40       1
   27      70       1
   27      77       1
   27      83       1
   27      86       1
   27      95       1
   29      64       1
   30      76       1
   30      81       1
   30      84       1
   32      63       1
   32      97       1
   34      37       1
   34      88       1
   35      74       1
   36      64       1
   36      75       1
   36      79       1
   36     100       1
   37      53       1
   39      48       1
   39      97       1
   39      99       1
   40      89       1
   42      45       1
   42      61       1
   42      71       1
   42      77       1
   43      51       1
   43      94       1
   44      53       1
   44      57       1
   44      74       1
   47      48       1
   47      49       1
   47      53       1
   48      86       1
   49      94       1
   51      69       1
   52      58       1
   52      92       1
   54      59       1
   55      62       1
   56      85       1
   57      63       1
   57      68       1
   58      59       1
   59      67       1
   59      88       1
   59      97       1
   60      64       1
   60      90       1
   60      97       1
   62      78       1
   63      86       1
   64      72       1
   64      92       1
   65      87       1
   65      96       1
   66      67       1
   68      71       1
   68      98       1
   71      82       1
   73      94       1
   76      92       1
   79      83       1
   84      85       1
   84      93       1
   88      95       1
   92     100       1
   94      97       1
