  100     144
    1      19       1
    1      27       1
    2      24       1
    3      13       1
    3      19       1
    3      30       1
    3      73       1
    4      56       1
    4      62       1
    4      93       1
    5      49       1
    5      80       1
    5      85       1
    5      88       1
    5      97       1
    5      98       1
    6      69       1
    6      82       1
    7      23       1
    7      25       1
    7      33       1
    7      65       1
    7      99       1
    8      47       1
    9      52       1
   10      53       1
   10      55       1
   10      59       1
   10      68       1
   10      72       1
   11      41       1
   11      65       1
   12      22       1
   12      24       1
   12      30       1
   12      48       1
   12      76       1
   12      77       1
   12      87       1
   14      19       1
   14      34       1
   14      48       1
   14      50       1
   14      80       1
   15      17       1
   15      26       1
   15      48       1
   15      78       1
   15      89       1
   16      22       1
   16      31       1
   16      42       1
   16      50       1
   17      39       1
   17      78       1
   18      82       1
   19      47       1
   19      50       1
   19      75       1
   19      83       1
   20      31       1
   20      35       1
   20      50       1
   21      47       1
   22      76       1
   23      27       1
   23      43       1
   23      70       1
   23      91       1
   24      56       1
   25      29       1
   25      40       1
   25      93       1
   26      87       1
   27      60       1
   28      80       1
   28      85       1
   29      80       1
   30      44       1
   30      49       1
   31      52       1
   31      53       1
   32      62       1
   33      43       1
   33      57       1
   33      83       1
   34      74       1
   35      57       1
   36      51       1
   36      59       1
   36      68       1
   37      62       1
   37      74       1
   38      43       1
   38      92       1
   38      93       1
   39      57       1
   40      67       1
   40      83       1
   41      71       1
   42      94       1
   42     100       1
   43      54       1
   43      56       1
   45      79       1
   45      91       1
   46      47       1
   46      89       1
   46      98       1
   47      50       1
   48      62       1
   49      53       1
   49      64       1
   51      63       1
   52      91       1
   53      77       1
   54      74       1
   55      83       1
   57      83       1
   58      59       1
   58      63       1
   58      66       1
   59      80       1
   59      93       1
   60      61       1
   60      98       1
   61      97       1
   63      82       1
   64      82       1
   65      82       1
   67      87       1
   69      78       1
   71      94       1
   79      97       1
   79      98       1
   80      82       1
   80      90       1
   80      93       1
   81      86       1
   81      93       1
   84      98       1
   85      96       1
   86      93       1
   95      98       1
