  400     489
    1     244       1
    2      94       1
    2     201       1
    2     307       1
    3     201       1
    3     283       1
    4      16       1
    4      20       1
    4      23       1
    4     105       1
    4     159       1
    4     165       1
    4     247       1
    4     319       1
    4     339       1
    4     366       1
    4     398       1
    5     252       1
    5     319       1
    5     324       1
    6      81       1
    7      39       1
    7      59       1
    7     147       1
    7     383       1
    7     397       1
    8     142       1
    9     310       1
   10     118       1
   10     284       1
   11      98       1
   11     135       1
   12      89       1
   13      62       1
   14     101       1
   14     146       1
   14     232       1
   14     325       1
   14     336       1
   15     116       1
   17     191       1
   18      20       1
   18     180       1
   19     133       1
   19     258       1
   20     185       1
   20     192       1
   20     274       1
   21     246       1
   22     158       1
   23     174       1
   24      60       1
   24     154       1
   24     228       1
   25     111       1
   25     181       1
   25     272       1
   26     229       1
   27     149       1
   27     255       1
   27     257       1
   27     268       1
   28      52       1
   28      74       1
   29      34       1
   29      97       1
   30     123       1
   30     258       1
   30     306       1
   31     115       1
   31     177       1
   31     318       1
   32     187       1
   32     192       1
   33     182       1
   33     204       1
   33     247       1
   33     251       1
   35     400       1
   36     315       1
   37     184       1
   37     208       1
   37     211       1
   37     338       1
   37     369       1
   38      47       1
   38     217       1
   39     137       1
   39     285       1
   39     331       1
   40      56       1
   40     288       1
   41      50       1
   41      66       1
   41      99       1
   41     161       1
   41     199       1
   42     186       1
   43     221       1
   43     365       1
   44     312       1
   44     339       1
   45     305       1
   46     113       1
   46     197       1
   47      61       1
   47     307       1
   47     318       1
   48     368       1
   49     228       1
   49     332       1
   49     341       1
   49     397       1
   51     142       1
   51     153       1
   51     348       1
   53      93       1
   53     328       1
   54     318       1
   55     157       1
   55     173       1
   56      96       1
   57      74       1
   57      84       1
   57     366       1
   58      77       1
   58      79       1
   58     199       1
   58     305       1
   60      81       1
   60      85       1
   60     290       1
   60     353       1
   61     116       1
   61     124       1
   61     195       1
   61     326       1
   61     383       1
   62      76       1
   62     151       1
   62     246       1
   62     373       1
   63     130       1
   63     358       1
   63     373       1
   63     385       1
   64      65       1
   64     139       1
   64     146       1
   64     217       1
   64     400       1
   65      89       1
   65     127       1
   65     248       1
   65     257       1
   65     261       1
   65     279       1
   65     341       1
   65     352       1
   67     183       1
   67     254       1
   67     355       1
   68      78       1
   68     101       1
   68     205       1
   69     148       1
   70     127       1
   70     166       1
   71     170       1
   71     396       1
   72     174       1
   72     218       1
   72     276       1
   72     350       1
   73     163       1
   73     263       1
   75     335       1
   75     391       1
   76     210       1
   76     261       1
   76     287       1
   76     317       1
   77     266       1
   78     320       1
   79     346       1
   80     287       1
   81     205       1
   81     239       1
   81     265       1
   81     301       1
   82     199       1
   83     349       1
   83     396       1
   85     362       1
   86      93       1
   86     318       1
   87     387       1
   88     380       1
   89     286       1
   90     199       1
   91     171       1
   91     192       1
   91     262       1
   91     306       1
   91     348       1
   92     146       1
   92     186       1
   92     264       1
   92     367       1
   93     108       1
   93     390       1
   94     329       1
   95     311       1
   96     212       1
   96     249       1
   97     111       1
   97     131       1
   97     260       1
   97     385       1
   98     273       1
   98     291       1
   99     157       1
   99     206       1
   99     210       1
  100     178       1
  100     265       1
  100     267       1
  101     263       1
  101     322       1
  102     198       1
  102     256       1
  102     257       1
  102     395       1
  103     339       1
  104     373       1
  105     231       1
  106     303       1
  107     365       1
  109     201       1
  110     122       1
  110     140       1
  110     224       1
  111     227       1
  111     393       1
  112     227       1
  112     323       1
  113     345       1
  114     276       1
  115     140       1
  115     213       1
  115     246       1
  115     314       1
  115     333       1
  115     389       1
  116     340       1
  116     380       1
  117     130       1
  117     167       1
  117     276       1
  118     172       1
  118     175       1
  118     242       1
  118     295       1
  119     241       1
  119     321       1
  119     379       1
  120     134       1
  121     183       1
  121     398       1
  122     263       1
  123     165       1
  125     367       1
  126     222       1
  127     137       1
  128     191       1
  128     271       1
  129     365       1
  130     280       1
  130     298       1
  130     328       1
  131     398       1
  132     319       1
  132     366       1
  133     145       1
  133     264       1
  134     235       1
  136     263       1
  138     175       1
  138     271       1
  139     197       1
  139     202       1
  139     245       1
  139     327       1
  141     302       1
  142     146       1
  142     269       1
  142     331       1
  142     341       1
  142     362       1
  143     227       1
  143     260       1
  144     322       1
  145     264       1
  148     304       1
  148     371       1
  148     372       1
  149     210       1
  149     247       1
  149     275       1
  150     335       1
  151     225       1
  152     321       1
  152     340       1
  153     204       1
  154     228       1
  154     297       1
  155     226       1
  155     288       1
  156     368       1
  157     200       1
  158     313       1
  160     204       1
  161     238       1
  161     322       1
  162     348       1
  164     366       1
  165     233       1
  165     265       1
  165     270       1
  165     365       1
  168     270       1
  168     319       1
  169     360       1
  170     303       1
  172     219       1
  173     352       1
  173     354       1
  174     254       1
  174     295       1
  174     337       1
  174     342       1
  174     351       1
  176     234       1
  176     395       1
  178     186       1
  179     208       1
  179     224       1
  179     308       1
  179     318       1
  180     343       1
  181     208       1
  181     321       1
  184     281       1
  188     305       1
  188     310       1
  189     272       1
  190     252       1
  190     365       1
  191     272       1
  191     329       1
  192     258       1
  193     208       1
  194     245       1
  195     228       1
  195     236       1
  195     239       1
  195     386       1
  196     255       1
  198     340       1
  199     287       1
  201     384       1
  203     261       1
  204     324       1
  205     357       1
  207     209       1
  207     231       1
  208     344       1
  209     306       1
  210     252       1
  210     396       1
  212     263       1
  213     221       1
  214     295       1
  215     288       1
  216     241       1
  217     319       1
  220     311       1
  220     366       1
  222     227       1
  222     237       1
  223     232       1
  224     240       1
  224     276       1
  225     366       1
  227     368       1
  228     259       1
  228     368       1
  228     388       1
  229     279       1
  230     325       1
  232     260       1
  232     262       1
  232     264       1
  234     309       1
  234     397       1
  235     362       1
  237     247       1
  238     360       1
  239     338       1
  239     364       1
  240     289       1
  243     270       1
  244     247       1
  244     286       1
  245     249       1
  245     302       1
  247     257       1
  250     345       1
  251     280       1
  252     253       1
  252     278       1
  252     296       1
  252     347       1
  263     342       1
  265     345       1
  273     336       1
  274     385       1
  276     348       1
  277     317       1
  282     289       1
  282     395       1
  283     360       1
  285     351       1
  287     311       1
  287     399       1
  288     319       1
  288     392       1
  292     360       1
  293     335       1
  294     393       1
  295     360       1
  296     378       1
  296     387       1
  299     355       1
  300     305       1
  300     329       1
  303     398       1
  304     366       1
  305     363       1
  305     386       1
  306     326       1
  306     359       1
  307     315       1
  311     390       1
  313     369       1
  314     319       1
  315     316       1
  315     330       1
  316     319       1
  319     320       1
  319     396       1
  325     385       1
  325     387       1
  326     346       1
  326     377       1
  328     390       1
  330     400       1
  334     383       1
  335     339       1
  338     381       1
  339     374       1
  339     376       1
  339     387       1
  341     396       1
  353     389       1
  355     396       1
  356     364       1
  357     400       1
  358     399       1
  361     397       1
  369     397       1
  369     399       1
  370     393       1
  373     375       1
  381     395       1
  382     398       1
  383     394       1
  385     397       1
  386     396       1
