  400     489
    1     122       1
    1     332       1
    2     326       1
    3     300       1
    4      52       1
    4      89       1
    4     101       1
    5      59       1
    5     218       1
    6      68       1
    6     279       1
    6     357       1
    7      36       1
    7     155       1
    8     108       1
    8     250       1
    8     303       1
    8     361       1
    9      12       1
    9      68       1
    9     198       1
    9     221       1
    9     292       1
   10     187       1
   10     200       1
   10     234       1
   10     251       1
   11      27       1
   12     122       1
   13     364       1
   14     371       1
   15      83       1
   15     129       1
   15     177       1
   15     324       1
   15     327       1
   16      23       1
   16     154       1
   16     292       1
   17      68       1
   17      71       1
   17      80       1
   18     300       1
   18     382       1
   19     246       1
   19     281       1
   19     386       1
   20     143       1
   20     322       1
   21     277       1
   22      70       1
   22     354       1
   22     394       1
   24      89       1
   24     199       1
   24     376       1
   25      72       1
   25      98       1
   26      35       1
   26     341       1
   26     359       1
   27     255       1
   27     340       1
   28      34       1
   28      95       1
   29     105       1
   29     205       1
   30     304       1
   30     317       1
   31     150       1
   31     159       1
   31     257       1
   31     392       1
   32      80       1
   32     119       1
   33     120       1
   34     106       1
   35     104       1
   35     115       1
   36     266       1
   37     166       1
   37     224       1
   37     298       1
   38     200       1
   39     212       1
   39     292       1
   40      83       1
   40     336       1
   40     374       1
   41      85       1
   41     294       1
   41     346       1
   41     386       1
   42     223       1
   43      47       1
   43      88       1
   43     134       1
   43     322       1
   43     344       1
   44     373       1
   45      61       1
   45     122       1
   46     243       1
   47     265       1
   48      75       1
   48     106       1
   49     112       1
   50      78       1
   51     140       1
   51     141       1
   51     311       1
   52     144       1
   52     349       1
   53      86       1
   53     234       1
   53     296       1
   53     342       1
   54     269       1
   54     298       1
   55     216       1
   55     380       1
   56      63       1
   57     137       1
   57     307       1
   58     277       1
   59     341       1
   60      61       1
   61     178       1
   61     354       1
   62     207       1
   62     400       1
   63     125       1
   64     181       1
   64     209       1
   65     347       1
   66     189       1
   67     250       1
   67     317       1
   68     276       1
   68     342       1
   69     268       1
   70     360       1
   71     129       1
   71     334       1
   72     226       1
   73     173       1
   74     235       1
   75     270       1
   76      89       1
   77     103       1
   77     170       1
   77     293       1
   77     299       1
   78     202       1
   78     292       1
   79     235       1
   79     236       1
   80     278       1
   81     141       1
   82     238       1
   83     140       1
   83     193       1
   83     269       1
   84      98       1
   84     105       1
   84     309       1
   84     339       1
   84     359       1
   84     364       1
   86     349       1
   87      89       1
   88     193       1
   88     308       1
   88     363       1
   89     172       1
   89     231       1
   89     315       1
   89     317       1
   90     107       1
   90     283       1
   90     400       1
   91     153       1
   91     233       1
   92     152       1
   92     287       1
   92     312       1
   93     237       1
   94     346       1
   95     228       1
   95     235       1
   96     135       1
   96     234       1
   97     188       1
   97     357       1
   97     385       1
   98     337       1
   99     142       1
  100     116       1
  102     248       1
  102     354       1
  104     311       1
  105     181       1
  105     183       1
  105     261       1
  105     271       1
  105     302       1
  105     317       1
  105     354       1
  106     167       1
  106     312       1
  106     391       1
  108     216       1
  109     212       1
  109     229       1
  110     298       1
  110     313       1
  111     160       1
  112     158       1
  112     193       1
  112     256       1
  112     365       1
  113     156       1
  113     207       1
  113     218       1
  113     226       1
  113     276       1
  113     295       1
  113     297       1
  113     351       1
  113     354       1
  113     395       1
  114     190       1
  114     373       1
  116     127       1
  117     153       1
  117     267       1
  118     245       1
  119     142       1
  119     182       1
  119     203       1
  119     235       1
  119     323       1
  119     398       1
  120     241       1
  120     333       1
  121     217       1
  122     265       1
  123     189       1
  124     340       1
  125     282       1
  125     328       1
  126     129       1
  126     257       1
  127     176       1
  127     241       1
  127     307       1
  128     148       1
  128     231       1
  129     131       1
  129     133       1
  129     146       1
  129     162       1
  129     347       1
  130     369       1
  131     298       1
  132     326       1
  132     345       1
  134     333       1
  134     391       1
  135     343       1
  136     146       1
  136     218       1
  136     227       1
  136     284       1
  136     333       1
  137     184       1
  138     302       1
  139     291       1
  139     345       1
  141     306       1
  143     223       1
  143     275       1
  144     337       1
  145     300       1
  146     342       1
  147     339       1
  149     251       1
  151     178       1
  151     355       1
  152     358       1
  153     172       1
  153     293       1
  154     329       1
  156     281       1
  157     215       1
  157     286       1
  158     274       1
  158     361       1
  159     264       1
  159     293       1
  160     362       1
  161     261       1
  163     326       1
  164     281       1
  165     297       1
  168     290       1
  169     323       1
  171     247       1
  173     253       1
  173     321       1
  174     240       1
  174     287       1
  174     292       1
  174     310       1
  175     179       1
  175     367       1
  177     308       1
  180     280       1
  181     225       1
  181     307       1
  181     357       1
  183     240       1
  185     222       1
  186     336       1
  188     230       1
  189     272       1
  189     308       1
  190     246       1
  190     329       1
  191     243       1
  191     330       1
  192     369       1
  192     370       1
  193     222       1
  193     246       1
  193     311       1
  193     322       1
  194     340       1
  195     337       1
  195     366       1
  195     387       1
  196     244       1
  196     345       1
  197     322       1
  199     275       1
  199     311       1
  200     362       1
  201     382       1
  203     230       1
  203     259       1
  203     288       1
  203     340       1
  203     399       1
  204     243       1
  204     248       1
  204     306       1
  206     247       1
  206     300       1
  208     354       1
  210     240       1
  211     236       1
  211     367       1
  213     299       1
  214     273       1
  214     390       1
  215     270       1
  217     237       1
  217     282       1
  217     337       1
  218     368       1
  219     357       1
  220     294       1
  220     313       1
  220     369       1
  221     295       1
  222     253       1
  222     273       1
  223     352       1
  226     337       1
  226     396       1
  227     230       1
  228     365       1
  229     338       1
  230     298       1
  231     282       1
  231     321       1
  232     324       1
  233     241       1
  233     384       1
  234     246       1
  234     375       1
  234     398       1
  236     338       1
  236     385       1
  237     289       1
  237     293       1
  238     354       1
  239     308       1
  242     272       1
  243     264       1
  243     311       1
  245     253       1
  246     251       1
  246     278       1
  246     292       1
  246     293       1
  246     354       1
  248     348       1
  249     398       1
  252     299       1
  252     347       1
  252     363       1
  253     266       1
  254     264       1
  254     358       1
  254     393       1
  255     319       1
  256     367       1
  258     314       1
  260     289       1
  262     279       1
  262     372       1
  263     303       1
  267     287       1
  268     341       1
  268     348       1
  269     302       1
  269     355       1
  270     363       1
  270     393       1
  270     397       1
  271     301       1
  272     287       1
  272     326       1
  275     390       1
  275     398       1
  276     328       1
  276     376       1
  277     298       1
  280     311       1
  283     317       1
  283     319       1
  283     353       1
  284     318       1
  285     341       1
  286     386       1
  288     320       1
  290     311       1
  290     340       1
  291     319       1
  293     371       1
  295     344       1
  297     335       1
  298     302       1
  298     350       1
  299     330       1
  300     307       1
  303     383       1
  303     398       1
  305     328       1
  305     373       1
  307     325       1
  310     323       1
  311     346       1
  312     346       1
  314     390       1
  315     392       1
  316     392       1
  317     400       1
  323     377       1
  330     369       1
  331     336       1
  333     374       1
  335     378       1
  335     398       1
  340     356       1
  340     373       1
  341     373       1
  351     380       1
  354     365       1
  355     375       1
  362     379       1
  362     381       1
  366     372       1
  368     398       1
  370     375       1
  386     388       1
  386     397       1
  389     398       1
