  300     380
    1      31       1
    1      68       1
    1      93       1
    1     115       1
    2     109       1
    3     163       1
    4     164       1
    4     229       1
    4     291       1
    5      38       1
    6      13       1
    6     243       1
    7      14       1
    8     124       1
    8     151       1
    9     138       1
    9     160       1
    9     253       1
   10      33       1
   10     171       1
   11     191       1
   11     200       1
   12     168       1
   12     215       1
   12     262       1
   12     282       1
   13     195       1
   14      55       1
   14     111       1
   14     113       1
   14     155       1
   14     158       1
   15     104       1
   16     224       1
   17     145       1
   17     252       1
   18     100       1
   18     219       1
   19      59       1
   19     146       1
   19     157       1
   20     205       1
   21     126       1
   21     142       1
   22     282       1
   22     294       1
   22     299       1
   23      33       1
   23     261       1
   24     215       1
   24     218       1
   24     257       1
   25      53       1
   25      99       1
   25     101       1
   25     141       1
   25     277       1
   26     147       1
   26     209       1
   27      82       1
   27      86       1
   28     151       1
   28     222       1
   29      80       1
   29     252       1
   29     274       1
   29     295       1
   29     300       1
   30      57       1
   30     168       1
   30     230       1
   31     113       1
   31     158       1
   31     226       1
   32      96       1
   32     193       1
   33      94       1
   33     226       1
   33     287       1
   34      71       1
   34     140       1
   35      68       1
   35     157       1
   35     232       1
   35     283       1
   36     158       1
   36     169       1
   37      94       1
   37     161       1
   37     173       1
   38      84       1
   39      61       1
   39     106       1
   39     192       1
   39     289       1
   40     280       1
   41      68       1
   42     136       1
   43     165       1
   43     195       1
   43     224       1
   43     296       1
   44     207       1
   45     156       1
   45     299       1
   46     124       1
   46     195       1
   47     124       1
   48     272       1
   49      67       1
   49     163       1
   49     179       1
   49     255       1
   50     157       1
   50     278       1
   51     288       1
   52      74       1
   53     206       1
   53     229       1
   54     238       1
   55      68       1
   56      90       1
   57     107       1
   57     124       1
   57     129       1
   57     269       1
   57     284       1
   58     182       1
   59      62       1
   59     186       1
   59     246       1
   59     281       1
   60     281       1
   62      97       1
   62     149       1
   62     199       1
   63     186       1
   64     117       1
   65     149       1
   65     226       1
   65     272       1
   66     108       1
   66     151       1
   66     204       1
   66     229       1
   66     238       1
   66     250       1
   67      91       1
   67     209       1
   67     240       1
   68     195       1
   69     205       1
   70      96       1
   71     171       1
   72     225       1
   73     160       1
   73     178       1
   74      76       1
   74      84       1
   74      91       1
   75     186       1
   75     294       1
   76     270       1
   77     254       1
   78     170       1
   78     237       1
   79     204       1
   79     250       1
   80     240       1
   81     199       1
   81     200       1
   81     297       1
   82     130       1
   82     251       1
   82     269       1
   83     223       1
   83     245       1
   84      93       1
   84     186       1
   84     237       1
   85     186       1
   85     296       1
   86     257       1
   86     269       1
   87     223       1
   87     242       1
   87     272       1
   88     166       1
   88     278       1
   89     176       1
   89     209       1
   90     101       1
   90     138       1
   90     198       1
   90     214       1
   92     119       1
   92     238       1
   92     263       1
   92     265       1
   93     131       1
   93     151       1
   94     267       1
   94     275       1
   95     209       1
   95     213       1
   95     259       1
   97     278       1
   98     185       1
  101     126       1
  101     248       1
  101     269       1
  102     217       1
  103     223       1
  103     290       1
  104     137       1
  104     203       1
  104     208       1
  104     260       1
  105     210       1
  106     182       1
  106     249       1
  106     283       1
  107     120       1
  107     274       1
  108     237       1
  109     190       1
  109     262       1
  110     278       1
  111     271       1
  112     134       1
  112     193       1
  112     212       1
  114     278       1
  116     125       1
  116     252       1
  117     124       1
  117     133       1
  117     194       1
  117     206       1
  117     209       1
  117     224       1
  117     242       1
  117     256       1
  118     159       1
  118     277       1
  119     241       1
  121     162       1
  121     235       1
  122     186       1
  122     289       1
  123     160       1
  123     262       1
  123     269       1
  124     150       1
  124     159       1
  124     200       1
  127     244       1
  128     246       1
  128     271       1
  130     293       1
  131     161       1
  131     165       1
  131     238       1
  132     300       1
  133     239       1
  134     156       1
  134     214       1
  135     173       1
  136     262       1
  137     174       1
  137     221       1
  137     232       1
  137     297       1
  139     298       1
  141     235       1
  142     250       1
  143     256       1
  144     238       1
  145     158       1
  145     161       1
  147     291       1
  148     197       1
  148     254       1
  151     197       1
  152     212       1
  152     273       1
  152     287       1
  152     298       1
  153     169       1
  153     172       1
  154     161       1
  155     244       1
  156     238       1
  160     205       1
  161     188       1
  161     242       1
  162     221       1
  162     259       1
  162     267       1
  163     202       1
  164     279       1
  164     292       1
  167     246       1
  169     212       1
  169     216       1
  169     218       1
  170     231       1
  170     283       1
  171     280       1
  173     188       1
  175     198       1
  175     286       1
  177     227       1
  178     230       1
  179     194       1
  180     221       1
  181     209       1
  182     273       1
  183     262       1
  183     298       1
  184     226       1
  185     245       1
  186     213       1
  187     287       1
  188     264       1
  189     207       1
  193     231       1
  193     242       1
  196     217       1
  196     299       1
  197     236       1
  197     270       1
  198     210       1
  198     233       1
  198     287       1
  201     287       1
  206     241       1
  207     210       1
  207     254       1
  207     260       1
  210     217       1
  210     228       1
  211     266       1
  211     276       1
  212     228       1
  212     300       1
  214     227       1
  214     243       1
  215     285       1
  218     292       1
  219     235       1
  220     278       1
  223     234       1
  224     228       1
  225     285       1
  227     259       1
  228     278       1
  229     236       1
  231     288       1
  233     293       1
  235     278       1
  236     288       1
  238     257       1
  242     269       1
  242     278       1
  244     262       1
  245     297       1
  247     262       1
  248     249       1
  250     258       1
  252     277       1
  252     293       1
  259     264       1
  262     299       1
  266     293       1
  268     298       1
  270     287       1
  277     282       1
  278     279       1
  280     282       1
