  600     711
    1     455       1
    1     570       1
    2     146       1
    2     301       1
    3     405       1
    3     598       1
    4     170       1
    4     208       1
    4     221       1
    4     343       1
    4     449       1
    4     450       1
    4     527       1
    5     532       1
    6     171       1
    6     225       1
    6     353       1
    6     364       1
    7     470       1
    8     132       1
    8     548       1
    9      34       1
    9     241       1
   10     476       1
   11     268       1
   12      71       1
   12     387       1
   13     124       1
   13     133       1
   14     174       1
   14     458       1
   15     566       1
   16     371       1
   17      85       1
   17     300       1
   17     343       1
   18     580       1
   19     128       1
   19     367       1
   19     400       1
   20     185       1
   20     476       1
   21      67       1
   21     418       1
   21     518       1
   21     540       1
   22     230       1
   22     371       1
   23     479       1
   24      83       1
   24     163       1
   25     222       1
   26      75       1
   26     321       1
   27     206       1
   28     561       1
   29     194       1
   29     313       1
   30     146       1
   30     460       1
   31      57       1
   31     121       1
   31     240       1
   31     311       1
   31     417       1
   32     470       1
   33     124       1
   34      37       1
   35     261       1
   36     220       1
   36     475       1
   37     250       1
   37     348       1
   37     382       1
   38     202       1
   39     542       1
   40      76       1
   40     123       1
   40     595       1
   41      58       1
   41     306       1
   41     544       1
   42     305       1
   43     422       1
   44     103       1
   44     142       1
   44     534       1
   44     545       1
   45     219       1
   45     597       1
   46     183       1
   46     210       1
   46     520       1
   47      84       1
   47     181       1
   47     539       1
   48     315       1
   48     543       1
   49     205       1
   50     256       1
   50     373       1
   50     516       1
   50     549       1
   50     564       1
   51     104       1
   51     258       1
   52     203       1
   52     352       1
   52     532       1
   52     563       1
   53     131       1
   53     340       1
   54      62       1
   55     230       1
   55     439       1
   55     556       1
   56     194       1
   58     335       1
   59      83       1
   59     141       1
   60     566       1
   61     222       1
   61     388       1
   61     592       1
   62     268       1
   62     307       1
   62     384       1
   63     427       1
   63     502       1
   64     114       1
   64     399       1
   64     426       1
   65     581       1
   66      87       1
   66     246       1
   66     405       1
   67     239       1
   68     160       1
   68     268       1
   68     410       1
   68     560       1
   69     313       1
   70     123       1
   70     545       1
   71      83       1
   71     129       1
   71     152       1
   71     598       1
   72     231       1
   72     263       1
   72     552       1
   73     348       1
   74     129       1
   77     335       1
   78     224       1
   78     457       1
   79     298       1
   80     340       1
   80     397       1
   81     143       1
   81     514       1
   82     474       1
   83     172       1
   83     544       1
   84     296       1
   84     316       1
   84     457       1
   84     598       1
   86     432       1
   87     139       1
   88     566       1
   89     194       1
   89     240       1
   90     196       1
   90     356       1
   90     440       1
   90     556       1
   91     148       1
   92     320       1
   92     390       1
   92     411       1
   93     190       1
   93     414       1
   94     241       1
   95     343       1
   95     378       1
   96     158       1
   96     195       1
   96     323       1
   96     537       1
   96     594       1
   97     167       1
   97     319       1
   98     140       1
   98     295       1
   98     329       1
   98     510       1
   99     300       1
  100     307       1
  101     250       1
  101     256       1
  101     321       1
  101     391       1
  101     414       1
  101     569       1
  102     134       1
  102     285       1
  103     108       1
  103     256       1
  103     276       1
  103     369       1
  104     158       1
  104     201       1
  104     345       1
  105     322       1
  105     346       1
  106     107       1
  106     250       1
  106     302       1
  106     336       1
  106     533       1
  106     593       1
  107     250       1
  108     149       1
  108     407       1
  108     486       1
  108     588       1
  109     218       1
  109     309       1
  109     414       1
  110     380       1
  111     138       1
  111     140       1
  111     200       1
  111     415       1
  112     574       1
  113     205       1
  113     309       1
  114     458       1
  115     595       1
  116     147       1
  116     387       1
  117     183       1
  117     330       1
  117     332       1
  117     395       1
  117     398       1
  117     407       1
  117     550       1
  118     237       1
  118     294       1
  118     354       1
  118     514       1
  119     370       1
  120     546       1
  121     425       1
  121     595       1
  122     220       1
  123     149       1
  124     135       1
  125     534       1
  126     347       1
  127     219       1
  128     166       1
  129     269       1
  129     331       1
  129     370       1
  129     448       1
  130     502       1
  130     569       1
  131     139       1
  131     275       1
  131     395       1
  131     472       1
  131     522       1
  131     568       1
  133     206       1
  133     503       1
  133     515       1
  134     501       1
  135     420       1
  135     485       1
  136     432       1
  137     322       1
  139     280       1
  139     551       1
  140     564       1
  141     175       1
  141     405       1
  141     508       1
  141     511       1
  142     521       1
  143     152       1
  143     229       1
  143     234       1
  143     509       1
  144     434       1
  145     271       1
  145     358       1
  147     480       1
  147     598       1
  148     253       1
  148     368       1
  148     499       1
  150     211       1
  150     328       1
  150     591       1
  151     564       1
  152     296       1
  152     319       1
  152     505       1
  152     555       1
  152     582       1
  153     296       1
  154     361       1
  155     558       1
  155     566       1
  156     291       1
  156     425       1
  157     222       1
  157     427       1
  158     386       1
  158     394       1
  158     528       1
  159     414       1
  159     421       1
  160     558       1
  161     194       1
  161     352       1
  161     557       1
  162     216       1
  162     591       1
  163     168       1
  164     282       1
  164     343       1
  164     473       1
  165     172       1
  165     182       1
  166     217       1
  166     245       1
  166     266       1
  167     466       1
  169     325       1
  170     199       1
  170     202       1
  170     211       1
  170     320       1
  170     338       1
  170     442       1
  172     217       1
  172     453       1
  173     221       1
  173     442       1
  173     584       1
  174     305       1
  174     309       1
  174     373       1
  174     501       1
  175     251       1
  176     376       1
  177     229       1
  178     483       1
  179     446       1
  180     436       1
  180     478       1
  183     383       1
  184     299       1
  184     484       1
  185     552       1
  186     188       1
  186     509       1
  187     452       1
  187     529       1
  188     293       1
  188     450       1
  188     553       1
  189     204       1
  189     260       1
  190     357       1
  190     370       1
  191     405       1
  192     253       1
  192     429       1
  192     444       1
  193     435       1
  194     315       1
  194     498       1
  196     590       1
  197     432       1
  197     599       1
  198     442       1
  200     227       1
  200     337       1
  200     559       1
  201     242       1
  201     439       1
  202     325       1
  203     568       1
  204     218       1
  204     346       1
  204     413       1
  204     491       1
  204     541       1
  205     304       1
  207     351       1
  207     363       1
  208     401       1
  209     250       1
  209     307       1
  209     381       1
  209     396       1
  209     561       1
  210     385       1
  211     333       1
  211     432       1
  211     559       1
  212     333       1
  213     427       1
  214     376       1
  214     487       1
  215     298       1
  217     292       1
  217     446       1
  218     447       1
  218     454       1
  219     526       1
  220     342       1
  220     395       1
  220     402       1
  220     436       1
  221     230       1
  221     452       1
  221     470       1
  221     493       1
  223     253       1
  223     257       1
  224     301       1
  224     406       1
  224     466       1
  225     254       1
  226     409       1
  226     535       1
  227     266       1
  228     236       1
  228     268       1
  228     408       1
  230     284       1
  230     289       1
  230     526       1
  231     438       1
  232     512       1
  232     585       1
  232     599       1
  233     301       1
  235     485       1
  237     278       1
  238     467       1
  240     502       1
  240     528       1
  241     273       1
  241     309       1
  242     411       1
  243     359       1
  243     384       1
  243     460       1
  244     414       1
  244     454       1
  245     388       1
  246     352       1
  246     563       1
  247     512       1
  248     299       1
  248     360       1
  248     555       1
  248     562       1
  249     401       1
  250     445       1
  250     501       1
  251     262       1
  251     388       1
  252     575       1
  255     510       1
  257     389       1
  257     527       1
  259     292       1
  259     390       1
  259     548       1
  260     434       1
  261     300       1
  261     364       1
  262     299       1
  264     548       1
  265     301       1
  267     425       1
  268     373       1
  268     434       1
  268     555       1
  270     281       1
  271     370       1
  272     429       1
  274     393       1
  276     422       1
  277     532       1
  278     423       1
  279     385       1
  279     489       1
  281     345       1
  282     313       1
  282     474       1
  282     579       1
  283     405       1
  283     469       1
  284     326       1
  284     542       1
  286     357       1
  286     381       1
  286     409       1
  287     319       1
  288     411       1
  290     294       1
  290     488       1
  292     501       1
  292     570       1
  294     555       1
  297     462       1
  298     416       1
  298     474       1
  299     355       1
  299     361       1
  299     466       1
  300     334       1
  300     352       1
  301     304       1
  301     541       1
  303     331       1
  303     383       1
  303     436       1
  305     478       1
  306     378       1
  307     513       1
  308     479       1
  309     425       1
  309     598       1
  310     467       1
  312     461       1
  312     488       1
  312     583       1
  313     388       1
  313     456       1
  313     477       1
  313     534       1
  314     332       1
  314     504       1
  314     574       1
  317     328       1
  317     400       1
  318     408       1
  318     492       1
  318     525       1
  319     328       1
  319     357       1
  320     384       1
  321     430       1
  323     359       1
  324     549       1
  325     479       1
  325     495       1
  326     411       1
  327     363       1
  327     392       1
  327     423       1
  327     591       1
  328     512       1
  329     331       1
  330     469       1
  330     489       1
  332     399       1
  332     462       1
  332     593       1
  333     497       1
  335     450       1
  335     506       1
  337     376       1
  337     411       1
  338     558       1
  339     400       1
  339     551       1
  341     404       1
  343     408       1
  344     555       1
  346     467       1
  347     591       1
  348     441       1
  349     591       1
  350     384       1
  352     492       1
  352     515       1
  352     527       1
  355     385       1
  355     466       1
  355     491       1
  357     412       1
  357     451       1
  362     413       1
  362     443       1
  362     460       1
  362     501       1
  362     550       1
  364     580       1
  365     526       1
  366     512       1
  369     559       1
  372     379       1
  373     379       1
  374     580       1
  375     526       1
  377     448       1
  377     471       1
  378     568       1
  378     581       1
  379     464       1
  380     383       1
  383     475       1
  383     517       1
  385     441       1
  385     554       1
  386     420       1
  386     538       1
  386     565       1
  387     450       1
  387     551       1
  387     565       1
  393     482       1
  395     518       1
  396     411       1
  397     598       1
  400     530       1
  400     586       1
  401     593       1
  403     534       1
  404     553       1
  405     413       1
  405     547       1
  407     575       1
  413     585       1
  419     528       1
  420     438       1
  421     497       1
  424     552       1
  425     594       1
  426     527       1
  427     558       1
  428     451       1
  430     570       1
  431     510       1
  432     529       1
  433     534       1
  435     556       1
  437     509       1
  437     595       1
  439     474       1
  439     501       1
  444     469       1
  445     482       1
  448     540       1
  452     589       1
  454     507       1
  455     494       1
  458     485       1
  459     584       1
  460     503       1
  461     496       1
  463     510       1
  464     468       1
  465     582       1
  466     499       1
  466     501       1
  471     488       1
  474     548       1
  476     538       1
  476     580       1
  477     596       1
  481     494       1
  482     590       1
  483     536       1
  483     575       1
  487     560       1
  490     555       1
  491     550       1
  494     533       1
  498     567       1
  500     593       1
  501     587       1
  506     578       1
  507     546       1
  510     591       1
  519     562       1
  523     544       1
  524     531       1
  524     540       1
  527     591       1
  540     585       1
  543     598       1
  552     585       1
  556     572       1
  560     573       1
  561     577       1
  566     567       1
  571     583       1
  572     576       1
  583     600       1
