  500     602
    1     134       1
    2      73       1
    2      81       1
    2     206       1
    2     315       1
    2     394       1
    3     167       1
    3     267       1
    3     350       1
    3     417       1
    3     426       1
    3     439       1
    4     298       1
    4     387       1
    5      82       1
    5     313       1
    6      33       1
    6     188       1
    6     339       1
    7     214       1
    7     247       1
    7     322       1
    8      55       1
    8     271       1
    8     348       1
    8     410       1
    9      60       1
    9     394       1
    9     457       1
   10      51       1
   10      72       1
   10     379       1
   10     418       1
   11     131       1
   12      40       1
   13     187       1
   14      84       1
   14     157       1
   14     225       1
   14     282       1
   15     470       1
   15     489       1
   16     175       1
   17     165       1
   17     205       1
   17     458       1
   17     485       1
   18     439       1
   19     403       1
   20     272       1
   20     427       1
   20     488       1
   21     472       1
   22     345       1
   22     436       1
   22     450       1
   23     123       1
   23     417       1
   24      45       1
   24     110       1
   24     208       1
   24     223       1
   24     323       1
   25     435       1
   26      53       1
   27     202       1
   27     246       1
   27     404       1
   27     435       1
   28      58       1
   28     126       1
   28     277       1
   28     484       1
   29     278       1
   29     364       1
   30      61       1
   30     160       1
   30     206       1
   30     224       1
   30     235       1
   30     265       1
   30     301       1
   31      63       1
   31     463       1
   32     130       1
   32     229       1
   32     391       1
   34     350       1
   34     432       1
   35     286       1
   35     300       1
   35     427       1
   36     207       1
   36     370       1
   37     103       1
   37     110       1
   38     271       1
   38     354       1
   39      59       1
   39     420       1
   40     463       1
   41      80       1
   41     493       1
   42     120       1
   42     185       1
   42     209       1
   42     315       1
   43     212       1
   43     401       1
   43     441       1
   44      56       1
   44     279       1
   44     365       1
   46     176       1
   47     128       1
   47     192       1
   47     283       1
   48      51       1
   48     159       1
   49     243       1
   50     371       1
   51     133       1
   51     163       1
   51     193       1
   51     268       1
   51     333       1
   52     312       1
   53     107       1
   53     161       1
   54     375       1
   54     422       1
   56     110       1
   56     466       1
   57     410       1
   59      73       1
   59     480       1
   60     145       1
   60     496       1
   62     250       1
   62     322       1
   63     217       1
   63     320       1
   63     361       1
   63     431       1
   64     130       1
   65      83       1
   65     112       1
   65     135       1
   65     165       1
   65     253       1
   65     447       1
   65     464       1
   65     497       1
   66     197       1
   67     460       1
   68      91       1
   68     338       1
   68     475       1
   69     110       1
   70     129       1
   70     271       1
   70     423       1
   71     359       1
   72     116       1
   73     226       1
   73     397       1
   73     422       1
   74     153       1
   74     159       1
   75     307       1
   75     455       1
   76     487       1
   77     159       1
   77     326       1
   77     476       1
   78     270       1
   78     345       1
   79     195       1
   79     242       1
   79     294       1
   79     312       1
   79     487       1
   80     467       1
   81     317       1
   81     318       1
   81     386       1
   82     368       1
   83     134       1
   83     189       1
   85     471       1
   86      99       1
   86     400       1
   86     462       1
   87     136       1
   87     229       1
   88     175       1
   89     259       1
   90     230       1
   90     449       1
   91     116       1
   91     155       1
   91     479       1
   92     199       1
   92     440       1
   93     187       1
   93     361       1
   94     197       1
   94     223       1
   94     262       1
   94     378       1
   95     426       1
   96     282       1
   96     441       1
   97     291       1
   97     381       1
   98     282       1
   98     322       1
   98     449       1
   99     291       1
   99     475       1
  100     352       1
  101     166       1
  101     320       1
  101     385       1
  101     482       1
  101     492       1
  102     119       1
  102     423       1
  103     288       1
  104     267       1
  105     272       1
  105     419       1
  106     373       1
  107     168       1
  107     361       1
  108     445       1
  109     281       1
  109     404       1
  110     265       1
  111     311       1
  111     320       1
  112     201       1
  112     435       1
  113     287       1
  113     399       1
  114     289       1
  115     413       1
  116     232       1
  116     475       1
  117     347       1
  117     374       1
  117     377       1
  117     407       1
  117     467       1
  118     252       1
  118     383       1
  118     416       1
  118     419       1
  119     258       1
  119     442       1
  120     345       1
  121     195       1
  121     429       1
  122     221       1
  123     282       1
  124     220       1
  124     318       1
  125     206       1
  126     336       1
  127     217       1
  127     391       1
  127     423       1
  128     416       1
  128     427       1
  129     208       1
  129     288       1
  129     337       1
  129     393       1
  130     156       1
  130     391       1
  131     314       1
  132     458       1
  133     213       1
  133     264       1
  133     303       1
  134     353       1
  134     369       1
  134     433       1
  134     444       1
  136     187       1
  137     208       1
  137     257       1
  137     474       1
  138     194       1
  138     317       1
  139     259       1
  140     359       1
  140     483       1
  140     487       1
  141     202       1
  141     422       1
  142     475       1
  143     265       1
  143     417       1
  144     214       1
  146     181       1
  146     284       1
  147     194       1
  148     207       1
  148     281       1
  148     353       1
  149     170       1
  149     284       1
  149     305       1
  149     354       1
  149     355       1
  149     455       1
  150     192       1
  150     315       1
  150     327       1
  151     165       1
  151     488       1
  152     366       1
  152     447       1
  153     254       1
  153     352       1
  153     383       1
  154     208       1
  154     415       1
  155     174       1
  155     282       1
  156     175       1
  158     235       1
  158     427       1
  159     280       1
  161     323       1
  161     439       1
  161     442       1
  161     489       1
  162     322       1
  164     326       1
  165     188       1
  165     255       1
  165     296       1
  165     465       1
  166     260       1
  166     421       1
  168     484       1
  169     469       1
  170     172       1
  170     235       1
  170     447       1
  170     471       1
  171     426       1
  173     251       1
  173     331       1
  176     362       1
  176     475       1
  177     381       1
  178     394       1
  178     500       1
  179     206       1
  179     328       1
  180     277       1
  181     234       1
  181     252       1
  181     460       1
  182     210       1
  182     241       1
  182     469       1
  183     498       1
  184     450       1
  185     431       1
  185     494       1
  186     365       1
  187     467       1
  187     498       1
  188     447       1
  190     331       1
  191     352       1
  192     384       1
  193     321       1
  194     269       1
  194     293       1
  194     332       1
  195     384       1
  196     255       1
  197     215       1
  197     239       1
  197     247       1
  197     320       1
  197     327       1
  198     377       1
  199     315       1
  200     296       1
  200     481       1
  201     420       1
  202     240       1
  202     434       1
  203     490       1
  204     264       1
  205     210       1
  206     299       1
  206     420       1
  208     298       1
  208     363       1
  208     382       1
  209     215       1
  210     219       1
  210     272       1
  210     302       1
  210     486       1
  211     295       1
  211     359       1
  211     371       1
  213     325       1
  213     356       1
  213     385       1
  215     263       1
  215     426       1
  215     437       1
  215     487       1
  216     408       1
  216     489       1
  217     229       1
  218     222       1
  219     272       1
  219     273       1
  220     276       1
  221     239       1
  221     343       1
  222     247       1
  222     319       1
  226     275       1
  226     443       1
  227     308       1
  227     496       1
  228     273       1
  228     383       1
  228     413       1
  229     483       1
  230     393       1
  231     378       1
  233     330       1
  236     386       1
  237     465       1
  238     398       1
  241     342       1
  242     351       1
  243     399       1
  244     268       1
  245     417       1
  247     272       1
  247     298       1
  247     344       1
  247     465       1
  248     320       1
  248     346       1
  249     426       1
  250     456       1
  251     421       1
  253     452       1
  256     317       1
  256     431       1
  259     263       1
  259     326       1
  261     378       1
  263     425       1
  266     308       1
  266     402       1
  266     427       1
  267     405       1
  271     310       1
  272     438       1
  272     495       1
  274     341       1
  274     489       1
  276     290       1
  277     324       1
  277     390       1
  278     290       1
  278     437       1
  278     478       1
  282     298       1
  282     316       1
  283     465       1
  284     484       1
  285     440       1
  288     489       1
  289     361       1
  291     331       1
  291     482       1
  291     486       1
  292     468       1
  296     406       1
  297     368       1
  299     384       1
  299     392       1
  300     382       1
  301     342       1
  301     452       1
  303     444       1
  304     447       1
  306     315       1
  306     405       1
  307     496       1
  309     336       1
  309     381       1
  310     330       1
  310     443       1
  311     388       1
  312     451       1
  313     454       1
  314     411       1
  314     489       1
  315     407       1
  315     440       1
  320     444       1
  320     467       1
  324     358       1
  325     446       1
  326     473       1
  329     369       1
  329     370       1
  330     465       1
  331     361       1
  334     486       1
  335     350       1
  335     410       1
  337     436       1
  337     468       1
  339     485       1
  340     345       1
  340     474       1
  346     459       1
  348     385       1
  349     450       1
  357     456       1
  360     428       1
  360     444       1
  361     433       1
  361     499       1
  366     416       1
  367     393       1
  368     449       1
  372     431       1
  373     445       1
  373     455       1
  374     405       1
  375     430       1
  375     480       1
  376     457       1
  378     412       1
  378     491       1
  379     483       1
  380     391       1
  381     485       1
  383     444       1
  383     495       1
  384     462       1
  385     412       1
  386     389       1
  386     456       1
  387     447       1
  387     479       1
  391     454       1
  395     484       1
  396     421       1
  398     484       1
  399     431       1
  399     455       1
  403     458       1
  409     440       1
  414     420       1
  414     490       1
  415     468       1
  416     457       1
  416     461       1
  422     424       1
  422     455       1
  422     493       1
  426     455       1
  426     477       1
  427     448       1
  427     465       1
  431     459       1
  432     493       1
  434     483       1
  435     462       1
  437     457       1
  440     451       1
  441     457       1
  441     500       1
  444     472       1
  445     485       1
  453     486       1
  454     469       1
  455     484       1
  467     468       1
  470     482       1
  475     487       1
  493     498       1
