  300     380
    1     116       1
    1     246       1
    2      17       1
    3      44       1
    3      55       1
    3      63       1
    3      72       1
    4      83       1
    4     242       1
    4     273       1
    5      29       1
    5     151       1
    5     268       1
    5     284       1
    5     288       1
    6      44       1
    7      23       1
    7     187       1
    8      40       1
    8     232       1
    8     250       1
    9     112       1
   10      71       1
   11     112       1
   12     103       1
   12     194       1
   12     295       1
   13     142       1
   14      28       1
   14     176       1
   14     267       1
   15     145       1
   15     153       1
   15     159       1
   16     117       1
   16     208       1
   16     229       1
   16     235       1
   16     274       1
   16     289       1
   17      43       1
   17     111       1
   17     112       1
   17     114       1
   17     242       1
   18      29       1
   18     130       1
   18     158       1
   19     253       1
   19     266       1
   20     233       1
   20     257       1
   20     291       1
   21      25       1
   21     111       1
   21     158       1
   21     159       1
   21     205       1
   21     281       1
   22      47       1
   22      76       1
   22     158       1
   23     154       1
   24      96       1
   24     300       1
   26      75       1
   26     288       1
   27     174       1
   27     231       1
   29      48       1
   29     197       1
   30     160       1
   30     284       1
   31     111       1
   31     122       1
   31     202       1
   31     295       1
   32      62       1
   32     225       1
   32     246       1
   33      75       1
   34     246       1
   35      85       1
   35     247       1
   36      61       1
   36     123       1
   36     126       1
   36     136       1
   36     194       1
   36     215       1
   37     260       1
   37     282       1
   38      70       1
   38     248       1
   38     283       1
   39      43       1
   39     261       1
   40     230       1
   41     103       1
   42     150       1
   42     221       1
   44      65       1
   44     156       1
   44     277       1
   45     140       1
   46     112       1
   46     243       1
   46     257       1
   48      87       1
   48     134       1
   48     217       1
   48     250       1
   48     276       1
   49     112       1
   49     156       1
   49     199       1
   49     217       1
   50     135       1
   50     147       1
   50     201       1
   50     290       1
   50     298       1
   51     136       1
   52     251       1
   53     105       1
   53     266       1
   53     285       1
   54     104       1
   54     142       1
   54     183       1
   54     199       1
   55     253       1
   55     255       1
   56     240       1
   57      71       1
   57     211       1
   58     188       1
   59     174       1
   60     229       1
   61      89       1
   61      96       1
   61     265       1
   62     183       1
   62     217       1
   62     232       1
   62     263       1
   62     289       1
   63     111       1
   63     251       1
   64     112       1
   65     217       1
   66      95       1
   66     268       1
   67     137       1
   68     180       1
   68     197       1
   69      86       1
   69     163       1
   69     186       1
   71     160       1
   71     251       1
   73     276       1
   74     284       1
   75     245       1
   76     149       1
   77      81       1
   77     183       1
   77     221       1
   77     224       1
   78     101       1
   78     241       1
   78     289       1
   79     100       1
   80     164       1
   80     249       1
   81      84       1
   82     216       1
   84     194       1
   85     119       1
   85     213       1
   85     221       1
   86     143       1
   86     224       1
   87     217       1
   87     258       1
   88     155       1
   88     242       1
   90     177       1
   91     234       1
   91     269       1
   92     181       1
   92     190       1
   93      98       1
   93     282       1
   94     203       1
   94     248       1
   96     153       1
   97     218       1
   98     224       1
   98     271       1
   98     289       1
   99     182       1
  100     113       1
  100     168       1
  100     283       1
  101     241       1
  102     126       1
  103     113       1
  104     162       1
  106     236       1
  106     252       1
  107     254       1
  107     294       1
  108     155       1
  108     289       1
  109     245       1
  110     300       1
  111     245       1
  111     254       1
  111     268       1
  111     289       1
  112     127       1
  112     250       1
  112     273       1
  113     167       1
  113     201       1
  113     209       1
  115     279       1
  117     127       1
  117     148       1
  117     152       1
  117     154       1
  117     265       1
  117     269       1
  118     134       1
  118     160       1
  118     295       1
  120     242       1
  121     139       1
  121     179       1
  122     215       1
  124     132       1
  124     251       1
  125     158       1
  125     176       1
  125     209       1
  125     258       1
  127     161       1
  128     300       1
  129     167       1
  131     279       1
  132     222       1
  133     191       1
  133     196       1
  133     259       1
  137     166       1
  138     262       1
  139     141       1
  139     255       1
  139     275       1
  140     243       1
  141     190       1
  141     202       1
  142     227       1
  142     246       1
  143     168       1
  144     196       1
  144     231       1
  145     176       1
  145     218       1
  146     267       1
  146     282       1
  147     194       1
  147     209       1
  149     278       1
  150     239       1
  151     300       1
  154     171       1
  155     203       1
  157     217       1
  157     277       1
  158     172       1
  158     188       1
  160     174       1
  160     180       1
  160     281       1
  161     204       1
  162     190       1
  163     168       1
  164     224       1
  165     179       1
  166     181       1
  168     192       1
  168     247       1
  169     182       1
  170     183       1
  170     200       1
  170     213       1
  170     243       1
  170     250       1
  170     252       1
  172     244       1
  172     280       1
  173     178       1
  173     220       1
  173     224       1
  175     199       1
  176     203       1
  176     299       1
  177     281       1
  179     200       1
  180     248       1
  181     226       1
  182     300       1
  183     286       1
  184     194       1
  184     234       1
  185     229       1
  186     242       1
  188     206       1
  188     226       1
  189     286       1
  190     289       1
  191     207       1
  193     289       1
  194     300       1
  195     238       1
  197     276       1
  198     286       1
  200     262       1
  200     296       1
  201     219       1
  201     231       1
  201     268       1
  202     208       1
  202     240       1
  204     289       1
  205     278       1
  205     294       1
  207     260       1
  210     289       1
  211     224       1
  212     223       1
  214     279       1
  216     254       1
  217     248       1
  218     232       1
  219     229       1
  221     260       1
  222     238       1
  222     254       1
  223     254       1
  223     270       1
  224     233       1
  225     282       1
  226     253       1
  227     251       1
  228     247       1
  232     254       1
  237     286       1
  238     268       1
  238     294       1
  242     271       1
  244     246       1
  245     297       1
  247     258       1
  247     268       1
  247     272       1
  249     297       1
  255     287       1
  255     293       1
  256     268       1
  261     279       1
  264     300       1
  266     276       1
  268     291       1
  268     300       1
  279     298       1
  279     300       1
  292     296       1
