  200     266
    1      58       1
    1     132       1
    2     175       1
    3      28       1
    4      57       1
    4     133       1
    4     194       1
    5      76       1
    5     123       1
    5     162       1
    5     172       1
    6      29       1
    6      86       1
    7      58       1
    8      19       1
    9      69       1
    9     106       1
    9     188       1
   10      23       1
   10      62       1
   10     196       1
   11      50       1
   11     184       1
   12      13       1
   12     108       1
   12     117       1
   13      95       1
   13     175       1
   13     197       1
   14      64       1
   15     148       1
   16     161       1
   17      32       1
   17      66       1
   18      62       1
   18     176       1
   19      59       1
   19     137       1
   19     177       1
   20      26       1
   20      71       1
   20     129       1
   20     133       1
   20     146       1
   20     163       1
   21      71       1
   21     167       1
   21     169       1
   22      25       1
   22      52       1
   22      70       1
   22      77       1
   22      92       1
   22     108       1
   23     105       1
   23     114       1
   23     124       1
   23     130       1
   23     152       1
   24      32       1
   24     182       1
   25      35       1
   25     128       1
   25     174       1
   26      27       1
   26      85       1
   26     121       1
   27      49       1
   28      74       1
   29     126       1
   30     175       1
   30     184       1
   31      53       1
   31     128       1
   31     144       1
   32     159       1
   33      56       1
   33     154       1
   34     106       1
   36      52       1
   36     123       1
   36     156       1
   36     164       1
   37     158       1
   38      57       1
   38      63       1
   39      75       1
   40      48       1
   40      58       1
   41     139       1
   42      60       1
   43      56       1
   43      74       1
   43      92       1
   43     117       1
   43     164       1
   43     165       1
   43     187       1
   44      58       1
   45      60       1
   45     111       1
   45     164       1
   45     168       1
   45     187       1
   46      72       1
   46     116       1
   46     134       1
   47      59       1
   48     139       1
   48     152       1
   49      60       1
   50      56       1
   51      56       1
   51     119       1
   51     180       1
   53      59       1
   53      86       1
   53     197       1
   54      92       1
   54     104       1
   54     153       1
   54     195       1
   55     154       1
   55     185       1
   57      87       1
   58     146       1
   58     152       1
   58     169       1
   58     182       1
   58     187       1
   58     198       1
   59      65       1
   59     169       1
   61      95       1
   61     136       1
   62     171       1
   62     182       1
   64     162       1
   64     191       1
   65      85       1
   65     160       1
   67      80       1
   67     118       1
   68      90       1
   68      91       1
   68     143       1
   68     162       1
   69     144       1
   69     161       1
   70     170       1
   70     192       1
   72     107       1
   72     145       1
   72     179       1
   72     181       1
   73     117       1
   73     131       1
   75      88       1
   75     153       1
   75     199       1
   76     118       1
   77     195       1
   78     140       1
   78     160       1
   78     164       1
   78     193       1
   79      92       1
   79     194       1
   80     126       1
   81     109       1
   81     153       1
   82     120       1
   83      95       1
   83     120       1
   84     102       1
   84     152       1
   85     182       1
   86     165       1
   87     111       1
   87     120       1
   88      97       1
   88     101       1
   88     172       1
   89      92       1
   89     154       1
   92     121       1
   92     162       1
   92     186       1
   93     138       1
   94     125       1
   94     164       1
   94     183       1
   96     132       1
   96     195       1
   97     149       1
   98     132       1
   99     100       1
   99     133       1
  100     107       1
  101     154       1
  103     107       1
  103     125       1
  103     132       1
  103     136       1
  105     165       1
  105     189       1
  105     190       1
  106     199       1
  106     200       1
  108     139       1
  108     152       1
  109     180       1
  110     174       1
  111     153       1
  112     200       1
  113     156       1
  115     186       1
  116     122       1
  116     163       1
  117     173       1
  119     120       1
  119     127       1
  120     187       1
  121     140       1
  122     135       1
  122     172       1
  122     197       1
  123     193       1
  125     151       1
  126     164       1
  128     152       1
  129     170       1
  130     167       1
  132     187       1
  132     190       1
  136     192       1
  137     162       1
  138     172       1
  138     182       1
  140     149       1
  140     178       1
  141     148       1
  142     179       1
  145     186       1
  145     188       1
  146     148       1
  147     165       1
  147     173       1
  150     185       1
  150     192       1
  151     173       1
  155     172       1
  155     188       1
  157     170       1
  158     190       1
  159     165       1
  160     178       1
  160     197       1
  161     187       1
  162     199       1
  164     175       1
  165     176       1
  165     179       1
  166     186       1
  170     182       1
  185     199       1
