   50      85
    1       2       1
    1       5       1
    1       6       1
    2       6       1
    2       7       1
    2      37       1
    3       4       1
    3       7       1
    3      26       1
    3      45       1
    4      36       1
    5      45       1
    6      11       1
    6      16       1
    6      31       1
    7      18       1
    7      28       1
    7      29       1
    7      31       1
    8      10       1
    8      14       1
    8      30       1
    8      33       1
    9      14       1
    9      23       1
    9      34       1
    9      42       1
   10      15       1
   10      25       1
   11      18       1
   11      34       1
   11      43       1
   11      49       1
   12      27       1
   12      41       1
   13      19       1
   13      20       1
   13      47       1
   14      24       1
   14      43       1
   15      18       1
   15      46       1
   15      50       1
   16      22       1
   16      40       1
   17      18       1
   17      19       1
   17      35       1
   17      38       1
   17      48       1
   18      22       1
   18      23       1
   18      36       1
   19      41       1
   20      30       1
   20      33       1
   20      35       1
   20      41       1
   20      50       1
   21      29       1
   21      36       1
   22      25       1
   22      37       1
   22      38       1
   22      50       1
   25      35       1
   25      45       1
   26      49       1
   27      28       1
   27      39       1
   27      49       1
   28      32       1
   28      50       1
   29      44       1
   30      40       1
   33      36       1
   34      35       1
   34      39       1
   34      47       1
   35      46       1
   35      50       1
   39      40       1
   40      48       1
   43      50       1
   44      49       1
