  700     820
    1      22       1
    1     552       1
    2      25       1
    2     401       1
    3     124       1
    3     217       1
    3     369       1
    3     661       1
    4     412       1
    4     670       1
    5     347       1
    6     359       1
    7      30       1
    7     262       1
    7     537       1
    7     659       1
    8      57       1
    8     445       1
    8     624       1
    8     655       1
    8     694       1
    9     314       1
    9     362       1
   10     212       1
   10     447       1
   11      47       1
   11     187       1
   11     617       1
   11     625       1
   11     651       1
   12     336       1
   13     310       1
   13     463       1
   14      42       1
   14     599       1
   15     224       1
   15     428       1
   15     467       1
   15     533       1
   15     666       1
   16     266       1
   17     514       1
   17     538       1
   17     589       1
   18     281       1
   18     465       1
   19     259       1
   20     629       1
   21     184       1
   21     289       1
   22     182       1
   22     515       1
   22     690       1
   23     110       1
   23     590       1
   23     647       1
   24     137       1
   24     208       1
   26     173       1
   26     459       1
   26     467       1
   26     669       1
   27      70       1
   27     362       1
   27     422       1
   27     586       1
   28     162       1
   29     646       1
   30     625       1
   31     214       1
   31     344       1
   31     503       1
   32     699       1
   33      97       1
   33     192       1
   33     321       1
   33     380       1
   34      51       1
   34     114       1
   34     140       1
   35     237       1
   35     246       1
   35     259       1
   35     342       1
   36     327       1
   37     120       1
   38     570       1
   39     180       1
   39     570       1
   39     646       1
   39     689       1
   40     130       1
   40     532       1
   40     629       1
   41     500       1
   42     358       1
   43     265       1
   44     257       1
   45     517       1
   45     630       1
   46     287       1
   46     632       1
   48     252       1
   49     138       1
   50     598       1
   51     239       1
   51     379       1
   52     553       1
   53      87       1
   53     475       1
   54      72       1
   54     485       1
   54     524       1
   54     634       1
   54     689       1
   55     145       1
   56     383       1
   57      64       1
   57     127       1
   57     132       1
   57     428       1
   57     595       1
   57     650       1
   58     468       1
   58     495       1
   58     552       1
   58     651       1
   59      84       1
   59     295       1
   59     541       1
   60     592       1
   60     613       1
   61     117       1
   61     322       1
   61     428       1
   61     511       1
   61     611       1
   62      99       1
   62     423       1
   62     433       1
   63     538       1
   63     618       1
   65     301       1
   66     439       1
   66     529       1
   67     383       1
   67     399       1
   67     530       1
   68     488       1
   68     593       1
   68     620       1
   68     631       1
   68     642       1
   69     139       1
   70     358       1
   71     278       1
   72     293       1
   72     350       1
   73     526       1
   73     589       1
   74     345       1
   74     409       1
   75     592       1
   76     388       1
   76     691       1
   77     327       1
   78     631       1
   79     376       1
   79     425       1
   79     600       1
   80     374       1
   80     566       1
   81     391       1
   81     614       1
   82     176       1
   82     452       1
   82     503       1
   82     519       1
   82     523       1
   83     185       1
   83     230       1
   84     147       1
   84     209       1
   84     405       1
   84     462       1
   85     552       1
   86     485       1
   86     685       1
   87     117       1
   87     528       1
   88     232       1
   88     233       1
   88     452       1
   89     301       1
   89     478       1
   90     440       1
   90     533       1
   91     144       1
   92     219       1
   92     585       1
   93     133       1
   93     491       1
   93     593       1
   94     185       1
   95     644       1
   96     327       1
   97     268       1
   97     285       1
   97     428       1
   97     641       1
   98     645       1
  100     614       1
  101     318       1
  102     688       1
  103     415       1
  104     678       1
  105     497       1
  106     565       1
  107     598       1
  108     439       1
  108     552       1
  109     233       1
  111     288       1
  111     294       1
  111     319       1
  112     205       1
  112     376       1
  113     319       1
  113     596       1
  114     516       1
  114     693       1
  115     118       1
  115     463       1
  115     500       1
  115     582       1
  116     172       1
  116     612       1
  118     437       1
  119     361       1
  119     386       1
  120     127       1
  120     343       1
  121     205       1
  122     513       1
  122     659       1
  123     127       1
  123     243       1
  123     315       1
  123     330       1
  123     466       1
  123     560       1
  124     260       1
  124     621       1
  125     332       1
  125     460       1
  125     606       1
  125     627       1
  126     185       1
  127     479       1
  127     614       1
  128     144       1
  129     347       1
  130     235       1
  130     572       1
  130     634       1
  130     656       1
  131     562       1
  133     655       1
  134     672       1
  135     396       1
  135     533       1
  135     535       1
  135     615       1
  136     599       1
  137     172       1
  137     261       1
  138     421       1
  138     485       1
  138     667       1
  139     271       1
  139     280       1
  139     363       1
  139     365       1
  139     387       1
  139     406       1
  139     471       1
  139     516       1
  141     658       1
  141     682       1
  142     490       1
  142     672       1
  143     229       1
  143     421       1
  144     376       1
  144     403       1
  144     446       1
  144     470       1
  144     516       1
  144     580       1
  145     336       1
  145     458       1
  145     678       1
  146     331       1
  147     311       1
  148     250       1
  149     423       1
  149     674       1
  150     472       1
  151     240       1
  151     294       1
  151     351       1
  151     643       1
  151     685       1
  152     383       1
  153     290       1
  153     331       1
  154     642       1
  155     211       1
  155     524       1
  155     575       1
  156     583       1
  157     552       1
  158     359       1
  158     379       1
  159     420       1
  160     605       1
  161     243       1
  161     633       1
  162     308       1
  162     406       1
  163     246       1
  163     684       1
  164     319       1
  165     560       1
  166     186       1
  166     405       1
  167     306       1
  167     310       1
  167     340       1
  167     574       1
  167     585       1
  168     245       1
  168     248       1
  168     481       1
  168     633       1
  169     423       1
  169     588       1
  170     537       1
  170     662       1
  171     186       1
  171     353       1
  171     668       1
  172     406       1
  174     250       1
  174     251       1
  174     334       1
  174     559       1
  175     250       1
  175     335       1
  176     234       1
  177     347       1
  178     314       1
  179     333       1
  179     649       1
  180     215       1
  181     224       1
  181     506       1
  183     300       1
  185     217       1
  185     248       1
  185     372       1
  186     226       1
  186     347       1
  186     477       1
  186     546       1
  187     423       1
  188     369       1
  188     457       1
  189     291       1
  190     661       1
  191     390       1
  191     522       1
  191     648       1
  191     679       1
  192     298       1
  192     325       1
  193     249       1
  193     616       1
  194     445       1
  195     205       1
  196     679       1
  197     383       1
  198     478       1
  198     563       1
  199     247       1
  199     562       1
  199     678       1
  200     368       1
  201     533       1
  202     502       1
  203     419       1
  204     439       1
  206     223       1
  206     679       1
  207     452       1
  207     463       1
  208     373       1
  208     384       1
  208     501       1
  208     648       1
  209     548       1
  209     574       1
  209     675       1
  210     330       1
  212     640       1
  213     590       1
  214     475       1
  215     690       1
  216     673       1
  217     378       1
  217     434       1
  217     676       1
  218     672       1
  219     456       1
  219     469       1
  220     459       1
  221     578       1
  222     527       1
  222     632       1
  224     578       1
  224     667       1
  225     565       1
  225     585       1
  226     602       1
  226     612       1
  227     522       1
  227     643       1
  228     284       1
  229     238       1
  229     496       1
  230     645       1
  231     311       1
  231     316       1
  231     353       1
  232     519       1
  233     401       1
  233     402       1
  233     629       1
  233     680       1
  235     245       1
  235     507       1
  236     244       1
  238     499       1
  241     265       1
  242     420       1
  242     461       1
  242     497       1
  242     563       1
  243     493       1
  244     328       1
  244     405       1
  244     666       1
  246     692       1
  248     327       1
  248     648       1
  250     312       1
  250     339       1
  250     540       1
  250     546       1
  251     611       1
  252     359       1
  252     394       1
  253     499       1
  254     509       1
  255     278       1
  256     426       1
  256     623       1
  257     373       1
  257     602       1
  258     300       1
  259     672       1
  260     475       1
  261     678       1
  263     361       1
  263     462       1
  263     607       1
  264     313       1
  264     516       1
  265     435       1
  265     693       1
  266     326       1
  266     337       1
  266     423       1
  266     451       1
  266     642       1
  267     429       1
  267     529       1
  268     593       1
  268     651       1
  269     284       1
  270     576       1
  270     620       1
  272     472       1
  272     578       1
  273     515       1
  274     307       1
  274     376       1
  275     511       1
  276     353       1
  277     335       1
  278     536       1
  278     600       1
  279     524       1
  280     465       1
  281     286       1
  281     345       1
  281     414       1
  281     428       1
  281     500       1
  281     546       1
  281     556       1
  281     575       1
  282     412       1
  283     298       1
  283     367       1
  283     449       1
  284     320       1
  284     398       1
  284     602       1
  285     584       1
  287     459       1
  289     381       1
  289     429       1
  290     309       1
  290     580       1
  290     650       1
  291     550       1
  292     674       1
  293     487       1
  293     598       1
  294     307       1
  294     431       1
  294     475       1
  294     484       1
  294     587       1
  294     589       1
  295     435       1
  295     568       1
  295     644       1
  296     585       1
  297     662       1
  298     305       1
  298     413       1
  298     574       1
  299     405       1
  299     590       1
  300     308       1
  302     691       1
  303     307       1
  303     365       1
  304     342       1
  304     521       1
  304     636       1
  306     583       1
  308     408       1
  308     481       1
  308     547       1
  311     509       1
  312     356       1
  312     382       1
  315     594       1
  316     362       1
  316     392       1
  317     418       1
  318     628       1
  320     619       1
  322     444       1
  323     432       1
  323     493       1
  324     582       1
  324     686       1
  325     539       1
  327     395       1
  327     521       1
  328     455       1
  329     350       1
  330     366       1
  330     549       1
  332     500       1
  332     532       1
  332     565       1
  333     549       1
  334     665       1
  338     516       1
  339     698       1
  340     546       1
  341     654       1
  342     516       1
  342     598       1
  343     557       1
  343     651       1
  344     411       1
  345     405       1
  346     472       1
  348     417       1
  348     604       1
  349     660       1
  352     411       1
  352     663       1
  353     531       1
  354     470       1
  354     667       1
  355     628       1
  357     503       1
  357     512       1
  357     608       1
  358     687       1
  359     495       1
  359     589       1
  360     423       1
  361     423       1
  364     435       1
  364     665       1
  366     526       1
  366     665       1
  367     533       1
  367     609       1
  368     614       1
  369     520       1
  370     697       1
  371     456       1
  371     486       1
  371     495       1
  371     562       1
  372     592       1
  373     573       1
  374     575       1
  375     696       1
  376     577       1
  376     638       1
  377     438       1
  378     451       1
  380     505       1
  382     570       1
  382     688       1
  383     405       1
  383     606       1
  383     649       1
  385     447       1
  386     426       1
  389     557       1
  389     686       1
  390     391       1
  391     639       1
  392     447       1
  392     495       1
  392     678       1
  393     466       1
  394     564       1
  395     695       1
  397     623       1
  398     575       1
  399     627       1
  400     465       1
  400     597       1
  400     609       1
  404     492       1
  405     657       1
  405     663       1
  406     679       1
  407     642       1
  407     700       1
  408     482       1
  410     591       1
  410     645       1
  410     660       1
  412     440       1
  415     555       1
  416     504       1
  416     515       1
  418     438       1
  419     558       1
  421     424       1
  421     428       1
  421     442       1
  422     535       1
  422     696       1
  423     475       1
  426     603       1
  427     508       1
  427     616       1
  428     478       1
  428     515       1
  428     555       1
  428     616       1
  428     626       1
  429     687       1
  429     699       1
  430     451       1
  431     539       1
  432     614       1
  434     480       1
  436     682       1
  438     492       1
  438     497       1
  438     552       1
  439     457       1
  439     555       1
  439     660       1
  440     633       1
  441     604       1
  443     466       1
  443     489       1
  443     605       1
  444     610       1
  445     560       1
  446     523       1
  448     505       1
  448     585       1
  450     457       1
  451     467       1
  453     696       1
  454     579       1
  457     472       1
  457     671       1
  459     465       1
  459     580       1
  459     581       1
  464     684       1
  468     558       1
  471     677       1
  473     580       1
  474     587       1
  476     477       1
  478     523       1
  478     622       1
  478     684       1
  482     676       1
  483     648       1
  485     575       1
  491     605       1
  493     596       1
  494     562       1
  495     683       1
  498     610       1
  498     674       1
  499     553       1
  499     693       1
  500     566       1
  500     621       1
  501     615       1
  501     631       1
  502     563       1
  503     527       1
  503     567       1
  510     638       1
  511     580       1
  512     559       1
  513     558       1
  515     518       1
  516     542       1
  516     575       1
  516     592       1
  516     623       1
  516     679       1
  517     660       1
  518     605       1
  521     541       1
  521     581       1
  523     687       1
  524     525       1
  530     549       1
  530     570       1
  532     681       1
  534     663       1
  537     604       1
  538     697       1
  543     657       1
  544     623       1
  545     555       1
  546     583       1
  546     599       1
  550     609       1
  551     592       1
  554     609       1
  555     625       1
  555     660       1
  556     664       1
  561     654       1
  564     604       1
  566     589       1
  566     639       1
  566     673       1
  569     593       1
  571     573       1
  573     699       1
  575     652       1
  575     678       1
  578     662       1
  579     678       1
  589     682       1
  592     642       1
  592     646       1
  594     699       1
  598     691       1
  601     668       1
  611     635       1
  611     674       1
  613     693       1
  614     653       1
  617     673       1
  623     628       1
  627     663       1
  630     637       1
  639     654       1
  647     685       1
  666     682       1
  667     674       1
  668     688       1
  679     693       1
