  600     711
    1     442       1
    2      82       1
    2     132       1
    2     235       1
    3     243       1
    4     335       1
    5     522       1
    6     385       1
    7      24       1
    7     132       1
    7     226       1
    7     303       1
    7     339       1
    7     440       1
    8      48       1
    8     121       1
    8     164       1
    8     307       1
    8     355       1
    8     596       1
    9      95       1
    9     319       1
   10      40       1
   10     108       1
   10     179       1
   10     362       1
   10     494       1
   10     545       1
   10     573       1
   11     429       1
   12     416       1
   13     565       1
   14     436       1
   14     462       1
   15     122       1
   15     363       1
   15     372       1
   15     550       1
   15     559       1
   16      20       1
   16     163       1
   16     495       1
   17     181       1
   17     370       1
   17     532       1
   18      98       1
   18     139       1
   18     325       1
   18     370       1
   18     381       1
   19     126       1
   19     261       1
   19     590       1
   20     326       1
   20     356       1
   21     583       1
   22     392       1
   22     475       1
   23      47       1
   23     498       1
   24      41       1
   24     254       1
   25     279       1
   25     506       1
   25     543       1
   26     573       1
   27      67       1
   27     105       1
   27     112       1
   27     385       1
   27     565       1
   28     135       1
   28     289       1
   28     396       1
   29     360       1
   29     490       1
   30     367       1
   31     371       1
   32     196       1
   33     304       1
   34     462       1
   35      65       1
   35     277       1
   35     510       1
   36     334       1
   36     430       1
   37      40       1
   37     431       1
   37     451       1
   38     309       1
   38     320       1
   39     116       1
   39     460       1
   39     537       1
   40     288       1
   40     342       1
   40     411       1
   40     541       1
   40     547       1
   40     576       1
   42     468       1
   42     528       1
   43     350       1
   43     380       1
   43     404       1
   43     514       1
   44      50       1
   44     393       1
   44     431       1
   45     425       1
   46      88       1
   46     446       1
   46     476       1
   47     542       1
   48     143       1
   49     302       1
   50     137       1
   50     589       1
   51     447       1
   52     370       1
   52     460       1
   53     137       1
   54     313       1
   54     574       1
   55     370       1
   55     551       1
   56      98       1
   57     426       1
   57     525       1
   57     558       1
   58      72       1
   59     384       1
   59     449       1
   60     253       1
   60     383       1
   60     599       1
   61     256       1
   62     224       1
   62     400       1
   62     533       1
   63     500       1
   64     119       1
   64     573       1
   65     167       1
   65     475       1
   65     595       1
   66     149       1
   66     193       1
   66     302       1
   66     411       1
   66     505       1
   66     565       1
   67     293       1
   68     150       1
   69     162       1
   69     289       1
   69     377       1
   69     548       1
   70      94       1
   70     274       1
   71     442       1
   71     576       1
   72     417       1
   72     583       1
   73     216       1
   73     560       1
   74     395       1
   75     138       1
   75     247       1
   76     286       1
   76     494       1
   77     247       1
   78     489       1
   78     499       1
   79     273       1
   79     588       1
   80     321       1
   80     560       1
   81     102       1
   82     140       1
   82     178       1
   83     587       1
   84     108       1
   84     333       1
   85     410       1
   85     500       1
   85     558       1
   86     170       1
   86     464       1
   87     122       1
   88     351       1
   88     508       1
   89     245       1
   89     425       1
   90     165       1
   90     301       1
   91     244       1
   91     296       1
   92     121       1
   92     272       1
   93     191       1
   93     272       1
   93     599       1
   94     431       1
   96     159       1
   96     198       1
   97     357       1
   99     563       1
  100     389       1
  100     412       1
  100     475       1
  101     252       1
  101     334       1
  102     292       1
  103     587       1
  104     106       1
  104     108       1
  104     118       1
  104     146       1
  104     230       1
  104     245       1
  104     438       1
  104     511       1
  104     580       1
  107     163       1
  107     168       1
  107     356       1
  107     466       1
  107     513       1
  107     560       1
  108     272       1
  108     313       1
  108     475       1
  108     488       1
  108     567       1
  109     541       1
  110     131       1
  110     399       1
  111     247       1
  111     269       1
  111     345       1
  111     584       1
  113     245       1
  113     284       1
  113     391       1
  113     530       1
  113     588       1
  114     454       1
  115     321       1
  115     397       1
  116     250       1
  116     356       1
  116     438       1
  117     354       1
  118     217       1
  118     503       1
  118     525       1
  118     536       1
  118     539       1
  118     572       1
  119     330       1
  120     568       1
  123     445       1
  123     573       1
  124     254       1
  125     133       1
  126     225       1
  126     285       1
  127     419       1
  128     321       1
  128     328       1
  128     331       1
  128     435       1
  128     444       1
  128     529       1
  128     548       1
  129     440       1
  130     181       1
  130     569       1
  131     265       1
  131     437       1
  133     271       1
  133     319       1
  134     136       1
  136     200       1
  137     150       1
  137     151       1
  137     152       1
  137     231       1
  137     438       1
  138     520       1
  140     288       1
  140     504       1
  141     267       1
  142     346       1
  143     293       1
  144     167       1
  144     181       1
  144     208       1
  145     558       1
  146     237       1
  146     318       1
  147     445       1
  147     527       1
  148     164       1
  148     297       1
  148     472       1
  148     509       1
  150     187       1
  150     418       1
  153     292       1
  154     306       1
  155     527       1
  156     297       1
  156     585       1
  157     333       1
  157     548       1
  158     223       1
  158     238       1
  158     484       1
  158     541       1
  159     473       1
  160     289       1
  161     204       1
  161     441       1
  163     314       1
  164     475       1
  164     597       1
  165     263       1
  165     457       1
  165     469       1
  166     273       1
  167     322       1
  167     515       1
  168     413       1
  168     544       1
  169     315       1
  170     385       1
  171     203       1
  171     397       1
  172     316       1
  172     390       1
  172     575       1
  173     176       1
  174     425       1
  175     543       1
  175     569       1
  176     252       1
  176     339       1
  177     289       1
  177     346       1
  179     242       1
  179     574       1
  179     582       1
  180     318       1
  181     239       1
  181     390       1
  182     462       1
  182     594       1
  183     568       1
  184     521       1
  185     245       1
  185     583       1
  186     291       1
  186     433       1
  186     441       1
  186     571       1
  187     403       1
  188     211       1
  188     225       1
  188     304       1
  189     439       1
  190     461       1
  191     594       1
  192     399       1
  192     579       1
  193     366       1
  194     515       1
  195     357       1
  195     452       1
  196     406       1
  196     540       1
  197     386       1
  198     229       1
  198     233       1
  198     307       1
  198     339       1
  199     392       1
  199     586       1
  200     341       1
  200     583       1
  201     297       1
  202     288       1
  203     238       1
  203     562       1
  204     469       1
  205     390       1
  206     316       1
  206     394       1
  207     400       1
  207     439       1
  207     502       1
  209     384       1
  210     527       1
  212     401       1
  212     469       1
  213     349       1
  213     412       1
  214     271       1
  214     402       1
  215     599       1
  216     597       1
  217     241       1
  217     585       1
  218     327       1
  218     516       1
  218     527       1
  219     220       1
  220     354       1
  220     419       1
  220     498       1
  220     554       1
  220     563       1
  221     439       1
  222     247       1
  222     475       1
  223     239       1
  224     425       1
  225     489       1
  225     564       1
  225     589       1
  226     592       1
  227     434       1
  228     335       1
  228     402       1
  228     415       1
  228     501       1
  228     513       1
  229     407       1
  229     557       1
  230     344       1
  230     427       1
  230     471       1
  230     483       1
  232     338       1
  232     534       1
  233     452       1
  233     511       1
  233     563       1
  233     571       1
  234     569       1
  235     268       1
  236     440       1
  237     262       1
  238     526       1
  240     553       1
  243     473       1
  243     577       1
  244     580       1
  245     320       1
  245     460       1
  245     480       1
  246     447       1
  246     509       1
  247     571       1
  247     596       1
  248     271       1
  249     459       1
  250     392       1
  251     300       1
  251     404       1
  253     357       1
  254     455       1
  255     343       1
  255     539       1
  256     307       1
  257     315       1
  257     439       1
  258     590       1
  259     390       1
  260     302       1
  261     346       1
  262     321       1
  264     282       1
  264     328       1
  264     559       1
  266     389       1
  266     399       1
  267     272       1
  267     338       1
  267     494       1
  269     478       1
  270     438       1
  271     397       1
  271     500       1
  271     507       1
  271     562       1
  272     275       1
  272     432       1
  272     518       1
  273     538       1
  274     337       1
  276     338       1
  277     381       1
  277     418       1
  278     332       1
  278     336       1
  279     299       1
  280     299       1
  281     283       1
  281     576       1
  282     570       1
  284     497       1
  287     580       1
  288     414       1
  288     496       1
  290     352       1
  290     453       1
  291     503       1
  292     391       1
  294     299       1
  295     331       1
  295     560       1
  297     376       1
  298     576       1
  299     494       1
  302     513       1
  303     470       1
  304     385       1
  304     527       1
  305     490       1
  306     422       1
  306     495       1
  307     331       1
  307     573       1
  308     516       1
  310     517       1
  310     584       1
  311     358       1
  311     512       1
  312     556       1
  312     571       1
  313     447       1
  315     418       1
  316     456       1
  316     457       1
  317     402       1
  317     474       1
  318     406       1
  318     566       1
  320     374       1
  320     375       1
  320     408       1
  320     499       1
  320     549       1
  320     587       1
  323     587       1
  324     361       1
  324     366       1
  328     459       1
  329     500       1
  330     438       1
  330     440       1
  330     479       1
  330     565       1
  331     587       1
  332     584       1
  333     370       1
  334     513       1
  335     394       1
  336     542       1
  337     388       1
  337     471       1
  339     484       1
  340     373       1
  342     421       1
  342     523       1
  344     370       1
  344     497       1
  347     363       1
  347     458       1
  347     600       1
  348     466       1
  350     460       1
  351     418       1
  353     456       1
  353     568       1
  355     556       1
  356     539       1
  358     379       1
  358     399       1
  358     418       1
  358     438       1
  358     490       1
  359     402       1
  359     466       1
  360     481       1
  360     486       1
  360     528       1
  361     500       1
  362     470       1
  362     597       1
  363     504       1
  364     365       1
  364     420       1
  364     470       1
  364     551       1
  365     429       1
  365     463       1
  366     405       1
  366     587       1
  367     521       1
  368     379       1
  369     395       1
  371     484       1
  372     375       1
  372     519       1
  372     593       1
  373     418       1
  374     385       1
  375     521       1
  377     462       1
  378     444       1
  381     448       1
  381     465       1
  381     467       1
  382     516       1
  384     399       1
  384     482       1
  386     459       1
  387     489       1
  387     598       1
  388     537       1
  389     480       1
  389     531       1
  390     431       1
  391     492       1
  392     520       1
  392     586       1
  395     500       1
  397     436       1
  397     565       1
  398     533       1
  398     599       1
  403     460       1
  403     463       1
  405     414       1
  406     439       1
  407     498       1
  409     576       1
  410     454       1
  410     571       1
  411     416       1
  411     424       1
  413     464       1
  414     555       1
  418     569       1
  419     493       1
  423     514       1
  425     491       1
  426     580       1
  428     526       1
  434     538       1
  436     444       1
  438     510       1
  440     517       1
  443     505       1
  444     477       1
  444     540       1
  445     484       1
  446     474       1
  447     461       1
  448     450       1
  450     472       1
  450     567       1
  451     590       1
  452     534       1
  453     484       1
  456     578       1
  458     507       1
  459     469       1
  460     522       1
  460     590       1
  468     578       1
  469     500       1
  475     538       1
  479     580       1
  481     580       1
  485     600       1
  487     584       1
  496     553       1
  501     581       1
  503     526       1
  503     567       1
  506     596       1
  511     552       1
  512     529       1
  515     571       1
  522     568       1
  524     571       1
  524     584       1
  526     588       1
  535     596       1
  537     575       1
  539     565       1
  545     587       1
  546     565       1
  547     561       1
  547     572       1
  569     570       1
  580     591       1
