  200     266
    1      85       1
    2      14       1
    2     130       1
    3      91       1
    3     154       1
    4     113       1
    4     141       1
    4     145       1
    4     178       1
    4     192       1
    5      47       1
    5      51       1
    6      49       1
    6     153       1
    7      14       1
    7      65       1
    7     163       1
    7     169       1
    7     199       1
    8      61       1
    9      15       1
    9      88       1
    9     116       1
   10     117       1
   10     122       1
   11      57       1
   11     117       1
   11     144       1
   12     125       1
   13      63       1
   14      37       1
   14      45       1
   14      59       1
   14      63       1
   14      68       1
   14     149       1
   14     197       1
   16      33       1
   16     119       1
   17      19       1
   17      66       1
   17     179       1
   17     181       1
   18      37       1
   19     135       1
   20      46       1
   20      58       1
   20     133       1
   21      70       1
   21     123       1
   21     175       1
   22      83       1
   23      30       1
   23     131       1
   23     160       1
   24      57       1
   24      71       1
   24     109       1
   24     116       1
   24     153       1
   24     198       1
   25      69       1
   25     137       1
   26      89       1
   27      35       1
   27     162       1
   28      80       1
   28      90       1
   28     140       1
   28     141       1
   29      63       1
   31      62       1
   31     138       1
   31     150       1
   31     165       1
   32     120       1
   32     131       1
   32     133       1
   33      63       1
   33     179       1
   33     192       1
   34     110       1
   35     147       1
   35     175       1
   36      54       1
   36      56       1
   37      64       1
   37      66       1
   37     144       1
   38      69       1
   39     173       1
   40      97       1
   40     175       1
   41      96       1
   41     168       1
   42      45       1
   42      48       1
   42     179       1
   43     119       1
   43     188       1
   44     134       1
   44     143       1
   45      67       1
   45      88       1
   46      61       1
   46     136       1
   46     179       1
   47     135       1
   48     159       1
   49      69       1
   49     101       1
   49     148       1
   50      71       1
   50     170       1
   51      98       1
   51     163       1
   52     169       1
   53     104       1
   53     110       1
   53     115       1
   53     171       1
   53     200       1
   55      82       1
   55     170       1
   56      63       1
   56      85       1
   56     140       1
   56     178       1
   57      76       1
   57     105       1
   57     155       1
   59     137       1
   60      78       1
   60      84       1
   60     169       1
   61     118       1
   61     131       1
   61     134       1
   63      66       1
   63      69       1
   63     153       1
   63     175       1
   64     110       1
   66     166       1
   67     116       1
   70     105       1
   70     122       1
   70     155       1
   70     163       1
   70     184       1
   71      72       1
   71     166       1
   71     191       1
   71     195       1
   73     126       1
   73     147       1
   73     163       1
   73     174       1
   74      88       1
   74     129       1
   75      98       1
   75     115       1
   75     171       1
   75     192       1
   76      84       1
   77     118       1
   78     168       1
   78     175       1
   78     181       1
   79     168       1
   80     146       1
   80     153       1
   81      83       1
   82     196       1
   83      87       1
   83     149       1
   83     163       1
   83     172       1
   84     124       1
   84     152       1
   86     148       1
   87      95       1
   87     147       1
   89     170       1
   90      96       1
   90     135       1
   90     189       1
   91     117       1
   92     116       1
   92     176       1
   92     180       1
   93     120       1
   94     143       1
   95     143       1
   96     109       1
   96     131       1
   97     122       1
   97     185       1
   98     104       1
   98     147       1
   99     119       1
   99     172       1
  100     107       1
  101     104       1
  101     186       1
  102     160       1
  103     105       1
  105     111       1
  106     170       1
  107     135       1
  107     191       1
  108     148       1
  108     157       1
  109     139       1
  109     180       1
  111     121       1
  111     159       1
  112     182       1
  114     168       1
  117     132       1
  117     187       1
  119     120       1
  119     173       1
  122     197       1
  123     166       1
  124     165       1
  125     186       1
  126     131       1
  127     130       1
  128     196       1
  129     152       1
  131     148       1
  132     174       1
  134     170       1
  134     174       1
  135     156       1
  136     166       1
  142     154       1
  142     189       1
  143     182       1
  148     185       1
  151     164       1
  153     154       1
  153     168       1
  153     186       1
  153     200       1
  156     196       1
  158     194       1
  161     199       1
  161     200       1
  163     183       1
  164     167       1
  167     168       1
  168     184       1
  168     194       1
  169     177       1
  170     182       1
  172     176       1
  172     194       1
  173     187       1
  178     180       1
  180     188       1
  182     186       1
  184     199       1
  185     190       1
  193     195       1
