  100     144
    1      77       1
    1      79       1
    2       8       1
    2      40       1
    2      55       1
    2      76       1
    2      86       1
    3       6       1
    3      92       1
    3      96       1
    4      32       1
    4      79       1
    5      41       1
    5      69       1
    5      74       1
    6      15       1
    6      51       1
    7      68       1
    9      81       1
   10      16       1
   10      44       1
   10      57       1
   10      67       1
   11      28       1
   11      74       1
   12      51       1
   12      53       1
   13      43       1
   13      45       1
   13      84       1
   13      94       1
   14      16       1
   15      27       1
   15      65       1
   15      72       1
   15      86       1
   16      29       1
   16      80       1
   17      47       1
   18      54       1
   18      58       1
   19      47       1
   19      80       1
   19      97       1
   20      84       1
   21      25       1
   22      38       1
   22      57       1
   22      81       1
   22      99       1
   22     100       1
   23      67       1
   24      58       1
   24      73       1
   24      75       1
   25      37       1
   25      52       1
   25      70       1
   26      35       1
   26      59       1
   26      62       1
   26      68       1
   27      46       1
   27      60       1
   27      99       1
   28      35       1
   28      77       1
   28      87       1
   29      39       1
   29      69       1
   30      65       1
   30      67       1
   30      68       1
   31      43       1
   31      99       1
   32      37       1
   32      57       1
   32      68       1
   33      80       1
   33      95       1
   34      56       1
   35      57       1
   35      81       1
   36      76       1
   37      71       1
   39      49       1
   39      92       1
   40      50       1
   41      50       1
   41      55       1
   41      61       1
   41      72       1
   41      85       1
   41      98       1
   42      69       1
   42      73       1
   46      57       1
   47      68       1
   47      84       1
   48      64       1
   49      54       1
   49      62       1
   50      56       1
   52      87       1
   53      57       1
   53      67       1
   55      89       1
   56      76       1
   56      85       1
   56      98       1
   57      58       1
   57      59       1
   57      68       1
   57      72       1
   62      70       1
   62      84       1
   63      72       1
   64      71       1
   64      84       1
   66      84       1
   67      70       1
   67      75       1
   69      93       1
   70      76       1
   70      79       1
   72      76       1
   72      80       1
   72      86       1
   73      80       1
   74      87       1
   74      91       1
   77      87       1
   78      87       1
   79      90       1
   80      82       1
   80      87       1
   80      97       1
   81      90       1
   82      83       1
   84      88       1
   87      96       1
   89      91       1
   89      94       1
   98     100       1
