  800     929
    1     139       1
    2     269       1
    2     634       1
    2     772       1
    2     795       1
    3     540       1
    4      71       1
    4     406       1
    5     207       1
    5     549       1
    5     776       1
    6     669       1
    7      31       1
    7      86       1
    7     126       1
    7     136       1
    7     412       1
    7     565       1
    7     770       1
    8      77       1
    8     272       1
    8     626       1
    9     634       1
   10     156       1
   10     382       1
   10     522       1
   10     650       1
   10     714       1
   11     470       1
   11     651       1
   12     185       1
   12     297       1
   13      38       1
   13     786       1
   14     381       1
   14     800       1
   15     412       1
   15     602       1
   16      70       1
   16     170       1
   16     589       1
   17     129       1
   17     517       1
   18      78       1
   18     561       1
   19      56       1
   19     174       1
   20      37       1
   20     280       1
   20     323       1
   20     518       1
   20     589       1
   20     798       1
   21     150       1
   21     750       1
   22      88       1
   22     289       1
   22     696       1
   22     729       1
   23      54       1
   23      80       1
   23     362       1
   23     451       1
   23     772       1
   23     775       1
   24     520       1
   24     629       1
   25     272       1
   26     608       1
   26     627       1
   27     383       1
   27     503       1
   27     688       1
   28     565       1
   29     369       1
   29     744       1
   30     778       1
   31     127       1
   31     377       1
   31     442       1
   31     582       1
   31     701       1
   31     753       1
   32     392       1
   32     503       1
   33     727       1
   34     401       1
   34     555       1
   35     250       1
   35     424       1
   36     135       1
   38     188       1
   38     372       1
   39     532       1
   40     351       1
   40     398       1
   40     407       1
   40     559       1
   40     693       1
   40     795       1
   41     421       1
   42     316       1
   42     765       1
   43      44       1
   43     401       1
   43     540       1
   44     185       1
   44     252       1
   44     678       1
   44     787       1
   45     708       1
   46     698       1
   47     630       1
   48     541       1
   49     360       1
   49     459       1
   49     471       1
   50     701       1
   51     690       1
   52      57       1
   52     356       1
   52     642       1
   53     741       1
   53     773       1
   54      85       1
   54     150       1
   54     360       1
   54     582       1
   55     194       1
   55     402       1
   55     488       1
   55     724       1
   56     155       1
   57     524       1
   58     149       1
   58     188       1
   59     209       1
   59     469       1
   60     697       1
   60     730       1
   61     425       1
   62     238       1
   63     611       1
   64     163       1
   65     466       1
   65     626       1
   66     360       1
   67     544       1
   68     183       1
   68     492       1
   69     167       1
   69     421       1
   69     788       1
   71     360       1
   72     100       1
   72     187       1
   72     297       1
   72     450       1
   72     728       1
   72     783       1
   73     152       1
   73     175       1
   73     443       1
   73     483       1
   73     547       1
   73     774       1
   74     185       1
   75     461       1
   75     540       1
   76     104       1
   76     582       1
   76     627       1
   77     344       1
   78     128       1
   79     518       1
   80     354       1
   80     643       1
   80     759       1
   81     359       1
   82     489       1
   82     557       1
   83     508       1
   83     750       1
   84     243       1
   84     472       1
   85     122       1
   85     248       1
   85     293       1
   86     311       1
   87     174       1
   87     181       1
   87     300       1
   87     559       1
   87     643       1
   87     777       1
   88     155       1
   88     333       1
   89     603       1
   90     316       1
   91     290       1
   92     591       1
   93     105       1
   93     124       1
   93     318       1
   93     692       1
   94     453       1
   94     795       1
   95     124       1
   95     564       1
   96     635       1
   97     213       1
   98     693       1
   99     745       1
  101     204       1
  101     611       1
  101     662       1
  102     218       1
  102     557       1
  102     566       1
  102     628       1
  103     539       1
  103     578       1
  103     768       1
  103     793       1
  105     266       1
  105     536       1
  105     764       1
  106     192       1
  106     380       1
  106     544       1
  106     588       1
  106     690       1
  107     182       1
  107     206       1
  107     297       1
  107     332       1
  107     426       1
  107     602       1
  108     642       1
  108     772       1
  109     150       1
  109     198       1
  109     496       1
  109     551       1
  109     784       1
  110     669       1
  111     750       1
  112     519       1
  113     159       1
  113     222       1
  113     569       1
  113     705       1
  114     119       1
  114     305       1
  115     250       1
  116     526       1
  117     314       1
  118     224       1
  118     235       1
  118     261       1
  119     429       1
  120     210       1
  120     281       1
  121     748       1
  122     279       1
  123     345       1
  124     282       1
  125     784       1
  127     326       1
  128     295       1
  128     348       1
  128     495       1
  128     622       1
  128     778       1
  128     786       1
  129     562       1
  129     629       1
  130     491       1
  130     528       1
  131     365       1
  131     544       1
  131     559       1
  131     783       1
  132     309       1
  132     615       1
  133     777       1
  134     184       1
  135     444       1
  137     509       1
  138     301       1
  139     571       1
  139     696       1
  139     725       1
  140     162       1
  140     174       1
  140     281       1
  140     644       1
  141     576       1
  142     189       1
  142     611       1
  143     509       1
  143     565       1
  143     697       1
  144     563       1
  145     487       1
  145     638       1
  145     703       1
  146     743       1
  147     691       1
  148     746       1
  149     373       1
  149     633       1
  149     641       1
  149     707       1
  150     158       1
  150     160       1
  150     243       1
  150     480       1
  150     505       1
  150     559       1
  150     677       1
  150     733       1
  150     764       1
  151     491       1
  152     327       1
  152     573       1
  153     409       1
  154     182       1
  156     255       1
  156     518       1
  157     413       1
  157     690       1
  158     660       1
  159     539       1
  160     635       1
  160     726       1
  161     184       1
  161     241       1
  161     594       1
  161     625       1
  161     790       1
  162     733       1
  163     767       1
  164     458       1
  165     261       1
  166     252       1
  167     501       1
  167     533       1
  167     568       1
  167     582       1
  167     638       1
  168     189       1
  169     366       1
  170     322       1
  171     203       1
  172     195       1
  172     231       1
  172     262       1
  172     328       1
  172     422       1
  172     677       1
  173     248       1
  173     294       1
  174     718       1
  176     536       1
  176     630       1
  177     504       1
  178     445       1
  178     655       1
  179     474       1
  180     215       1
  181     586       1
  182     288       1
  182     535       1
  182     765       1
  183     232       1
  184     213       1
  184     270       1
  184     507       1
  184     556       1
  184     789       1
  185     257       1
  185     457       1
  185     696       1
  186     670       1
  188     257       1
  188     469       1
  188     496       1
  188     515       1
  189     386       1
  190     299       1
  190     395       1
  190     593       1
  190     674       1
  191     293       1
  191     717       1
  192     461       1
  192     672       1
  193     250       1
  193     378       1
  194     245       1
  194     426       1
  196     367       1
  196     700       1
  197     329       1
  198     333       1
  198     389       1
  198     757       1
  199     468       1
  199     680       1
  200     285       1
  200     613       1
  200     754       1
  201     564       1
  202     316       1
  202     386       1
  202     444       1
  202     518       1
  202     692       1
  203     353       1
  203     497       1
  204     682       1
  205     393       1
  205     561       1
  205     582       1
  206     271       1
  207     780       1
  208     297       1
  210     317       1
  210     555       1
  211     438       1
  211     622       1
  212     657       1
  212     722       1
  212     761       1
  213     424       1
  214     269       1
  215     347       1
  215     358       1
  215     576       1
  215     687       1
  216     413       1
  217     397       1
  217     474       1
  217     724       1
  218     444       1
  218     766       1
  219     660       1
  219     721       1
  219     749       1
  220     313       1
  220     626       1
  221     751       1
  222     704       1
  222     738       1
  223     534       1
  225     528       1
  226     420       1
  227     634       1
  228     770       1
  229     581       1
  229     587       1
  230     298       1
  230     384       1
  230     420       1
  230     431       1
  230     483       1
  230     505       1
  230     735       1
  233     297       1
  233     489       1
  234     297       1
  234     360       1
  234     611       1
  235     357       1
  236     287       1
  236     304       1
  237     245       1
  237     507       1
  237     585       1
  238     254       1
  238     718       1
  238     751       1
  239     398       1
  240     743       1
  241     614       1
  242     556       1
  243     557       1
  244     327       1
  246     360       1
  247     492       1
  247     560       1
  247     653       1
  249     401       1
  249     437       1
  249     462       1
  249     519       1
  249     677       1
  249     724       1
  249     779       1
  250     449       1
  250     542       1
  251     317       1
  252     307       1
  253     634       1
  253     747       1
  254     292       1
  254     746       1
  254     771       1
  256     519       1
  257     502       1
  258     391       1
  258     460       1
  259     552       1
  260     516       1
  260     517       1
  260     737       1
  261     536       1
  263     484       1
  263     541       1
  263     551       1
  264     582       1
  265     418       1
  265     423       1
  265     449       1
  265     531       1
  265     664       1
  267     461       1
  267     640       1
  268     429       1
  270     341       1
  270     769       1
  271     412       1
  271     444       1
  273     367       1
  273     469       1
  274     527       1
  275     510       1
  275     576       1
  276     754       1
  277     540       1
  277     544       1
  278     630       1
  279     698       1
  280     448       1
  280     470       1
  281     349       1
  282     338       1
  282     521       1
  283     731       1
  284     564       1
  285     465       1
  285     720       1
  285     754       1
  286     360       1
  286     464       1
  287     499       1
  289     437       1
  289     496       1
  289     609       1
  290     357       1
  291     638       1
  291     649       1
  292     301       1
  293     530       1
  295     607       1
  295     657       1
  296     519       1
  297     423       1
  297     504       1
  300     560       1
  300     578       1
  301     760       1
  302     536       1
  302     731       1
  303     493       1
  303     743       1
  304     537       1
  305     417       1
  306     336       1
  306     548       1
  307     612       1
  307     711       1
  308     590       1
  310     624       1
  310     783       1
  311     722       1
  312     609       1
  313     548       1
  314     564       1
  314     611       1
  314     670       1
  315     360       1
  315     623       1
  316     558       1
  317     780       1
  318     458       1
  318     690       1
  318     749       1
  319     509       1
  320     412       1
  320     617       1
  321     577       1
  322     468       1
  323     559       1
  324     426       1
  325     761       1
  327     468       1
  327     596       1
  329     731       1
  330     549       1
  331     779       1
  332     390       1
  332     506       1
  334     547       1
  334     745       1
  335     644       1
  336     508       1
  336     584       1
  336     785       1
  337     343       1
  337     727       1
  339     731       1
  340     506       1
  342     733       1
  343     407       1
  345     725       1
  346     797       1
  347     376       1
  347     551       1
  348     352       1
  348     405       1
  348     575       1
  350     411       1
  350     557       1
  350     717       1
  352     452       1
  353     409       1
  353     629       1
  353     755       1
  355     658       1
  356     536       1
  357     481       1
  358     366       1
  358     374       1
  358     734       1
  358     776       1
  359     490       1
  360     421       1
  360     468       1
  361     579       1
  361     601       1
  361     649       1
  362     534       1
  362     769       1
  363     446       1
  363     506       1
  363     536       1
  363     728       1
  364     751       1
  365     383       1
  366     564       1
  368     510       1
  369     616       1
  369     749       1
  370     597       1
  370     599       1
  370     740       1
  371     700       1
  372     787       1
  373     494       1
  373     731       1
  373     795       1
  374     647       1
  375     626       1
  375     661       1
  376     661       1
  376     689       1
  377     586       1
  378     432       1
  378     611       1
  379     746       1
  380     614       1
  381     664       1
  384     799       1
  385     395       1
  385     552       1
  386     451       1
  386     668       1
  387     396       1
  387     475       1
  387     485       1
  387     597       1
  387     610       1
  388     419       1
  388     478       1
  388     573       1
  392     634       1
  392     671       1
  393     715       1
  394     634       1
  395     631       1
  396     529       1
  399     525       1
  400     565       1
  403     758       1
  404     495       1
  406     424       1
  407     479       1
  407     791       1
  408     633       1
  409     462       1
  409     551       1
  409     633       1
  410     557       1
  412     792       1
  413     679       1
  413     786       1
  414     646       1
  415     677       1
  416     601       1
  417     582       1
  417     591       1
  417     761       1
  420     481       1
  420     527       1
  420     792       1
  421     508       1
  421     684       1
  421     797       1
  423     741       1
  425     634       1
  425     681       1
  426     494       1
  427     537       1
  427     658       1
  428     616       1
  428     688       1
  429     756       1
  430     725       1
  433     702       1
  434     505       1
  434     663       1
  434     780       1
  435     723       1
  436     663       1
  437     563       1
  438     765       1
  439     749       1
  440     723       1
  440     743       1
  441     584       1
  443     518       1
  445     576       1
  447     625       1
  447     673       1
  447     701       1
  451     496       1
  454     554       1
  455     745       1
  456     485       1
  457     770       1
  458     557       1
  458     624       1
  459     788       1
  460     650       1
  461     583       1
  463     516       1
  464     726       1
  464     771       1
  466     572       1
  466     745       1
  467     765       1
  468     599       1
  469     567       1
  469     786       1
  470     553       1
  470     645       1
  470     708       1
  470     763       1
  473     485       1
  475     574       1
  476     603       1
  477     532       1
  477     545       1
  477     603       1
  478     733       1
  480     537       1
  482     800       1
  483     674       1
  484     676       1
  484     719       1
  485     546       1
  485     615       1
  486     605       1
  486     665       1
  486     706       1
  487     716       1
  488     752       1
  490     733       1
  491     539       1
  492     631       1
  492     710       1
  495     736       1
  498     757       1
  499     510       1
  500     749       1
  505     546       1
  505     665       1
  505     727       1
  508     604       1
  508     619       1
  508     710       1
  509     688       1
  511     680       1
  512     737       1
  513     551       1
  513     765       1
  514     554       1
  514     715       1
  515     800       1
  516     551       1
  516     620       1
  516     706       1
  518     754       1
  519     631       1
  521     597       1
  521     800       1
  523     692       1
  525     621       1
  525     696       1
  526     551       1
  534     622       1
  536     675       1
  538     657       1
  538     726       1
  543     551       1
  546     626       1
  549     645       1
  550     763       1
  551     782       1
  554     631       1
  560     632       1
  560     767       1
  560     793       1
  563     617       1
  569     656       1
  570     700       1
  570     718       1
  574     662       1
  576     631       1
  577     598       1
  577     764       1
  580     625       1
  580     641       1
  581     775       1
  582     640       1
  584     738       1
  585     708       1
  588     646       1
  590     654       1
  591     612       1
  592     754       1
  595     792       1
  597     686       1
  597     748       1
  600     762       1
  600     772       1
  601     717       1
  603     651       1
  606     746       1
  606     796       1
  613     714       1
  618     641       1
  619     758       1
  626     791       1
  629     780       1
  631     662       1
  631     724       1
  634     688       1
  634     754       1
  636     699       1
  637     696       1
  639     730       1
  640     695       1
  642     739       1
  642     744       1
  643     667       1
  648     718       1
  648     756       1
  649     704       1
  652     716       1
  654     727       1
  654     748       1
  658     783       1
  659     731       1
  662     742       1
  663     699       1
  665     691       1
  666     728       1
  668     732       1
  669     772       1
  670     800       1
  671     768       1
  678     724       1
  680     794       1
  683     724       1
  685     772       1
  688     723       1
  693     737       1
  694     716       1
  695     716       1
  695     756       1
  697     768       1
  702     772       1
  704     769       1
  709     723       1
  712     727       1
  713     729       1
  721     772       1
  723     724       1
  729     781       1
  730     787       1
  733     735       1
  736     775       1
  741     789       1
  745     777       1
  757     760       1
  763     775       1
