  200     266
    1      99       1
    2      28       1
    2     118       1
    3      39       1
    3      50       1
    3      98       1
    3     102       1
    3     106       1
    3     188       1
    4      79       1
    4      82       1
    4     157       1
    5     196       1
    6     139       1
    7      63       1
    7     116       1
    7     138       1
    8      51       1
    9      19       1
   10     147       1
   10     181       1
   11      86       1
   11     147       1
   12     154       1
   13      36       1
   13     112       1
   13     137       1
   14     170       1
   15      29       1
   15      82       1
   15     121       1
   15     122       1
   16      31       1
   16     167       1
   17      38       1
   17      58       1
   18      38       1
   18      50       1
   18      91       1
   18     128       1
   18     157       1
   19      20       1
   19     104       1
   19     112       1
   20     124       1
   21     105       1
   21     177       1
   22      51       1
   22      95       1
   23      85       1
   23     119       1
   24     114       1
   24     186       1
   25     162       1
   26      72       1
   26     163       1
   26     189       1
   27     105       1
   27     132       1
   27     139       1
   27     163       1
   28      87       1
   28     147       1
   29      30       1
   29      93       1
   29     150       1
   29     184       1
   30     112       1
   31     166       1
   32      55       1
   32      79       1
   32      94       1
   32     119       1
   32     124       1
   32     153       1
   33      57       1
   33      63       1
   33     113       1
   33     121       1
   34      53       1
   34      84       1
   34     100       1
   35      57       1
   35     130       1
   36      57       1
   36      79       1
   36      93       1
   36     181       1
   37      42       1
   37     101       1
   37     146       1
   38      55       1
   38      77       1
   38      99       1
   38     150       1
   39     145       1
   40     181       1
   40     189       1
   41      92       1
   41     116       1
   42     159       1
   42     166       1
   43     200       1
   44     184       1
   45      78       1
   45     117       1
   46     122       1
   47      84       1
   48     172       1
   49      79       1
   49     108       1
   49     128       1
   51     194       1
   52     100       1
   52     197       1
   54     165       1
   54     171       1
   55     137       1
   56     136       1
   59     116       1
   60     156       1
   60     190       1
   60     194       1
   60     198       1
   61      64       1
   61      74       1
   61     146       1
   61     173       1
   62      96       1
   63      91       1
   64     126       1
   64     137       1
   65     131       1
   65     190       1
   66     159       1
   67     120       1
   68     158       1
   68     169       1
   69      80       1
   69     141       1
   70     139       1
   70     177       1
   71     159       1
   73     168       1
   74     118       1
   74     142       1
   74     164       1
   75      96       1
   75     144       1
   76     122       1
   77      80       1
   77     134       1
   77     187       1
   77     197       1
   78     111       1
   78     163       1
   79     141       1
   79     160       1
   81     149       1
   81     168       1
   83      88       1
   83     161       1
   84      95       1
   85     171       1
   85     172       1
   86     177       1
   87     172       1
   88      99       1
   88     194       1
   89      99       1
   89     173       1
   89     178       1
   90     108       1
   90     191       1
   93      96       1
   93     172       1
   93     177       1
   93     190       1
   95     161       1
   95     166       1
   95     173       1
   96     167       1
   97     117       1
   97     133       1
   97     149       1
   97     162       1
   98     151       1
   98     152       1
   98     168       1
   99     112       1
   99     139       1
  100     185       1
  101     108       1
  101     182       1
  102     116       1
  102     187       1
  103     155       1
  103     172       1
  105     124       1
  107     141       1
  107     175       1
  109     121       1
  109     168       1
  110     150       1
  111     193       1
  112     129       1
  113     177       1
  114     182       1
  115     129       1
  115     145       1
  116     185       1
  117     170       1
  118     145       1
  118     168       1
  119     122       1
  120     141       1
  120     151       1
  120     173       1
  120     192       1
  121     131       1
  122     163       1
  123     136       1
  123     176       1
  124     163       1
  125     142       1
  125     148       1
  127     179       1
  127     198       1
  128     139       1
  130     139       1
  130     180       1
  130     191       1
  132     166       1
  135     160       1
  135     184       1
  136     138       1
  136     191       1
  136     196       1
  137     145       1
  138     180       1
  139     197       1
  140     191       1
  142     165       1
  142     183       1
  143     163       1
  143     181       1
  147     155       1
  147     158       1
  147     172       1
  147     179       1
  148     177       1
  154     164       1
  154     199       1
  156     188       1
  157     162       1
  161     162       1
  167     195       1
  168     200       1
  170     173       1
  170     186       1
  170     188       1
  173     176       1
  173     190       1
  174     191       1
  178     200       1
  190     200       1
