  200     266
    1      64       1
    1      71       1
    1     133       1
    1     149       1
    2     126       1
    3     197       1
    4       9       1
    5      16       1
    6      30       1
    6      79       1
    7      38       1
    7     138       1
    8      64       1
    8      91       1
    8     102       1
    9     141       1
    9     175       1
   10     101       1
   10     111       1
   10     190       1
   11      98       1
   12     130       1
   12     174       1
   13      40       1
   13      46       1
   13      49       1
   13      79       1
   13     155       1
   14      25       1
   14     109       1
   14     145       1
   14     158       1
   15     115       1
   15     133       1
   16     132       1
   16     160       1
   17      53       1
   17      85       1
   17     195       1
   18      80       1
   18     141       1
   19     165       1
   20     127       1
   21     125       1
   21     144       1
   22      91       1
   23     117       1
   23     197       1
   24     119       1
   24     127       1
   26      51       1
   26     156       1
   27      34       1
   27     108       1
   28      37       1
   28      38       1
   29      75       1
   29     112       1
   30     118       1
   30     143       1
   30     170       1
   30     177       1
   31      89       1
   31     183       1
   32      54       1
   32      70       1
   32     155       1
   32     186       1
   32     189       1
   33      37       1
   33      61       1
   34      98       1
   34     120       1
   34     197       1
   35     187       1
   35     196       1
   36      56       1
   37      42       1
   37      58       1
   37     115       1
   37     149       1
   37     167       1
   37     176       1
   38     151       1
   39      83       1
   40     127       1
   41      56       1
   41      84       1
   41     120       1
   41     173       1
   42      60       1
   42     125       1
   43     168       1
   44     191       1
   45     157       1
   46      50       1
   47     113       1
   48     101       1
   49      87       1
   49     109       1
   49     145       1
   49     169       1
   50      62       1
   50     172       1
   51     167       1
   52      71       1
   52      87       1
   52     156       1
   53      59       1
   53      79       1
   53      87       1
   53     126       1
   53     171       1
   54     152       1
   55     189       1
   56     163       1
   56     190       1
   57     111       1
   59      68       1
   60      91       1
   60     166       1
   62      63       1
   63      91       1
   63     113       1
   63     126       1
   63     134       1
   63     154       1
   63     194       1
   64     111       1
   64     116       1
   64     147       1
   64     186       1
   65      71       1
   66     104       1
   66     178       1
   66     185       1
   67      99       1
   67     123       1
   68      88       1
   68     125       1
   68     128       1
   68     153       1
   68     185       1
   69     112       1
   70     144       1
   72     155       1
   72     192       1
   73     186       1
   73     191       1
   73     193       1
   74     167       1
   75      93       1
   75     151       1
   76     130       1
   76     135       1
   77     141       1
   77     164       1
   78     138       1
   78     193       1
   79     104       1
   79     157       1
   79     165       1
   79     184       1
   80      94       1
   81     106       1
   81     186       1
   82     132       1
   82     148       1
   83     105       1
   84     136       1
   84     172       1
   85     103       1
   85     127       1
   85     132       1
   85     186       1
   86      94       1
   86     173       1
   87     101       1
   87     119       1
   87     120       1
   88     141       1
   89     165       1
   90     157       1
   91     180       1
   92     177       1
   93     178       1
   93     182       1
   94     134       1
   94     153       1
   94     165       1
   95     177       1
   96     102       1
   97     123       1
   98     106       1
  100     139       1
  101     136       1
  102     107       1
  103     110       1
  103     141       1
  103     191       1
  104     174       1
  105     121       1
  105     190       1
  106     139       1
  112     195       1
  114     199       1
  115     144       1
  117     142       1
  117     168       1
  118     145       1
  120     123       1
  120     128       1
  122     136       1
  122     151       1
  122     171       1
  124     178       1
  125     150       1
  126     150       1
  126     176       1
  126     182       1
  127     155       1
  129     171       1
  129     199       1
  130     138       1
  131     158       1
  132     163       1
  134     158       1
  135     157       1
  137     146       1
  137     168       1
  139     141       1
  139     167       1
  139     176       1
  139     187       1
  139     189       1
  140     176       1
  144     188       1
  146     161       1
  146     178       1
  147     190       1
  148     159       1
  148     186       1
  153     157       1
  154     178       1
  155     177       1
  155     195       1
  156     170       1
  159     179       1
  160     177       1
  160     190       1
  160     192       1
  161     165       1
  161     179       1
  161     200       1
  162     194       1
  165     170       1
  166     175       1
  168     194       1
  168     198       1
  171     194       1
  177     200       1
  180     181       1
  184     185       1
  188     200       1
  190     195       1
  192     197       1
