  500     602
    1     180       1
    2     317       1
    2     454       1
    3      82       1
    3     260       1
    4      87       1
    4     147       1
    4     153       1
    4     299       1
    4     393       1
    4     426       1
    5     184       1
    6      34       1
    7     318       1
    7     370       1
    8      49       1
    8     132       1
    9      45       1
    9      80       1
    9     190       1
    9     193       1
    9     388       1
   10     129       1
   10     166       1
   10     197       1
   11     263       1
   11     287       1
   11     371       1
   12     109       1
   13      55       1
   13     201       1
   13     371       1
   14      53       1
   14     408       1
   15     327       1
   16     183       1
   16     269       1
   17      33       1
   18     164       1
   18     395       1
   18     411       1
   19     173       1
   19     306       1
   19     412       1
   20     124       1
   20     465       1
   21      84       1
   22     313       1
   23      48       1
   23     185       1
   23     435       1
   24     159       1
   24     322       1
   25     294       1
   25     481       1
   26     267       1
   26     441       1
   27     419       1
   27     479       1
   28     427       1
   29     195       1
   29     224       1
   29     279       1
   29     365       1
   29     454       1
   30      32       1
   30     134       1
   30     180       1
   30     304       1
   30     324       1
   31     235       1
   32      50       1
   32      73       1
   32     214       1
   32     344       1
   32     431       1
   33     287       1
   33     317       1
   33     328       1
   33     459       1
   34      45       1
   34     141       1
   34     394       1
   35     200       1
   35     480       1
   36     152       1
   36     279       1
   36     339       1
   36     345       1
   36     358       1
   37      47       1
   37      80       1
   37     491       1
   38     328       1
   39     312       1
   39     401       1
   40      65       1
   40      77       1
   40     114       1
   40     131       1
   40     181       1
   41     142       1
   41     354       1
   41     362       1
   41     480       1
   42      78       1
   42     137       1
   42     308       1
   43     191       1
   43     397       1
   44     125       1
   44     131       1
   44     174       1
   44     389       1
   45     441       1
   46     216       1
   47     167       1
   48      57       1
   48     114       1
   48     222       1
   51     181       1
   52     252       1
   53     287       1
   54     223       1
   54     257       1
   54     272       1
   54     327       1
   54     450       1
   56     195       1
   56     314       1
   57     339       1
   58     320       1
   58     332       1
   58     441       1
   59     289       1
   59     493       1
   60     236       1
   60     261       1
   60     269       1
   60     338       1
   60     480       1
   61     261       1
   61     457       1
   62     490       1
   63     123       1
   64     352       1
   64     418       1
   64     420       1
   64     492       1
   65     182       1
   65     384       1
   65     448       1
   65     458       1
   65     480       1
   65     489       1
   66     206       1
   66     355       1
   66     415       1
   66     482       1
   67     180       1
   68     158       1
   68     336       1
   69     144       1
   69     176       1
   69     461       1
   70     221       1
   71     341       1
   72     382       1
   72     402       1
   72     466       1
   73     258       1
   74     263       1
   75     481       1
   76     310       1
   79     147       1
   81     137       1
   81     167       1
   81     387       1
   81     436       1
   82     210       1
   83     363       1
   84     149       1
   84     218       1
   85     122       1
   85     243       1
   86     154       1
   88     156       1
   89     274       1
   90     219       1
   90     417       1
   90     436       1
   91     478       1
   91     497       1
   92     241       1
   92     440       1
   93     161       1
   94      95       1
   94     149       1
   94     168       1
   94     245       1
   94     414       1
   95     152       1
   95     456       1
   96     107       1
   97      98       1
   98     254       1
   98     347       1
   99     191       1
   99     388       1
   99     475       1
  100     277       1
  100     307       1
  101     257       1
  101     427       1
  101     495       1
  102     122       1
  102     273       1
  103     389       1
  103     469       1
  104     390       1
  105     298       1
  105     371       1
  105     396       1
  106     129       1
  106     271       1
  106     318       1
  107     458       1
  107     486       1
  108     412       1
  109     286       1
  110     278       1
  110     389       1
  110     406       1
  111     458       1
  112     262       1
  113     344       1
  113     376       1
  114     275       1
  115     295       1
  116     249       1
  116     493       1
  117     263       1
  117     319       1
  117     379       1
  118     323       1
  119     201       1
  119     263       1
  119     268       1
  119     386       1
  119     423       1
  119     430       1
  120     160       1
  120     366       1
  120     455       1
  121     286       1
  121     494       1
  122     345       1
  122     353       1
  123     304       1
  124     161       1
  124     451       1
  125     129       1
  125     216       1
  125     420       1
  126     235       1
  126     255       1
  127     364       1
  128     148       1
  128     319       1
  129     215       1
  130     345       1
  131     183       1
  131     337       1
  132     495       1
  133     202       1
  133     212       1
  133     236       1
  133     388       1
  134     296       1
  135     458       1
  136     289       1
  136     359       1
  136     390       1
  137     149       1
  137     186       1
  137     306       1
  138     243       1
  138     343       1
  139     375       1
  140     484       1
  143     490       1
  145     344       1
  146     152       1
  146     312       1
  147     194       1
  147     429       1
  147     487       1
  148     155       1
  150     465       1
  150     493       1
  151     387       1
  152     295       1
  152     335       1
  152     468       1
  154     455       1
  154     493       1
  155     186       1
  156     178       1
  157     343       1
  158     233       1
  159     223       1
  160     238       1
  160     316       1
  160     381       1
  162     200       1
  162     475       1
  163     366       1
  163     430       1
  165     375       1
  166     458       1
  167     185       1
  167     187       1
  169     326       1
  170     312       1
  170     457       1
  171     356       1
  172     391       1
  172     442       1
  174     258       1
  175     197       1
  175     475       1
  176     304       1
  176     443       1
  176     463       1
  177     275       1
  177     310       1
  178     225       1
  178     407       1
  178     464       1
  178     494       1
  179     180       1
  179     238       1
  180     412       1
  184     190       1
  184     452       1
  185     280       1
  185     340       1
  185     346       1
  186     325       1
  188     277       1
  188     322       1
  189     300       1
  190     244       1
  190     352       1
  190     415       1
  191     217       1
  191     229       1
  191     277       1
  191     286       1
  191     393       1
  192     198       1
  192     327       1
  193     213       1
  193     458       1
  194     263       1
  195     392       1
  196     214       1
  199     364       1
  199     395       1
  199     415       1
  199     423       1
  199     480       1
  202     343       1
  203     276       1
  203     359       1
  204     219       1
  204     491       1
  205     373       1
  206     419       1
  206     432       1
  207     313       1
  207     359       1
  208     484       1
  208     500       1
  209     274       1
  209     367       1
  210     347       1
  211     342       1
  213     351       1
  216     256       1
  219     373       1
  219     499       1
  220     232       1
  220     242       1
  220     290       1
  220     296       1
  221     410       1
  222     389       1
  226     253       1
  226     295       1
  227     384       1
  228     369       1
  229     268       1
  229     428       1
  230     259       1
  230     339       1
  231     263       1
  231     384       1
  232     387       1
  232     437       1
  233     312       1
  233     359       1
  233     363       1
  234     247       1
  234     330       1
  234     363       1
  234     412       1
  234     492       1
  235     378       1
  235     395       1
  235     453       1
  236     398       1
  236     478       1
  237     282       1
  239     281       1
  239     334       1
  240     433       1
  241     374       1
  241     446       1
  241     484       1
  243     447       1
  244     318       1
  244     398       1
  244     440       1
  245     394       1
  246     478       1
  247     301       1
  248     261       1
  248     352       1
  248     389       1
  249     331       1
  249     468       1
  250     251       1
  250     427       1
  250     472       1
  252     456       1
  254     293       1
  254     480       1
  256     259       1
  257     455       1
  259     441       1
  259     477       1
  259     496       1
  260     425       1
  261     368       1
  262     461       1
  264     305       1
  264     414       1
  264     462       1
  265     387       1
  265     442       1
  266     293       1
  266     377       1
  266     434       1
  267     390       1
  267     419       1
  269     273       1
  269     293       1
  269     305       1
  270     330       1
  273     433       1
  273     454       1
  274     359       1
  274     360       1
  274     496       1
  275     365       1
  277     437       1
  278     292       1
  279     403       1
  279     480       1
  280     399       1
  282     360       1
  283     464       1
  284     429       1
  285     292       1
  286     334       1
  286     410       1
  287     475       1
  288     360       1
  290     321       1
  291     437       1
  293     405       1
  295     297       1
  295     381       1
  295     500       1
  298     322       1
  299     345       1
  300     330       1
  300     379       1
  301     426       1
  302     426       1
  303     475       1
  304     412       1
  309     324       1
  309     345       1
  310     329       1
  310     350       1
  311     410       1
  312     372       1
  312     383       1
  312     462       1
  312     470       1
  313     342       1
  313     424       1
  314     340       1
  314     438       1
  314     462       1
  315     423       1
  318     392       1
  319     349       1
  322     356       1
  322     367       1
  322     483       1
  323     454       1
  325     461       1
  326     391       1
  326     412       1
  327     391       1
  328     484       1
  329     401       1
  329     471       1
  329     475       1
  332     352       1
  333     340       1
  333     498       1
  335     343       1
  337     392       1
  339     405       1
  340     409       1
  341     437       1
  342     362       1
  343     372       1
  343     423       1
  344     349       1
  344     369       1
  344     404       1
  344     415       1
  344     483       1
  344     484       1
  346     462       1
  347     425       1
  347     445       1
  348     390       1
  351     400       1
  357     384       1
  358     476       1
  359     410       1
  359     456       1
  359     480       1
  360     483       1
  361     390       1
  361     449       1
  362     487       1
  363     444       1
  367     439       1
  370     495       1
  371     426       1
  373     484       1
  374     483       1
  375     500       1
  380     454       1
  383     490       1
  385     499       1
  392     460       1
  393     455       1
  400     407       1
  402     475       1
  405     473       1
  409     431       1
  410     422       1
  412     465       1
  413     454       1
  415     427       1
  416     439       1
  417     419       1
  417     488       1
  421     480       1
  422     474       1
  422     498       1
  425     482       1
  427     450       1
  427     481       1
  431     467       1
  437     439       1
  451     497       1
  454     482       1
  455     466       1
  461     485       1
  473     482       1
  473     497       1
  479     491       1
  490     497       1
