  400     489
    1     344       1
    2      84       1
    2     116       1
    2     156       1
    2     163       1
    2     165       1
    3      47       1
    3     114       1
    3     166       1
    3     180       1
    3     208       1
    3     258       1
    3     275       1
    3     351       1
    4       8       1
    5     111       1
    5     288       1
    6     299       1
    7     178       1
    7     187       1
    8     111       1
    9      13       1
   10     305       1
   11     162       1
   11     348       1
   12     215       1
   12     299       1
   13      74       1
   13     205       1
   13     349       1
   14      34       1
   14      92       1
   14     297       1
   15     137       1
   16      26       1
   16      36       1
   16     169       1
   16     176       1
   16     182       1
   17      39       1
   17     167       1
   18     375       1
   19      32       1
   19     173       1
   19     200       1
   19     235       1
   20      59       1
   21      86       1
   21     101       1
   21     134       1
   22      74       1
   22     155       1
   23     100       1
   23     107       1
   24      44       1
   24     354       1
   25      37       1
   25     360       1
   27      44       1
   27     153       1
   27     188       1
   27     195       1
   27     250       1
   27     279       1
   28     122       1
   29      98       1
   30      68       1
   30     272       1
   31     326       1
   32      66       1
   32      98       1
   32     128       1
   32     131       1
   32     218       1
   32     252       1
   32     259       1
   32     339       1
   33     107       1
   33     265       1
   33     376       1
   34     156       1
   34     199       1
   34     248       1
   34     315       1
   34     392       1
   35      76       1
   35     298       1
   35     325       1
   36      44       1
   36     344       1
   36     387       1
   37     133       1
   37     165       1
   37     246       1
   37     324       1
   37     351       1
   38     150       1
   38     237       1
   39     258       1
   39     268       1
   40      89       1
   41     137       1
   42     166       1
   42     274       1
   43     229       1
   43     255       1
   43     392       1
   44     116       1
   44     133       1
   44     188       1
   44     321       1
   44     352       1
   45     312       1
   46      99       1
   46     277       1
   47     316       1
   47     388       1
   48      83       1
   49     251       1
   49     340       1
   50      69       1
   50     149       1
   50     180       1
   50     238       1
   51     247       1
   52     206       1
   52     240       1
   53     128       1
   53     315       1
   54      90       1
   54     124       1
   54     209       1
   55     353       1
   56     260       1
   56     317       1
   57     162       1
   57     316       1
   58      84       1
   58     288       1
   58     395       1
   59      88       1
   59     134       1
   59     286       1
   60     116       1
   61     126       1
   61     131       1
   61     363       1
   62     226       1
   63     269       1
   64     216       1
   64     252       1
   65     110       1
   65     256       1
   66      91       1
   66     105       1
   66     122       1
   66     221       1
   66     262       1
   66     398       1
   67     391       1
   69     370       1
   70      80       1
   70     380       1
   71     115       1
   71     227       1
   71     270       1
   72     322       1
   72     338       1
   73      93       1
   74     177       1
   74     254       1
   74     357       1
   75     244       1
   75     246       1
   77     137       1
   77     384       1
   78      83       1
   79     193       1
   80     166       1
   80     237       1
   80     247       1
   80     267       1
   81     290       1
   82     372       1
   82     391       1
   83     133       1
   85     180       1
   85     287       1
   85     313       1
   87     157       1
   87     182       1
   87     230       1
   88     275       1
   88     379       1
   89     165       1
   90     184       1
   90     234       1
   91     101       1
   91     132       1
   91     241       1
   92     134       1
   92     229       1
   92     260       1
   92     299       1
   93     391       1
   94     225       1
   95     223       1
   95     308       1
   95     333       1
   96     294       1
   97     269       1
   98     150       1
   98     335       1
   99     316       1
   99     358       1
  100     135       1
  100     223       1
  101     283       1
  102     352       1
  103     110       1
  104     136       1
  104     172       1
  104     288       1
  104     314       1
  105     313       1
  105     394       1
  106     135       1
  106     304       1
  107     109       1
  107     231       1
  107     290       1
  108     121       1
  110     207       1
  110     317       1
  111     112       1
  111     127       1
  111     151       1
  111     185       1
  111     191       1
  111     327       1
  111     350       1
  111     388       1
  112     282       1
  113     172       1
  114     238       1
  116     190       1
  117     311       1
  118     314       1
  118     328       1
  119     353       1
  119     356       1
  120     307       1
  121     210       1
  121     258       1
  121     349       1
  121     362       1
  122     219       1
  123     398       1
  124     311       1
  125     214       1
  125     272       1
  127     212       1
  128     261       1
  128     278       1
  129     290       1
  129     397       1
  130     228       1
  130     289       1
  131     205       1
  133     134       1
  133     244       1
  134     353       1
  134     389       1
  135     191       1
  135     192       1
  136     170       1
  136     399       1
  137     253       1
  137     350       1
  138     323       1
  138     375       1
  139     233       1
  139     267       1
  139     383       1
  140     342       1
  141     178       1
  141     239       1
  142     154       1
  142     171       1
  143     156       1
  143     184       1
  144     160       1
  144     230       1
  145     277       1
  145     350       1
  146     254       1
  146     270       1
  147     203       1
  147     251       1
  148     282       1
  149     182       1
  149     311       1
  149     369       1
  150     216       1
  152     230       1
  154     174       1
  155     284       1
  155     297       1
  157     268       1
  157     340       1
  157     361       1
  158     178       1
  159     224       1
  159     299       1
  159     377       1
  160     322       1
  161     331       1
  164     303       1
  165     265       1
  167     224       1
  167     332       1
  168     221       1
  170     302       1
  171     220       1
  171     352       1
  171     355       1
  172     308       1
  172     312       1
  172     351       1
  175     352       1
  176     269       1
  176     321       1
  176     347       1
  177     372       1
  178     316       1
  178     320       1
  179     192       1
  181     395       1
  183     198       1
  183     307       1
  184     211       1
  184     351       1
  186     242       1
  186     351       1
  186     397       1
  188     199       1
  188     276       1
  188     359       1
  189     251       1
  191     319       1
  193     237       1
  193     373       1
  194     207       1
  194     399       1
  195     217       1
  196     202       1
  196     346       1
  197     313       1
  198     375       1
  199     291       1
  199     330       1
  201     396       1
  202     329       1
  203     307       1
  203     327       1
  204     310       1
  204     329       1
  206     303       1
  206     379       1
  207     225       1
  208     273       1
  209     349       1
  210     251       1
  210     320       1
  211     345       1
  213     278       1
  213     379       1
  214     260       1
  215     306       1
  216     292       1
  216     301       1
  216     357       1
  217     278       1
  217     390       1
  218     219       1
  218     337       1
  221     300       1
  222     251       1
  222     323       1
  222     350       1
  222     377       1
  225     294       1
  225     357       1
  226     246       1
  226     293       1
  228     266       1
  228     290       1
  228     296       1
  229     382       1
  230     350       1
  232     320       1
  234     376       1
  235     248       1
  236     282       1
  237     243       1
  244     264       1
  245     326       1
  247     341       1
  247     400       1
  248     322       1
  248     351       1
  248     353       1
  249     399       1
  251     268       1
  251     396       1
  252     389       1
  254     363       1
  255     346       1
  255     351       1
  256     261       1
  256     298       1
  256     371       1
  257     272       1
  257     338       1
  257     391       1
  258     273       1
  259     273       1
  260     380       1
  260     397       1
  261     361       1
  263     355       1
  264     284       1
  267     303       1
  267     390       1
  269     344       1
  270     272       1
  270     290       1
  271     366       1
  274     343       1
  278     360       1
  278     370       1
  279     348       1
  280     307       1
  281     324       1
  282     285       1
  288     395       1
  289     296       1
  290     327       1
  292     316       1
  295     325       1
  297     312       1
  298     300       1
  299     309       1
  301     393       1
  305     325       1
  305     379       1
  308     366       1
  308     374       1
  308     376       1
  310     318       1
  310     327       1
  310     335       1
  311     391       1
  325     337       1
  325     362       1
  326     357       1
  327     331       1
  334     397       1
  335     365       1
  335     388       1
  335     391       1
  336     396       1
  337     386       1
  339     375       1
  342     370       1
  347     375       1
  348     363       1
  349     398       1
  358     385       1
  361     364       1
  361     400       1
  362     391       1
  363     384       1
  364     372       1
  367     396       1
  368     388       1
  369     381       1
  373     378       1
  386     396       1
