  200     266
    1      39       1
    1      77       1
    1     198       1
    2     113       1
    2     193       1
    3      41       1
    3     172       1
    3     193       1
    4      63       1
    4      67       1
    4     141       1
    4     188       1
    5      52       1
    5      89       1
    5     134       1
    5     152       1
    6     162       1
    7      56       1
    7      88       1
    7      92       1
    8      21       1
    8      73       1
    8      79       1
    9      11       1
    9     102       1
   10      46       1
   10     181       1
   11     104       1
   11     114       1
   11     131       1
   12      66       1
   12     179       1
   13      36       1
   13     118       1
   13     127       1
   13     131       1
   13     190       1
   14      63       1
   15     160       1
   16      77       1
   16      92       1
   16     108       1
   17      46       1
   17     132       1
   18      60       1
   19      37       1
   19      75       1
   19     119       1
   19     159       1
   19     182       1
   19     188       1
   19     191       1
   20      23       1
   20     102       1
   21      37       1
   21      46       1
   21     129       1
   21     131       1
   22      67       1
   22     130       1
   23      63       1
   24      27       1
   24     199       1
   25     147       1
   25     151       1
   25     161       1
   26      42       1
   27     131       1
   27     169       1
   27     193       1
   28     111       1
   29      38       1
   29      40       1
   29      62       1
   29      81       1
   30     125       1
   31     141       1
   32     187       1
   33      69       1
   33     105       1
   33     129       1
   33     195       1
   34     178       1
   34     195       1
   35      50       1
   37      84       1
   37      91       1
   37     138       1
   39      93       1
   40      46       1
   41      61       1
   42     146       1
   42     177       1
   42     196       1
   43      46       1
   43      82       1
   44      79       1
   44     144       1
   45      91       1
   45     135       1
   46      81       1
   46     162       1
   46     167       1
   47      60       1
   47     115       1
   47     139       1
   47     174       1
   48      77       1
   48     153       1
   48     159       1
   49      87       1
   49     126       1
   50     122       1
   50     134       1
   51     159       1
   52     111       1
   52     117       1
   52     151       1
   52     186       1
   53      70       1
   53      71       1
   53      81       1
   53     128       1
   53     142       1
   53     170       1
   53     177       1
   54      70       1
   54      86       1
   55     188       1
   55     196       1
   56     195       1
   57     100       1
   58     196       1
   59     115       1
   59     186       1
   60     160       1
   60     164       1
   60     190       1
   61      62       1
   61      71       1
   61     163       1
   63      67       1
   63     130       1
   63     151       1
   64      80       1
   64     146       1
   64     163       1
   64     165       1
   65     171       1
   66      89       1
   67     175       1
   68      72       1
   68     136       1
   71     161       1
   72      84       1
   72     140       1
   73      84       1
   73     198       1
   74      95       1
   75      83       1
   76     163       1
   77     168       1
   77     195       1
   78     129       1
   78     180       1
   79     130       1
   79     196       1
   80      89       1
   80     146       1
   83     132       1
   84     120       1
   84     130       1
   84     164       1
   84     177       1
   85     116       1
   85     124       1
   86     101       1
   86     106       1
   86     134       1
   86     194       1
   87     197       1
   88     144       1
   90     145       1
   92     114       1
   92     174       1
   92     195       1
   94      97       1
   94     120       1
   94     155       1
   95     142       1
   96     130       1
   96     148       1
   98     104       1
   99     129       1
   99     156       1
  100     153       1
  100     187       1
  101     139       1
  101     170       1
  103     159       1
  104     191       1
  107     113       1
  107     156       1
  108     123       1
  108     163       1
  109     156       1
  110     124       1
  110     150       1
  111     174       1
  112     168       1
  113     148       1
  115     136       1
  116     159       1
  118     146       1
  118     180       1
  121     164       1
  121     173       1
  122     164       1
  123     177       1
  125     160       1
  125     172       1
  125     177       1
  126     159       1
  127     165       1
  129     140       1
  129     142       1
  129     149       1
  129     161       1
  131     150       1
  131     189       1
  133     154       1
  135     183       1
  137     138       1
  137     191       1
  138     171       1
  139     155       1
  141     178       1
  143     186       1
  143     196       1
  145     158       1
  145     195       1
  146     186       1
  146     187       1
  148     164       1
  148     172       1
  149     159       1
  150     158       1
  150     176       1
  150     186       1
  151     172       1
  153     178       1
  154     155       1
  154     162       1
  154     184       1
  155     186       1
  157     186       1
  166     176       1
  167     171       1
  169     182       1
  175     179       1
  175     200       1
  176     197       1
  181     193       1
  184     185       1
  190     195       1
  192     199       1
