  700     820
    1     386       1
    2      81       1
    2     334       1
    3     177       1
    3     278       1
    3     410       1
    4     422       1
    5     545       1
    5     602       1
    6     582       1
    7     312       1
    8     348       1
    9     422       1
    9     462       1
   10     332       1
   10     399       1
   11     302       1
   11     314       1
   12     476       1
   13     166       1
   13     256       1
   14     480       1
   14     623       1
   15     516       1
   16     100       1
   16     117       1
   16     250       1
   16     609       1
   17     163       1
   17     687       1
   18     665       1
   19      45       1
   19     576       1
   19     667       1
   20     494       1
   21     218       1
   22     248       1
   22     329       1
   22     648       1
   23     309       1
   23     694       1
   24      50       1
   24     191       1
   24     623       1
   25     335       1
   25     530       1
   25     660       1
   26     372       1
   26     396       1
   27     499       1
   28     543       1
   29      38       1
   30     607       1
   30     635       1
   31     288       1
   32     297       1
   32     455       1
   32     501       1
   32     531       1
   32     664       1
   33      90       1
   33     135       1
   33     272       1
   33     324       1
   33     395       1
   34     304       1
   34     521       1
   35     103       1
   36     448       1
   36     530       1
   36     601       1
   37     194       1
   38     115       1
   38     278       1
   38     487       1
   38     637       1
   39     302       1
   39     474       1
   40     105       1
   41     458       1
   42     514       1
   42     646       1
   43     369       1
   43     636       1
   44     357       1
   44     571       1
   45     572       1
   46     142       1
   46     560       1
   47      64       1
   47     618       1
   48     156       1
   49     466       1
   49     480       1
   49     628       1
   50     193       1
   50     559       1
   50     619       1
   51     266       1
   51     432       1
   51     481       1
   51     696       1
   52     517       1
   53      58       1
   53     156       1
   54     137       1
   54     198       1
   55     223       1
   56     350       1
   56     450       1
   57     456       1
   57     564       1
   58     428       1
   59     299       1
   60     338       1
   60     345       1
   60     416       1
   61     589       1
   61     668       1
   62     142       1
   63      64       1
   63     218       1
   63     279       1
   65     243       1
   66     444       1
   66     493       1
   66     535       1
   67     446       1
   67     630       1
   67     684       1
   68     296       1
   68     407       1
   68     422       1
   68     567       1
   68     672       1
   69     145       1
   69     304       1
   69     363       1
   69     475       1
   69     617       1
   70     190       1
   70     597       1
   70     692       1
   71     320       1
   71     655       1
   72     325       1
   72     530       1
   72     579       1
   73     430       1
   74      82       1
   74     114       1
   75     565       1
   76     173       1
   76     187       1
   76     224       1
   76     258       1
   76     410       1
   77     565       1
   77     658       1
   78     196       1
   79     284       1
   79     558       1
   80     119       1
   81     421       1
   82     577       1
   83     448       1
   84     197       1
   85     339       1
   86     100       1
   86     106       1
   86     333       1
   86     506       1
   87     549       1
   88      91       1
   88     421       1
   88     668       1
   89     289       1
   89     695       1
   90     382       1
   90     441       1
   90     644       1
   91     209       1
   92     205       1
   92     584       1
   92     678       1
   93     530       1
   93     589       1
   94     310       1
   94     593       1
   95     163       1
   95     176       1
   95     590       1
   96     116       1
   96     117       1
   96     188       1
   96     409       1
   96     545       1
   96     667       1
   97     494       1
   98     244       1
   98     641       1
   99     432       1
  101     420       1
  102     356       1
  102     404       1
  102     466       1
  102     468       1
  103     456       1
  104     106       1
  105     160       1
  105     388       1
  105     663       1
  106     289       1
  106     326       1
  107     137       1
  107     647       1
  108     185       1
  108     587       1
  108     678       1
  109     627       1
  110     184       1
  111     112       1
  112     487       1
  112     592       1
  113     158       1
  115     651       1
  116     504       1
  116     680       1
  117     540       1
  117     546       1
  118     142       1
  118     168       1
  118     186       1
  118     319       1
  118     465       1
  119     236       1
  119     511       1
  120     299       1
  120     380       1
  120     651       1
  121     289       1
  122     466       1
  123     192       1
  123     423       1
  124     169       1
  124     264       1
  124     336       1
  125     232       1
  125     436       1
  126     159       1
  126     215       1
  127     365       1
  128     163       1
  128     259       1
  128     302       1
  128     382       1
  128     558       1
  129     238       1
  129     600       1
  130     219       1
  130     498       1
  131     483       1
  131     617       1
  132     408       1
  132     571       1
  133     472       1
  133     688       1
  134     221       1
  134     243       1
  134     339       1
  134     408       1
  134     537       1
  135     417       1
  135     595       1
  136     394       1
  136     403       1
  137     439       1
  137     560       1
  138     256       1
  139     678       1
  140     409       1
  141     266       1
  141     440       1
  141     459       1
  143     688       1
  144     364       1
  146     199       1
  146     214       1
  146     318       1
  146     402       1
  147     609       1
  148     204       1
  148     562       1
  149     172       1
  149     554       1
  149     598       1
  150     374       1
  150     419       1
  150     571       1
  151     170       1
  151     668       1
  152     181       1
  152     240       1
  152     318       1
  152     631       1
  152     649       1
  153     398       1
  154     228       1
  154     573       1
  155     450       1
  156     260       1
  156     383       1
  156     394       1
  156     547       1
  157     286       1
  157     508       1
  158     236       1
  158     293       1
  158     624       1
  159     267       1
  159     341       1
  159     359       1
  159     603       1
  159     638       1
  160     322       1
  160     552       1
  160     659       1
  160     674       1
  161     387       1
  161     396       1
  161     457       1
  162     275       1
  163     360       1
  163     487       1
  163     616       1
  164     199       1
  165     558       1
  165     613       1
  167     660       1
  170     512       1
  170     557       1
  170     611       1
  171     179       1
  171     547       1
  174     277       1
  174     320       1
  175     515       1
  176     493       1
  176     556       1
  178     634       1
  178     646       1
  179     338       1
  180     458       1
  180     516       1
  180     570       1
  181     354       1
  181     560       1
  181     694       1
  182     399       1
  182     415       1
  182     555       1
  183     480       1
  184     390       1
  184     683       1
  185     223       1
  185     425       1
  185     436       1
  185     577       1
  186     295       1
  186     351       1
  187     471       1
  188     301       1
  188     376       1
  189     223       1
  189     272       1
  189     380       1
  190     340       1
  192     466       1
  192     521       1
  192     605       1
  192     642       1
  194     509       1
  194     558       1
  195     322       1
  195     477       1
  196     286       1
  196     526       1
  196     540       1
  196     630       1
  197     515       1
  197     673       1
  200     235       1
  200     657       1
  201     619       1
  202     216       1
  202     357       1
  203     227       1
  203     256       1
  203     260       1
  203     285       1
  203     386       1
  203     566       1
  203     623       1
  204     386       1
  204     491       1
  204     662       1
  206     510       1
  207     600       1
  207     609       1
  208     573       1
  209     285       1
  209     525       1
  210     256       1
  210     632       1
  211     252       1
  211     287       1
  211     418       1
  211     434       1
  211     452       1
  211     487       1
  211     582       1
  211     667       1
  212     442       1
  213     426       1
  216     503       1
  216     512       1
  217     511       1
  218     650       1
  218     654       1
  218     661       1
  219     313       1
  220     618       1
  221     512       1
  221     671       1
  222     476       1
  222     565       1
  223     454       1
  224     451       1
  224     559       1
  225     602       1
  226     385       1
  226     449       1
  226     518       1
  227     540       1
  228     295       1
  228     494       1
  228     498       1
  229     506       1
  229     510       1
  230     326       1
  231     394       1
  231     580       1
  232     240       1
  233     374       1
  234     383       1
  235     421       1
  235     536       1
  235     612       1
  235     617       1
  235     641       1
  236     383       1
  236     411       1
  236     617       1
  236     673       1
  237     425       1
  237     545       1
  238     289       1
  238     473       1
  239     254       1
  241     273       1
  241     655       1
  242     270       1
  244     311       1
  244     634       1
  244     690       1
  245     563       1
  246     399       1
  246     477       1
  247     292       1
  248     283       1
  248     345       1
  249     423       1
  250     273       1
  250     401       1
  250     569       1
  250     574       1
  251     433       1
  251     693       1
  253     609       1
  254     517       1
  254     605       1
  255     412       1
  256     414       1
  256     597       1
  257     414       1
  259     501       1
  259     586       1
  260     280       1
  260     498       1
  261     399       1
  261     482       1
  262     376       1
  263     560       1
  264     577       1
  265     282       1
  267     343       1
  267     676       1
  268     506       1
  269     452       1
  270     566       1
  271     358       1
  272     488       1
  274     371       1
  274     651       1
  275     590       1
  276     473       1
  277     473       1
  277     497       1
  278     286       1
  278     520       1
  278     528       1
  278     545       1
  280     296       1
  280     490       1
  281     377       1
  281     635       1
  282     506       1
  282     651       1
  283     303       1
  283     396       1
  283     407       1
  283     449       1
  283     581       1
  284     650       1
  285     685       1
  286     554       1
  288     396       1
  288     507       1
  289     619       1
  290     366       1
  291     487       1
  292     354       1
  294     453       1
  294     455       1
  294     552       1
  295     323       1
  295     448       1
  296     454       1
  296     500       1
  297     499       1
  298     332       1
  299     614       1
  300     629       1
  300     659       1
  301     358       1
  301     653       1
  302     390       1
  303     532       1
  304     592       1
  305     491       1
  306     430       1
  307     410       1
  308     466       1
  308     542       1
  308     690       1
  309     394       1
  312     474       1
  312     483       1
  312     550       1
  312     659       1
  313     571       1
  315     428       1
  315     577       1
  315     587       1
  315     643       1
  316     347       1
  316     484       1
  316     557       1
  317     329       1
  317     411       1
  318     387       1
  318     451       1
  318     540       1
  319     646       1
  321     396       1
  324     445       1
  324     655       1
  326     544       1
  326     624       1
  327     567       1
  328     582       1
  329     561       1
  329     588       1
  330     600       1
  331     490       1
  332     340       1
  334     447       1
  336     635       1
  337     395       1
  337     555       1
  338     666       1
  339     591       1
  340     557       1
  341     400       1
  341     497       1
  342     344       1
  342     421       1
  342     647       1
  344     601       1
  345     504       1
  345     538       1
  346     350       1
  348     456       1
  349     375       1
  350     412       1
  352     551       1
  353     379       1
  354     368       1
  354     684       1
  355     630       1
  358     683       1
  360     438       1
  360     468       1
  360     527       1
  361     696       1
  362     449       1
  362     452       1
  363     549       1
  364     522       1
  364     565       1
  364     644       1
  364     688       1
  365     440       1
  365     681       1
  366     558       1
  367     398       1
  369     393       1
  369     456       1
  369     645       1
  370     373       1
  370     623       1
  374     381       1
  374     414       1
  375     455       1
  375     460       1
  375     590       1
  376     413       1
  377     635       1
  377     697       1
  378     475       1
  378     481       1
  378     594       1
  379     391       1
  380     405       1
  381     504       1
  383     570       1
  383     597       1
  383     621       1
  384     639       1
  386     442       1
  386     666       1
  388     615       1
  389     552       1
  390     463       1
  390     527       1
  391     558       1
  392     643       1
  395     597       1
  396     540       1
  397     464       1
  397     649       1
  398     442       1
  401     626       1
  403     642       1
  406     628       1
  409     424       1
  412     497       1
  415     466       1
  417     700       1
  419     426       1
  420     430       1
  420     523       1
  422     443       1
  425     493       1
  427     599       1
  428     571       1
  428     656       1
  429     671       1
  430     478       1
  430     530       1
  430     607       1
  431     526       1
  431     543       1
  431     692       1
  433     470       1
  433     617       1
  434     537       1
  435     499       1
  435     559       1
  437     448       1
  437     678       1
  437     681       1
  439     453       1
  439     675       1
  440     456       1
  440     466       1
  440     487       1
  440     533       1
  440     630       1
  442     447       1
  442     534       1
  446     680       1
  447     533       1
  447     689       1
  450     486       1
  450     617       1
  451     647       1
  453     663       1
  454     499       1
  456     545       1
  458     629       1
  458     638       1
  461     621       1
  463     599       1
  463     686       1
  464     578       1
  466     543       1
  467     672       1
  469     497       1
  470     495       1
  470     566       1
  471     534       1
  471     553       1
  471     591       1
  472     577       1
  473     515       1
  473     633       1
  477     597       1
  478     497       1
  479     572       1
  479     613       1
  485     662       1
  489     533       1
  490     492       1
  490     606       1
  493     517       1
  495     641       1
  495     659       1
  496     558       1
  496     682       1
  497     539       1
  497     597       1
  497     679       1
  502     522       1
  505     531       1
  506     524       1
  506     540       1
  506     671       1
  506     691       1
  508     689       1
  510     614       1
  510     699       1
  513     635       1
  513     698       1
  518     619       1
  518     622       1
  519     651       1
  522     631       1
  527     652       1
  529     617       1
  530     540       1
  530     552       1
  530     617       1
  534     685       1
  539     620       1
  540     577       1
  540     596       1
  541     638       1
  543     602       1
  544     619       1
  545     557       1
  545     604       1
  546     640       1
  548     576       1
  550     636       1
  551     671       1
  552     571       1
  552     583       1
  554     639       1
  558     660       1
  558     670       1
  558     674       1
  559     623       1
  560     665       1
  563     671       1
  564     605       1
  565     571       1
  568     574       1
  572     575       1
  573     666       1
  573     684       1
  576     633       1
  577     607       1
  578     609       1
  581     585       1
  587     697       1
  589     669       1
  593     673       1
  608     655       1
  610     672       1
  614     666       1
  617     650       1
  623     646       1
  625     666       1
  627     661       1
  627     696       1
  652     699       1
  661     677       1
  678     682       1
  687     693       1
