  800     929
    1     192       1
    1     648       1
    2     285       1
    3     229       1
    3     337       1
    3     453       1
    3     526       1
    3     586       1
    3     618       1
    3     798       1
    4     726       1
    5     123       1
    5     204       1
    5     552       1
    5     696       1
    6      45       1
    7     469       1
    8     184       1
    9      65       1
    9     200       1
    9     358       1
    9     460       1
    9     799       1
   10     671       1
   11     520       1
   12     129       1
   12     520       1
   13     230       1
   13     314       1
   13     573       1
   13     686       1
   14     388       1
   15     274       1
   16      64       1
   16     470       1
   16     566       1
   17     265       1
   18     143       1
   19     246       1
   20      94       1
   20     474       1
   21     299       1
   22     234       1
   22     542       1
   23     101       1
   23     799       1
   24     487       1
   24     727       1
   25     292       1
   25     452       1
   26     322       1
   26     581       1
   26     643       1
   26     652       1
   26     690       1
   27     206       1
   27     210       1
   28     251       1
   29      40       1
   29     619       1
   30     625       1
   31     598       1
   32     203       1
   32     205       1
   33      89       1
   33     246       1
   33     600       1
   33     734       1
   34     380       1
   34     728       1
   35     118       1
   35     323       1
   35     325       1
   35     331       1
   35     752       1
   36     179       1
   37     211       1
   38     171       1
   38     636       1
   38     673       1
   39      89       1
   39     328       1
   39     773       1
   40     462       1
   41     218       1
   42      62       1
   42     161       1
   42     575       1
   43     397       1
   44     533       1
   45      99       1
   45     266       1
   45     703       1
   46      59       1
   46     142       1
   46     440       1
   47     157       1
   48     610       1
   49     230       1
   49     410       1
   49     496       1
   49     694       1
   50     516       1
   50     627       1
   51     291       1
   51     435       1
   52     385       1
   52     538       1
   53     572       1
   54     477       1
   54     523       1
   55      87       1
   55     560       1
   56     102       1
   56     732       1
   57     134       1
   57     202       1
   58     366       1
   59     128       1
   59     162       1
   60     158       1
   60     168       1
   60     303       1
   60     474       1
   60     493       1
   60     612       1
   60     633       1
   60     635       1
   60     721       1
   60     744       1
   61     142       1
   62     764       1
   63     184       1
   63     525       1
   63     539       1
   63     764       1
   64     280       1
   64     515       1
   64     681       1
   65     189       1
   66     220       1
   66     630       1
   67     595       1
   68     213       1
   68     406       1
   68     493       1
   68     543       1
   68     624       1
   68     789       1
   69     631       1
   70     202       1
   71     121       1
   71     493       1
   71     726       1
   71     777       1
   72     540       1
   73     606       1
   74     308       1
   74     578       1
   75     253       1
   75     731       1
   76     369       1
   76     394       1
   77     565       1
   78     238       1
   78     349       1
   78     559       1
   79     227       1
   79     236       1
   79     351       1
   79     568       1
   79     614       1
   79     686       1
   80     760       1
   81     211       1
   81     296       1
   81     395       1
   81     423       1
   81     587       1
   81     649       1
   81     730       1
   82     303       1
   82     702       1
   83     619       1
   83     640       1
   84     251       1
   85     206       1
   86     654       1
   87      90       1
   87     248       1
   87     316       1
   87     474       1
   87     517       1
   87     794       1
   88     214       1
   89     447       1
   89     776       1
   90     250       1
   90     272       1
   91     397       1
   92     486       1
   92     714       1
   92     758       1
   93     101       1
   94     414       1
   94     563       1
   94     602       1
   95     368       1
   96     172       1
   97     291       1
   97     486       1
   98     765       1
   99     113       1
  100     215       1
  100     451       1
  100     628       1
  101     254       1
  101     664       1
  102     372       1
  102     561       1
  103     391       1
  103     530       1
  104     199       1
  104     484       1
  104     591       1
  104     661       1
  104     678       1
  105     634       1
  106     792       1
  107     164       1
  108     394       1
  108     591       1
  109     529       1
  109     702       1
  110     143       1
  111     455       1
  111     738       1
  112     470       1
  112     682       1
  112     726       1
  113     289       1
  113     371       1
  113     386       1
  113     553       1
  113     625       1
  114     179       1
  114     764       1
  115     726       1
  116     170       1
  116     211       1
  116     346       1
  117     130       1
  117     431       1
  118     409       1
  119     415       1
  120     346       1
  121     156       1
  121     524       1
  122     167       1
  122     266       1
  124     235       1
  124     311       1
  124     333       1
  124     391       1
  124     572       1
  124     601       1
  124     623       1
  124     742       1
  124     763       1
  125     153       1
  125     268       1
  125     312       1
  125     660       1
  126     705       1
  127     291       1
  128     511       1
  128     607       1
  130     194       1
  130     678       1
  131     245       1
  132     300       1
  132     334       1
  132     425       1
  132     553       1
  132     695       1
  133     330       1
  133     714       1
  133     743       1
  134     270       1
  134     484       1
  135     450       1
  136     638       1
  136     788       1
  137     500       1
  138     142       1
  139     556       1
  140     400       1
  140     448       1
  141     217       1
  141     739       1
  142     545       1
  143     589       1
  143     634       1
  144     541       1
  145     222       1
  145     436       1
  145     497       1
  145     594       1
  145     645       1
  146     395       1
  147     457       1
  147     554       1
  148     405       1
  149     565       1
  149     685       1
  150     698       1
  151     684       1
  151     781       1
  152     376       1
  152     537       1
  154     533       1
  155     231       1
  155     334       1
  155     515       1
  155     591       1
  156     434       1
  157     218       1
  157     267       1
  157     574       1
  157     764       1
  158     576       1
  158     584       1
  159     543       1
  160     201       1
  160     308       1
  161     361       1
  161     405       1
  162     280       1
  162     362       1
  162     424       1
  162     770       1
  163     550       1
  164     403       1
  164     474       1
  165     181       1
  166     564       1
  169     794       1
  172     266       1
  172     285       1
  172     310       1
  172     368       1
  172     461       1
  172     539       1
  173     282       1
  173     705       1
  174     597       1
  174     704       1
  175     222       1
  175     389       1
  175     547       1
  175     716       1
  176     367       1
  176     775       1
  177     499       1
  177     547       1
  177     673       1
  177     754       1
  178     284       1
  178     354       1
  179     201       1
  179     310       1
  179     484       1
  179     785       1
  180     484       1
  180     679       1
  181     241       1
  181     677       1
  181     783       1
  182     622       1
  183     675       1
  184     299       1
  184     784       1
  185     209       1
  185     389       1
  186     373       1
  186     421       1
  186     503       1
  187     222       1
  188     560       1
  188     595       1
  190     520       1
  191     567       1
  192     269       1
  192     445       1
  193     787       1
  195     585       1
  196     374       1
  196     720       1
  197     469       1
  198     545       1
  199     242       1
  199     462       1
  199     718       1
  201     398       1
  203     348       1
  203     495       1
  205     317       1
  206     357       1
  206     659       1
  207     292       1
  207     475       1
  207     494       1
  207     670       1
  208     446       1
  208     636       1
  209     350       1
  211     755       1
  212     439       1
  213     605       1
  213     631       1
  214     263       1
  214     482       1
  215     353       1
  216     563       1
  217     337       1
  217     344       1
  217     475       1
  217     591       1
  217     622       1
  217     682       1
  217     697       1
  217     715       1
  218     228       1
  218     466       1
  219     589       1
  220     490       1
  221     374       1
  221     659       1
  222     238       1
  222     243       1
  222     263       1
  222     302       1
  222     378       1
  222     772       1
  223     427       1
  223     533       1
  224     308       1
  224     463       1
  225     683       1
  226     289       1
  229     464       1
  229     473       1
  229     658       1
  230     353       1
  231     563       1
  232     671       1
  233     253       1
  234     291       1
  234     324       1
  234     610       1
  235     388       1
  235     753       1
  236     313       1
  236     320       1
  236     324       1
  236     435       1
  236     605       1
  236     607       1
  237     620       1
  237     664       1
  238     552       1
  238     678       1
  238     727       1
  239     327       1
  239     381       1
  239     389       1
  239     741       1
  239     753       1
  240     661       1
  243     357       1
  243     619       1
  243     698       1
  244     433       1
  245     256       1
  245     685       1
  246     534       1
  247     278       1
  247     368       1
  247     441       1
  249     460       1
  250     260       1
  251     368       1
  252     343       1
  253     455       1
  253     740       1
  254     318       1
  254     540       1
  255     326       1
  255     415       1
  255     477       1
  255     518       1
  255     657       1
  257     380       1
  257     407       1
  258     341       1
  258     457       1
  258     529       1
  259     374       1
  261     441       1
  261     515       1
  262     526       1
  262     609       1
  262     792       1
  264     377       1
  264     417       1
  265     424       1
  265     757       1
  266     274       1
  266     275       1
  266     529       1
  266     781       1
  267     390       1
  268     380       1
  268     418       1
  268     632       1
  269     453       1
  271     726       1
  273     453       1
  274     360       1
  276     328       1
  276     573       1
  277     718       1
  278     507       1
  278     612       1
  279     400       1
  280     348       1
  280     493       1
  281     377       1
  281     642       1
  282     438       1
  283     581       1
  285     472       1
  286     329       1
  286     512       1
  286     591       1
  286     640       1
  286     707       1
  287     462       1
  287     474       1
  288     457       1
  289     458       1
  289     507       1
  290     461       1
  291     371       1
  291     425       1
  291     475       1
  293     481       1
  294     324       1
  294     351       1
  294     438       1
  294     654       1
  294     678       1
  295     474       1
  295     800       1
  297     489       1
  297     639       1
  298     476       1
  298     763       1
  299     303       1
  299     443       1
  299     478       1
  299     569       1
  299     621       1
  300     762       1
  301     694       1
  301     708       1
  302     797       1
  304     769       1
  305     427       1
  306     383       1
  306     400       1
  306     510       1
  307     431       1
  308     668       1
  308     710       1
  309     541       1
  310     377       1
  311     620       1
  311     632       1
  311     732       1
  314     489       1
  315     498       1
  315     710       1
  315     749       1
  315     773       1
  317     520       1
  317     522       1
  317     764       1
  319     399       1
  319     583       1
  320     501       1
  320     562       1
  321     368       1
  321     740       1
  322     560       1
  324     592       1
  324     602       1
  324     735       1
  325     540       1
  329     541       1
  330     731       1
  331     560       1
  332     455       1
  332     485       1
  333     551       1
  334     614       1
  335     340       1
  335     529       1
  336     676       1
  337     686       1
  338     799       1
  339     739       1
  342     684       1
  342     700       1
  342     742       1
  343     546       1
  345     370       1
  345     568       1
  346     439       1
  346     719       1
  346     794       1
  347     432       1
  348     428       1
  349     527       1
  350     675       1
  352     772       1
  352     796       1
  353     450       1
  354     685       1
  355     428       1
  355     540       1
  355     711       1
  356     412       1
  357     644       1
  359     664       1
  361     548       1
  361     606       1
  362     405       1
  363     439       1
  363     731       1
  364     565       1
  365     603       1
  366     759       1
  367     370       1
  367     537       1
  367     798       1
  368     724       1
  369     493       1
  371     590       1
  373     547       1
  374     563       1
  375     461       1
  375     626       1
  377     582       1
  379     726       1
  382     495       1
  384     798       1
  385     554       1
  387     715       1
  388     721       1
  388     725       1
  389     640       1
  389     774       1
  390     528       1
  392     499       1
  392     580       1
  392     653       1
  392     750       1
  393     493       1
  393     533       1
  393     540       1
  393     556       1
  393     719       1
  394     590       1
  395     793       1
  396     682       1
  397     400       1
  397     481       1
  397     597       1
  399     426       1
  401     490       1
  401     709       1
  401     759       1
  402     429       1
  403     581       1
  404     439       1
  404     754       1
  405     691       1
  406     771       1
  407     471       1
  408     729       1
  408     739       1
  409     450       1
  410     602       1
  411     439       1
  412     596       1
  412     783       1
  413     700       1
  415     453       1
  415     638       1
  415     766       1
  416     649       1
  417     662       1
  417     692       1
  419     550       1
  419     593       1
  419     701       1
  419     719       1
  420     606       1
  421     606       1
  422     476       1
  425     731       1
  426     484       1
  426     769       1
  429     618       1
  430     694       1
  431     710       1
  432     741       1
  433     747       1
  434     711       1
  435     608       1
  436     724       1
  437     598       1
  437     625       1
  440     760       1
  442     443       1
  442     787       1
  443     459       1
  444     795       1
  447     627       1
  449     633       1
  450     512       1
  450     551       1
  451     599       1
  452     533       1
  452     580       1
  453     633       1
  453     782       1
  453     799       1
  454     534       1
  455     534       1
  455     558       1
  456     567       1
  456     686       1
  458     635       1
  459     773       1
  460     558       1
  460     778       1
  461     633       1
  461     685       1
  462     740       1
  463     593       1
  465     626       1
  467     518       1
  468     646       1
  468     666       1
  469     655       1
  471     636       1
  473     579       1
  473     611       1
  473     617       1
  474     589       1
  474     675       1
  475     603       1
  476     509       1
  476     671       1
  477     647       1
  478     586       1
  478     707       1
  479     563       1
  480     541       1
  480     549       1
  480     717       1
  482     513       1
  482     514       1
  482     739       1
  483     515       1
  484     665       1
  484     786       1
  485     616       1
  485     688       1
  486     605       1
  487     658       1
  488     755       1
  489     720       1
  490     633       1
  490     684       1
  491     589       1
  492     758       1
  492     790       1
  493     532       1
  494     755       1
  495     516       1
  495     675       1
  496     773       1
  498     615       1
  498     760       1
  500     560       1
  502     526       1
  504     569       1
  504     768       1
  505     716       1
  506     643       1
  506     737       1
  507     612       1
  508     723       1
  513     678       1
  513     691       1
  518     694       1
  519     758       1
  521     790       1
  523     621       1
  528     664       1
  529     617       1
  531     578       1
  532     636       1
  533     618       1
  535     596       1
  536     687       1
  539     663       1
  541     622       1
  544     730       1
  546     599       1
  546     614       1
  546     629       1
  546     779       1
  547     562       1
  548     726       1
  551     778       1
  554     675       1
  554     797       1
  555     730       1
  556     564       1
  556     633       1
  557     774       1
  559     747       1
  561     608       1
  565     613       1
  567     585       1
  567     681       1
  568     581       1
  569     590       1
  570     649       1
  571     638       1
  572     723       1
  576     783       1
  577     800       1
  579     705       1
  580     669       1
  581     658       1
  581     680       1
  581     683       1
  584     680       1
  588     606       1
  591     597       1
  591     688       1
  592     732       1
  597     633       1
  599     679       1
  603     733       1
  604     745       1
  606     755       1
  607     773       1
  610     656       1
  611     767       1
  612     745       1
  613     649       1
  614     645       1
  617     657       1
  622     662       1
  622     765       1
  625     698       1
  625     725       1
  627     769       1
  628     800       1
  632     662       1
  633     755       1
  633     792       1
  636     756       1
  637     669       1
  637     696       1
  639     694       1
  641     718       1
  650     676       1
  651     712       1
  651     732       1
  653     772       1
  655     719       1
  656     739       1
  659     770       1
  661     750       1
  663     763       1
  666     697       1
  667     735       1
  668     669       1
  669     674       1
  669     791       1
  672     782       1
  674     772       1
  676     791       1
  678     705       1
  682     706       1
  686     780       1
  687     794       1
  689     744       1
  693     713       1
  699     719       1
  701     770       1
  703     746       1
  705     758       1
  713     735       1
  719     748       1
  722     781       1
  736     769       1
  739     742       1
  751     793       1
  761     791       1
  783     791       1
  792     795       1
