  600     711
    1      54       1
    1     332       1
    2      85       1
    2     512       1
    2     599       1
    3     387       1
    3     452       1
    3     491       1
    4     121       1
    4     214       1
    5     420       1
    6     281       1
    6     514       1
    6     526       1
    7     148       1
    7     429       1
    7     571       1
    8     104       1
    8     379       1
    9     447       1
   10     210       1
   10     350       1
   11      40       1
   11      61       1
   11     203       1
   11     590       1
   12     143       1
   12     176       1
   12     510       1
   13     453       1
   14     297       1
   14     308       1
   15     150       1
   15     169       1
   15     364       1
   15     433       1
   16      55       1
   16      62       1
   16     141       1
   16     385       1
   16     396       1
   16     420       1
   16     456       1
   16     512       1
   17     136       1
   18     547       1
   18     552       1
   19      38       1
   19     201       1
   19     303       1
   20     577       1
   21     159       1
   21     272       1
   22     261       1
   23     210       1
   23     333       1
   23     371       1
   23     595       1
   24      42       1
   24     279       1
   24     313       1
   24     466       1
   25     235       1
   25     239       1
   25     273       1
   25     342       1
   25     476       1
   25     511       1
   26     393       1
   27     292       1
   27     371       1
   28     258       1
   29      42       1
   29     153       1
   29     319       1
   30     196       1
   30     392       1
   31      47       1
   31     385       1
   32     214       1
   33     118       1
   33     416       1
   33     519       1
   34      80       1
   34      87       1
   34     121       1
   34     199       1
   34     359       1
   34     594       1
   35     591       1
   36     408       1
   37     233       1
   37     302       1
   38     141       1
   38     214       1
   38     376       1
   38     424       1
   38     468       1
   38     533       1
   38     539       1
   39     232       1
   39     409       1
   40     277       1
   40     536       1
   41     119       1
   43     366       1
   43     527       1
   43     543       1
   44     194       1
   44     527       1
   45     168       1
   46     312       1
   46     332       1
   46     549       1
   47      59       1
   47     538       1
   48     475       1
   49      91       1
   49      92       1
   49     434       1
   49     572       1
   50     346       1
   51     288       1
   51     343       1
   51     401       1
   51     516       1
   52     166       1
   52     559       1
   53      54       1
   53     239       1
   53     311       1
   53     381       1
   55     316       1
   55     516       1
   55     586       1
   56     233       1
   56     572       1
   57     276       1
   57     385       1
   57     480       1
   58     476       1
   59     220       1
   59     390       1
   59     442       1
   59     469       1
   59     476       1
   59     514       1
   59     557       1
   60     115       1
   63     436       1
   63     557       1
   64     567       1
   65     207       1
   66     242       1
   66     428       1
   66     490       1
   67     578       1
   68     185       1
   69     444       1
   70     117       1
   70     121       1
   71     529       1
   72     305       1
   73     372       1
   74     250       1
   74     426       1
   74     557       1
   75     124       1
   75     445       1
   76     122       1
   76     444       1
   77     104       1
   77     534       1
   78     203       1
   78     389       1
   79     130       1
   81     112       1
   81     517       1
   81     537       1
   82     124       1
   82     269       1
   82     378       1
   83     442       1
   83     564       1
   84     137       1
   84     245       1
   84     392       1
   85     486       1
   86     191       1
   86     333       1
   87     162       1
   87     298       1
   87     390       1
   87     441       1
   87     539       1
   88     518       1
   89     213       1
   89     295       1
   89     377       1
   89     527       1
   90     455       1
   91     306       1
   91     378       1
   91     385       1
   92     502       1
   93     168       1
   93     260       1
   93     339       1
   93     527       1
   94     299       1
   95     523       1
   96     316       1
   97     562       1
   97     574       1
   98     194       1
   98     206       1
   98     299       1
   98     356       1
   98     571       1
   98     583       1
   99     101       1
   99     369       1
  100     137       1
  101     135       1
  101     173       1
  101     387       1
  101     586       1
  102     163       1
  102     355       1
  102     472       1
  103     208       1
  104     189       1
  104     339       1
  105     573       1
  106     111       1
  106     328       1
  107     129       1
  107     391       1
  108     177       1
  108     371       1
  108     578       1
  109     163       1
  110     181       1
  110     323       1
  110     359       1
  111     177       1
  111     378       1
  111     459       1
  112     432       1
  113     153       1
  113     190       1
  113     320       1
  113     329       1
  113     570       1
  114     359       1
  115     125       1
  115     386       1
  116     184       1
  116     557       1
  117     163       1
  118     145       1
  118     199       1
  118     480       1
  119     164       1
  119     199       1
  120     266       1
  122     548       1
  123     534       1
  124     266       1
  124     598       1
  125     551       1
  125     585       1
  126     477       1
  127     260       1
  127     462       1
  127     553       1
  127     577       1
  128     190       1
  130     202       1
  130     379       1
  130     589       1
  131     250       1
  132     433       1
  133     152       1
  134     164       1
  134     390       1
  134     568       1
  134     569       1
  136     391       1
  136     453       1
  137     234       1
  137     238       1
  138     587       1
  139     225       1
  140     421       1
  140     571       1
  141     374       1
  141     438       1
  142     234       1
  143     172       1
  143     479       1
  144     380       1
  145     192       1
  145     439       1
  145     460       1
  146     267       1
  146     354       1
  146     535       1
  147     172       1
  147     407       1
  148     161       1
  149     252       1
  149     569       1
  150     217       1
  151     185       1
  151     299       1
  151     422       1
  151     433       1
  151     534       1
  152     198       1
  152     331       1
  154     212       1
  154     336       1
  154     419       1
  154     569       1
  155     570       1
  156     475       1
  157     171       1
  157     420       1
  157     479       1
  158     386       1
  158     413       1
  159     163       1
  159     488       1
  160     387       1
  161     270       1
  161     328       1
  163     299       1
  164     168       1
  164     275       1
  164     301       1
  164     515       1
  164     532       1
  165     522       1
  166     221       1
  166     565       1
  166     569       1
  167     289       1
  169     360       1
  170     298       1
  172     464       1
  173     348       1
  174     285       1
  175     388       1
  176     357       1
  176     366       1
  178     295       1
  179     186       1
  180     409       1
  181     568       1
  182     193       1
  182     334       1
  182     482       1
  182     498       1
  182     557       1
  183     396       1
  185     490       1
  186     345       1
  187     281       1
  188     438       1
  189     250       1
  189     470       1
  190     267       1
  191     242       1
  191     343       1
  191     430       1
  192     332       1
  192     365       1
  192     576       1
  193     518       1
  195     198       1
  196     420       1
  196     493       1
  197     261       1
  197     294       1
  198     258       1
  198     276       1
  198     354       1
  198     390       1
  199     289       1
  199     473       1
  200     376       1
  200     380       1
  200     500       1
  202     303       1
  202     476       1
  202     562       1
  204     435       1
  205     363       1
  205     491       1
  207     243       1
  207     411       1
  207     439       1
  208     407       1
  209     276       1
  210     465       1
  210     529       1
  210     531       1
  211     358       1
  211     398       1
  212     234       1
  212     284       1
  212     461       1
  213     529       1
  215     557       1
  216     369       1
  216     424       1
  217     495       1
  218     385       1
  219     411       1
  219     497       1
  220     299       1
  220     509       1
  221     272       1
  222     434       1
  223     409       1
  223     484       1
  223     544       1
  224     388       1
  225     395       1
  226     550       1
  227     272       1
  227     363       1
  227     390       1
  228     595       1
  229     475       1
  229     564       1
  230     507       1
  230     512       1
  230     546       1
  230     567       1
  231     270       1
  231     291       1
  231     378       1
  231     417       1
  232     521       1
  233     271       1
  233     311       1
  234     329       1
  236     593       1
  237     565       1
  238     488       1
  239     443       1
  239     526       1
  239     541       1
  240     291       1
  241     294       1
  241     370       1
  242     549       1
  244     508       1
  245     433       1
  246     280       1
  247     493       1
  248     264       1
  249     456       1
  250     361       1
  250     486       1
  251     545       1
  251     599       1
  252     515       1
  253     301       1
  253     358       1
  253     554       1
  254     487       1
  255     259       1
  255     481       1
  255     541       1
  256     350       1
  257     359       1
  258     524       1
  261     343       1
  262     514       1
  263     390       1
  264     363       1
  264     576       1
  265     348       1
  265     352       1
  265     474       1
  266     591       1
  267     295       1
  268     358       1
  269     308       1
  271     282       1
  271     378       1
  274     277       1
  277     389       1
  278     301       1
  279     349       1
  279     579       1
  280     427       1
  280     540       1
  283     420       1
  284     549       1
  285     487       1
  285     494       1
  285     599       1
  286     334       1
  286     491       1
  287     380       1
  289     440       1
  290     507       1
  291     506       1
  292     517       1
  293     566       1
  295     527       1
  296     412       1
  296     507       1
  296     550       1
  297     424       1
  299     351       1
  299     429       1
  300     301       1
  301     551       1
  304     600       1
  305     438       1
  305     444       1
  307     376       1
  309     556       1
  310     469       1
  312     435       1
  312     504       1
  312     592       1
  313     325       1
  314     317       1
  314     439       1
  314     450       1
  314     542       1
  315     512       1
  316     406       1
  317     445       1
  318     336       1
  319     572       1
  319     595       1
  320     402       1
  320     551       1
  321     561       1
  322     444       1
  324     419       1
  324     472       1
  325     597       1
  326     476       1
  327     556       1
  330     573       1
  332     391       1
  332     432       1
  333     471       1
  333     485       1
  333     574       1
  334     340       1
  334     459       1
  335     351       1
  335     473       1
  335     501       1
  337     498       1
  338     514       1
  340     395       1
  341     467       1
  343     434       1
  343     487       1
  344     438       1
  344     593       1
  345     402       1
  345     589       1
  346     472       1
  347     600       1
  348     412       1
  349     360       1
  349     457       1
  350     448       1
  350     533       1
  350     576       1
  350     582       1
  353     591       1
  355     591       1
  358     530       1
  359     575       1
  362     468       1
  365     479       1
  366     438       1
  366     470       1
  367     558       1
  368     558       1
  370     424       1
  371     513       1
  372     593       1
  373     386       1
  374     403       1
  375     401       1
  375     506       1
  375     546       1
  376     491       1
  376     528       1
  382     438       1
  383     409       1
  384     393       1
  385     390       1
  385     407       1
  385     411       1
  385     591       1
  386     540       1
  388     408       1
  388     454       1
  388     541       1
  390     391       1
  390     428       1
  390     551       1
  393     543       1
  394     424       1
  394     483       1
  396     532       1
  397     466       1
  399     558       1
  399     593       1
  400     563       1
  402     584       1
  403     418       1
  404     513       1
  404     524       1
  404     595       1
  405     541       1
  406     542       1
  407     447       1
  407     521       1
  407     553       1
  408     536       1
  409     512       1
  409     522       1
  410     450       1
  411     435       1
  411     452       1
  411     518       1
  411     547       1
  414     500       1
  414     513       1
  415     456       1
  415     480       1
  415     525       1
  416     483       1
  418     588       1
  423     520       1
  425     441       1
  426     458       1
  427     476       1
  427     573       1
  431     459       1
  431     596       1
  435     566       1
  437     449       1
  437     502       1
  438     502       1
  441     555       1
  444     563       1
  446     541       1
  448     465       1
  449     529       1
  449     548       1
  450     565       1
  451     477       1
  455     541       1
  456     508       1
  456     581       1
  459     512       1
  459     563       1
  459     577       1
  460     500       1
  460     526       1
  462     492       1
  463     491       1
  467     571       1
  471     546       1
  475     527       1
  476     561       1
  477     533       1
  478     535       1
  486     560       1
  487     579       1
  488     579       1
  489     493       1
  493     496       1
  497     584       1
  499     536       1
  499     571       1
  502     503       1
  502     507       1
  502     540       1
  502     563       1
  505     528       1
  506     571       1
  507     520       1
  507     580       1
  509     600       1
  513     574       1
  517     518       1
  523     599       1
  526     561       1
  552     554       1
  553     592       1
  554     571       1
  556     585       1
  572     596       1
  584     587       1
