  500     602
    1     140       1
    1     345       1
    2     136       1
    2     177       1
    3     111       1
    4     413       1
    4     493       1
    5      67       1
    5     179       1
    5     311       1
    5     411       1
    6      61       1
    6     137       1
    6     155       1
    6     470       1
    7     124       1
    7     178       1
    7     181       1
    7     327       1
    8     310       1
    8     408       1
    8     426       1
    8     427       1
    8     485       1
    9     194       1
    9     272       1
   10     106       1
   10     236       1
   11      78       1
   11     217       1
   12     234       1
   12     438       1
   13      93       1
   13     275       1
   14     189       1
   15     213       1
   15     216       1
   15     247       1
   15     442       1
   16      91       1
   16     215       1
   16     346       1
   16     415       1
   17      23       1
   17     216       1
   17     390       1
   17     395       1
   17     435       1
   17     472       1
   18     236       1
   19     154       1
   19     445       1
   20     342       1
   20     349       1
   21     273       1
   21     337       1
   21     474       1
   22     117       1
   22     127       1
   22     140       1
   23     217       1
   23     240       1
   23     266       1
   23     274       1
   23     332       1
   24     148       1
   24     174       1
   24     387       1
   24     452       1
   25     264       1
   26     240       1
   26     274       1
   27      33       1
   27      61       1
   27     279       1
   27     295       1
   27     454       1
   28     228       1
   29     324       1
   30     285       1
   30     461       1
   31     346       1
   32      71       1
   32     204       1
   32     286       1
   33     419       1
   34     376       1
   34     459       1
   35     139       1
   35     438       1
   36     336       1
   36     387       1
   37      47       1
   37     221       1
   37     290       1
   38     112       1
   39      74       1
   40     112       1
   40     172       1
   40     426       1
   40     430       1
   40     456       1
   41     387       1
   42     140       1
   43     114       1
   44     461       1
   45      48       1
   45     123       1
   45     441       1
   46     248       1
   46     295       1
   47      49       1
   47     312       1
   48      98       1
   48     134       1
   48     239       1
   48     379       1
   48     382       1
   48     424       1
   50      81       1
   51     129       1
   51     328       1
   52     472       1
   53     240       1
   54     312       1
   54     408       1
   54     409       1
   55     387       1
   56      66       1
   56     114       1
   56     468       1
   57     301       1
   57     495       1
   58     427       1
   59     143       1
   59     217       1
   59     280       1
   59     324       1
   60     119       1
   60     394       1
   62     408       1
   63      73       1
   64      82       1
   64     230       1
   64     426       1
   64     453       1
   65     404       1
   66     111       1
   66     113       1
   66     140       1
   66     145       1
   66     169       1
   66     254       1
   67     494       1
   68     157       1
   69     336       1
   70     474       1
   72     164       1
   72     235       1
   72     312       1
   72     354       1
   73     155       1
   73     180       1
   73     308       1
   73     445       1
   74     196       1
   74     434       1
   75     249       1
   76     207       1
   76     305       1
   76     321       1
   77     415       1
   78     164       1
   78     296       1
   78     303       1
   78     319       1
   79     268       1
   80     318       1
   81     196       1
   82     201       1
   83     219       1
   83     233       1
   83     256       1
   83     363       1
   84     114       1
   84     461       1
   85      88       1
   85     133       1
   85     210       1
   85     268       1
   86     208       1
   86     384       1
   87     122       1
   87     168       1
   87     216       1
   87     220       1
   87     252       1
   87     338       1
   88     167       1
   88     216       1
   88     323       1
   88     436       1
   89     114       1
   90     435       1
   91     207       1
   91     359       1
   91     474       1
   92     332       1
   93     199       1
   93     234       1
   94     121       1
   94     275       1
   94     409       1
   94     415       1
   95     467       1
   96     290       1
   97     218       1
   98     476       1
   99     402       1
  100     174       1
  101     110       1
  101     114       1
  101     257       1
  101     394       1
  102     161       1
  102     329       1
  102     376       1
  103     130       1
  103     183       1
  103     195       1
  103     209       1
  103     480       1
  104     298       1
  104     460       1
  104     495       1
  105     310       1
  106     223       1
  106     388       1
  106     485       1
  107     391       1
  107     401       1
  108     246       1
  109     467       1
  111     479       1
  111     482       1
  112     282       1
  112     337       1
  114     206       1
  114     259       1
  114     426       1
  114     489       1
  115     118       1
  116     239       1
  118     328       1
  120     177       1
  120     211       1
  120     387       1
  121     340       1
  122     184       1
  122     204       1
  122     278       1
  122     294       1
  123     224       1
  123     267       1
  124     141       1
  124     245       1
  124     261       1
  125     496       1
  126     180       1
  127     228       1
  127     403       1
  128     485       1
  129     216       1
  130     146       1
  131     157       1
  131     326       1
  132     211       1
  132     242       1
  132     446       1
  133     294       1
  133     458       1
  133     474       1
  134     295       1
  135     165       1
  135     190       1
  136     334       1
  136     406       1
  136     425       1
  138     465       1
  139     149       1
  139     331       1
  140     175       1
  140     286       1
  140     318       1
  140     423       1
  140     439       1
  141     164       1
  141     281       1
  141     423       1
  142     441       1
  143     207       1
  143     320       1
  143     328       1
  143     432       1
  144     197       1
  146     322       1
  146     329       1
  147     175       1
  147     192       1
  147     437       1
  148     164       1
  148     165       1
  148     313       1
  149     255       1
  150     430       1
  150     466       1
  151     249       1
  152     483       1
  153     284       1
  153     450       1
  154     237       1
  155     161       1
  155     399       1
  156     404       1
  157     484       1
  157     497       1
  157     499       1
  158     366       1
  158     481       1
  159     170       1
  159     264       1
  159     286       1
  159     293       1
  159     421       1
  160     178       1
  160     262       1
  161     431       1
  162     172       1
  162     324       1
  162     435       1
  163     399       1
  164     316       1
  165     245       1
  165     317       1
  165     362       1
  165     368       1
  166     245       1
  166     327       1
  166     353       1
  167     254       1
  168     201       1
  168     472       1
  170     378       1
  171     386       1
  172     319       1
  172     347       1
  172     411       1
  173     202       1
  175     263       1
  176     228       1
  177     216       1
  177     227       1
  177     429       1
  179     265       1
  180     400       1
  181     265       1
  182     339       1
  185     291       1
  186     339       1
  186     402       1
  187     357       1
  188     394       1
  188     474       1
  189     256       1
  190     299       1
  190     374       1
  190     490       1
  191     205       1
  191     398       1
  192     433       1
  193     305       1
  194     389       1
  196     362       1
  196     399       1
  196     486       1
  197     338       1
  198     208       1
  198     445       1
  199     304       1
  199     445       1
  200     263       1
  202     245       1
  203     437       1
  205     298       1
  205     392       1
  205     473       1
  206     321       1
  206     369       1
  209     314       1
  209     336       1
  209     362       1
  209     490       1
  211     289       1
  211     468       1
  212     216       1
  212     317       1
  213     246       1
  214     342       1
  214     436       1
  215     416       1
  215     462       1
  216     228       1
  216     253       1
  216     469       1
  216     490       1
  218     463       1
  218     500       1
  219     395       1
  221     343       1
  222     254       1
  222     351       1
  222     382       1
  222     436       1
  225     402       1
  226     337       1
  227     343       1
  228     298       1
  228     305       1
  228     445       1
  229     347       1
  231     339       1
  231     376       1
  231     478       1
  232     397       1
  233     286       1
  233     397       1
  233     402       1
  234     445       1
  235     276       1
  236     472       1
  238     288       1
  238     312       1
  240     241       1
  243     302       1
  244     251       1
  244     469       1
  245     260       1
  245     340       1
  247     309       1
  249     319       1
  250     422       1
  250     445       1
  253     278       1
  253     465       1
  255     386       1
  258     402       1
  258     492       1
  259     462       1
  262     497       1
  263     478       1
  264     278       1
  266     315       1
  267     386       1
  268     451       1
  269     470       1
  270     385       1
  270     453       1
  271     492       1
  272     273       1
  272     291       1
  274     385       1
  275     280       1
  275     310       1
  275     490       1
  276     450       1
  277     290       1
  278     301       1
  278     436       1
  278     496       1
  281     493       1
  282     285       1
  282     467       1
  283     430       1
  284     312       1
  286     291       1
  286     376       1
  287     490       1
  290     295       1
  290     317       1
  290     349       1
  291     474       1
  292     323       1
  293     404       1
  294     384       1
  294     471       1
  295     463       1
  297     448       1
  297     488       1
  300     397       1
  301     327       1
  302     460       1
  306     380       1
  306     433       1
  306     459       1
  307     414       1
  307     430       1
  307     481       1
  308     448       1
  309     333       1
  312     447       1
  314     426       1
  315     393       1
  316     447       1
  318     477       1
  319     446       1
  325     456       1
  325     498       1
  326     358       1
  326     406       1
  328     331       1
  328     334       1
  328     364       1
  329     381       1
  329     462       1
  329     470       1
  330     445       1
  331     450       1
  333     336       1
  335     347       1
  337     497       1
  338     440       1
  339     354       1
  340     428       1
  341     351       1
  341     406       1
  342     490       1
  344     393       1
  346     380       1
  348     380       1
  350     485       1
  351     407       1
  352     456       1
  355     404       1
  356     390       1
  356     449       1
  356     476       1
  357     371       1
  360     369       1
  361     412       1
  361     459       1
  361     474       1
  362     396       1
  364     428       1
  364     493       1
  365     457       1
  365     475       1
  367     405       1
  367     452       1
  368     405       1
  369     420       1
  370     411       1
  370     444       1
  371     415       1
  372     450       1
  373     448       1
  375     466       1
  376     383       1
  377     439       1
  377     500       1
  381     398       1
  384     499       1
  387     459       1
  388     440       1
  390     418       1
  391     445       1
  392     400       1
  394     489       1
  395     464       1
  401     494       1
  404     496       1
  406     417       1
  409     410       1
  410     437       1
  411     443       1
  412     496       1
  416     491       1
  421     498       1
  431     457       1
  431     479       1
  435     451       1
  438     483       1
  439     491       1
  440     443       1
  449     471       1
  449     482       1
  455     487       1
  462     500       1
  473     497       1
  474     490       1
  475     484       1
  479     487       1
  490     497       1
