  600     711
    1      57       1
    2     572       1
    3      80       1
    3     286       1
    3     310       1
    4      34       1
    4     370       1
    5     111       1
    5     208       1
    5     452       1
    5     531       1
    5     572       1
    6      71       1
    6     430       1
    7      14       1
    7      57       1
    7     221       1
    7     519       1
    8     128       1
    9     214       1
    9     319       1
    9     467       1
   10     178       1
   10     204       1
   10     233       1
   11     409       1
   11     565       1
   12     324       1
   12     491       1
   13     436       1
   14     509       1
   14     576       1
   15     167       1
   16     269       1
   16     324       1
   16     353       1
   16     365       1
   16     366       1
   16     372       1
   16     410       1
   16     441       1
   17     365       1
   18      70       1
   18      91       1
   18     210       1
   18     332       1
   19      29       1
   19     381       1
   19     486       1
   20     132       1
   20     221       1
   21     359       1
   22      55       1
   23     220       1
   23     591       1
   24     194       1
   24     294       1
   24     495       1
   25      52       1
   25     273       1
   26     123       1
   26     559       1
   27     427       1
   28     334       1
   28     369       1
   29     283       1
   29     471       1
   30      56       1
   30     429       1
   30     490       1
   31     134       1
   31     372       1
   31     419       1
   31     562       1
   32     200       1
   33      76       1
   33      83       1
   33     119       1
   33     158       1
   33     191       1
   33     221       1
   33     301       1
   33     305       1
   33     341       1
   33     372       1
   33     563       1
   35     126       1
   36      61       1
   36     320       1
   36     359       1
   37     192       1
   38     434       1
   39      66       1
   39     103       1
   39     310       1
   39     477       1
   40     294       1
   41     109       1
   41     148       1
   41     302       1
   42     168       1
   42     423       1
   42     466       1
   43     342       1
   44     107       1
   45      51       1
   45     126       1
   45     333       1
   46      61       1
   46     257       1
   46     350       1
   46     391       1
   46     563       1
   47     333       1
   48     184       1
   49     438       1
   49     512       1
   50      88       1
   50     163       1
   50     294       1
   50     575       1
   51     272       1
   53     438       1
   54     149       1
   55     274       1
   55     572       1
   57     154       1
   57     184       1
   57     572       1
   58     165       1
   58     287       1
   58     581       1
   59     245       1
   60      74       1
   60     194       1
   62     215       1
   62     300       1
   62     521       1
   62     557       1
   63     170       1
   63     401       1
   64     211       1
   64     307       1
   65     175       1
   65     250       1
   66     482       1
   67     118       1
   68     271       1
   68     303       1
   68     496       1
   69     340       1
   70     529       1
   71     371       1
   72     536       1
   73     315       1
   73     496       1
   74     134       1
   74     411       1
   74     481       1
   74     517       1
   75     353       1
   76      79       1
   76     224       1
   77     292       1
   77     305       1
   78     213       1
   79     199       1
   80     449       1
   81     276       1
   82     111       1
   82     144       1
   83     243       1
   84     426       1
   85     278       1
   85     494       1
   86     400       1
   86     443       1
   87     366       1
   87     470       1
   87     597       1
   89     557       1
   89     590       1
   90     213       1
   90     451       1
   90     464       1
   92     139       1
   92     365       1
   92     454       1
   93     184       1
   93     336       1
   93     367       1
   93     399       1
   93     537       1
   94     277       1
   95     357       1
   95     595       1
   96     339       1
   97     299       1
   98     237       1
   99     451       1
  100     160       1
  100     573       1
  101     181       1
  101     532       1
  101     593       1
  102     506       1
  102     582       1
  104     229       1
  104     301       1
  104     471       1
  104     526       1
  105     555       1
  106     481       1
  107     115       1
  108     340       1
  110     210       1
  111     149       1
  111     218       1
  112     250       1
  112     500       1
  113     193       1
  114     209       1
  115     287       1
  116     306       1
  116     410       1
  117     141       1
  117     173       1
  117     265       1
  118     235       1
  120     503       1
  120     515       1
  121     326       1
  122     374       1
  124     344       1
  124     438       1
  124     499       1
  125     247       1
  125     307       1
  126     346       1
  126     497       1
  127     148       1
  127     462       1
  128     192       1
  128     432       1
  128     552       1
  129     182       1
  130     297       1
  131     213       1
  132     490       1
  133     428       1
  133     468       1
  134     240       1
  134     255       1
  134     347       1
  135     330       1
  136     195       1
  136     287       1
  136     523       1
  137     378       1
  137     568       1
  138     300       1
  140     155       1
  140     348       1
  142     196       1
  142     564       1
  143     312       1
  144     286       1
  144     446       1
  144     584       1
  145     493       1
  145     530       1
  146     165       1
  147     537       1
  148     198       1
  148     216       1
  148     265       1
  148     468       1
  149     164       1
  149     179       1
  149     253       1
  149     510       1
  150     423       1
  150     429       1
  151     288       1
  152     208       1
  153     166       1
  153     305       1
  154     463       1
  155     253       1
  155     300       1
  155     382       1
  155     437       1
  156     495       1
  157     316       1
  158     162       1
  158     388       1
  158     518       1
  158     522       1
  159     252       1
  160     253       1
  160     304       1
  161     222       1
  161     370       1
  163     210       1
  163     418       1
  164     362       1
  165     443       1
  167     236       1
  167     361       1
  168     484       1
  168     590       1
  169     560       1
  171     216       1
  171     325       1
  171     589       1
  172     192       1
  172     390       1
  173     242       1
  174     233       1
  174     451       1
  176     525       1
  177     256       1
  177     463       1
  178     347       1
  178     373       1
  178     561       1
  179     221       1
  179     369       1
  179     416       1
  179     421       1
  180     206       1
  180     314       1
  181     192       1
  181     225       1
  182     301       1
  182     417       1
  183     189       1
  183     461       1
  184     418       1
  185     261       1
  185     593       1
  186     354       1
  186     493       1
  187     214       1
  187     433       1
  188     226       1
  188     403       1
  188     449       1
  189     483       1
  190     532       1
  192     532       1
  193     250       1
  194     317       1
  194     537       1
  194     579       1
  195     559       1
  196     514       1
  196     550       1
  197     420       1
  199     378       1
  200     448       1
  200     504       1
  201     394       1
  201     520       1
  201     528       1
  202     496       1
  203     496       1
  204     514       1
  205     371       1
  206     226       1
  206     356       1
  206     381       1
  206     434       1
  206     541       1
  206     570       1
  207     258       1
  207     272       1
  207     592       1
  209     369       1
  209     585       1
  210     415       1
  210     560       1
  210     598       1
  211     279       1
  212     518       1
  213     261       1
  214     468       1
  214     547       1
  215     554       1
  216     519       1
  216     539       1
  217     417       1
  217     489       1
  218     486       1
  219     321       1
  220     530       1
  221     303       1
  221     347       1
  221     555       1
  222     283       1
  223     527       1
  224     314       1
  225     286       1
  226     248       1
  226     258       1
  227     475       1
  227     599       1
  228     470       1
  229     262       1
  229     265       1
  230     295       1
  230     459       1
  231     581       1
  232     302       1
  232     318       1
  232     443       1
  233     239       1
  233     418       1
  233     563       1
  234     448       1
  235     584       1
  236     299       1
  237     556       1
  237     594       1
  238     393       1
  238     520       1
  238     591       1
  239     513       1
  240     435       1
  240     472       1
  240     548       1
  240     554       1
  241     335       1
  241     341       1
  241     483       1
  241     524       1
  241     566       1
  244     397       1
  244     416       1
  245     334       1
  245     411       1
  246     416       1
  247     264       1
  247     423       1
  249     265       1
  249     266       1
  249     453       1
  250     358       1
  250     372       1
  250     447       1
  250     530       1
  251     347       1
  251     371       1
  251     569       1
  252     596       1
  253     448       1
  253     558       1
  254     328       1
  254     372       1
  254     401       1
  255     594       1
  256     374       1
  257     342       1
  257     384       1
  257     508       1
  257     599       1
  259     294       1
  259     514       1
  260     323       1
  260     529       1
  261     288       1
  261     340       1
  261     444       1
  263     382       1
  263     519       1
  264     450       1
  265     267       1
  265     582       1
  268     288       1
  270     344       1
  270     369       1
  270     373       1
  270     376       1
  271     311       1
  271     383       1
  273     468       1
  274     321       1
  274     340       1
  274     401       1
  274     466       1
  274     576       1
  275     582       1
  276     450       1
  276     569       1
  277     325       1
  277     455       1
  277     472       1
  277     545       1
  277     563       1
  278     581       1
  279     299       1
  280     366       1
  280     464       1
  281     572       1
  282     505       1
  284     380       1
  285     469       1
  285     502       1
  285     588       1
  286     415       1
  287     339       1
  287     344       1
  287     453       1
  287     468       1
  287     543       1
  288     345       1
  288     448       1
  289     380       1
  290     467       1
  290     532       1
  291     329       1
  291     333       1
  292     525       1
  293     579       1
  295     527       1
  296     337       1
  297     360       1
  297     440       1
  297     499       1
  298     410       1
  298     565       1
  299     300       1
  299     363       1
  299     432       1
  300     349       1
  300     438       1
  301     584       1
  305     465       1
  305     596       1
  306     390       1
  306     394       1
  307     487       1
  308     442       1
  309     487       1
  310     594       1
  312     401       1
  313     411       1
  315     334       1
  315     347       1
  316     468       1
  318     328       1
  319     361       1
  319     382       1
  321     538       1
  322     591       1
  323     376       1
  326     349       1
  326     574       1
  327     362       1
  328     399       1
  330     499       1
  331     352       1
  333     340       1
  333     425       1
  334     492       1
  334     542       1
  336     527       1
  337     370       1
  337     389       1
  337     412       1
  337     485       1
  337     514       1
  337     567       1
  338     373       1
  338     473       1
  340     372       1
  340     402       1
  342     386       1
  342     466       1
  343     571       1
  344     383       1
  345     476       1
  347     365       1
  347     503       1
  347     557       1
  349     505       1
  350     351       1
  350     482       1
  350     535       1
  350     600       1
  352     357       1
  353     434       1
  353     565       1
  354     412       1
  355     381       1
  357     572       1
  360     407       1
  360     411       1
  361     456       1
  362     576       1
  364     560       1
  368     518       1
  369     468       1
  370     544       1
  371     530       1
  372     567       1
  374     468       1
  374     480       1
  375     415       1
  377     431       1
  377     530       1
  377     532       1
  378     424       1
  379     562       1
  380     528       1
  380     581       1
  383     473       1
  383     498       1
  385     539       1
  387     424       1
  387     461       1
  391     504       1
  391     543       1
  392     544       1
  395     434       1
  396     429       1
  398     479       1
  400     460       1
  404     443       1
  404     463       1
  404     476       1
  404     532       1
  404     575       1
  405     600       1
  406     449       1
  408     412       1
  408     497       1
  411     529       1
  412     571       1
  413     502       1
  413     556       1
  414     471       1
  414     549       1
  415     436       1
  418     584       1
  420     437       1
  420     466       1
  420     553       1
  420     577       1
  421     533       1
  422     448       1
  423     556       1
  424     575       1
  425     471       1
  426     518       1
  427     526       1
  428     566       1
  428     575       1
  434     583       1
  435     457       1
  437     586       1
  437     591       1
  438     479       1
  439     478       1
  441     561       1
  442     540       1
  443     468       1
  445     547       1
  447     561       1
  449     458       1
  449     466       1
  449     487       1
  452     481       1
  456     496       1
  456     500       1
  468     523       1
  468     558       1
  474     537       1
  476     554       1
  478     592       1
  481     587       1
  482     501       1
  482     559       1
  482     588       1
  488     535       1
  489     554       1
  490     592       1
  492     494       1
  493     544       1
  496     511       1
  499     600       1
  506     507       1
  507     543       1
  507     593       1
  509     551       1
  516     585       1
  523     534       1
  523     548       1
  525     527       1
  527     560       1
  528     568       1
  530     583       1
  531     564       1
  533     580       1
  536     563       1
  536     578       1
  540     592       1
  546     581       1
  560     569       1
  560     592       1
  568     585       1
