  200     266
    1      75       1
    1     140       1
    2     157       1
    3      73       1
    3      76       1
    4     113       1
    4     120       1
    5     103       1
    6     125       1
    6     193       1
    7      16       1
    8      24       1
    8      32       1
    9     138       1
    9     194       1
   10     168       1
   11      57       1
   12     151       1
   12     157       1
   12     196       1
   13     150       1
   13     168       1
   14      66       1
   14     107       1
   14     123       1
   15      63       1
   15      67       1
   16      32       1
   16     128       1
   17     194       1
   18      50       1
   18     171       1
   18     174       1
   19      64       1
   19     193       1
   20      69       1
   20      93       1
   20     199       1
   21     100       1
   21     104       1
   21     129       1
   22     153       1
   22     183       1
   23      62       1
   23     184       1
   24     145       1
   24     184       1
   25      72       1
   26      89       1
   26      94       1
   26     138       1
   27     191       1
   28      41       1
   28     184       1
   29     155       1
   30      31       1
   30      72       1
   30      73       1
   31      38       1
   31      76       1
   31     180       1
   31     198       1
   32      52       1
   33      66       1
   33      79       1
   33     192       1
   33     198       1
   34      85       1
   35     146       1
   35     162       1
   36      74       1
   36     111       1
   36     175       1
   37      84       1
   37     195       1
   38      87       1
   38     116       1
   39      86       1
   40     136       1
   41     137       1
   41     185       1
   42      86       1
   42      95       1
   42     186       1
   43      92       1
   43     188       1
   44      81       1
   44     107       1
   44     189       1
   45     195       1
   46      75       1
   47     154       1
   47     158       1
   47     188       1
   48      58       1
   49      77       1
   49      80       1
   49     117       1
   49     123       1
   50      74       1
   50     124       1
   50     134       1
   51      60       1
   52      83       1
   52     134       1
   53      65       1
   53     161       1
   54      69       1
   54      97       1
   54     110       1
   54     121       1
   54     162       1
   55     118       1
   56     102       1
   56     111       1
   57     119       1
   57     127       1
   57     164       1
   57     177       1
   58      77       1
   58     138       1
   59      66       1
   59     103       1
   59     162       1
   59     197       1
   60      70       1
   60     104       1
   60     141       1
   60     157       1
   61      88       1
   61      91       1
   61     107       1
   61     143       1
   61     148       1
   62     145       1
   64     107       1
   66     130       1
   66     147       1
   67     121       1
   67     138       1
   68     111       1
   68     135       1
   68     139       1
   68     200       1
   69     101       1
   69     186       1
   70      96       1
   70     152       1
   70     198       1
   71     136       1
   73     126       1
   73     147       1
   74      75       1
   74     162       1
   75     156       1
   75     178       1
   75     198       1
   76     149       1
   78      86       1
   78     139       1
   78     143       1
   78     178       1
   79     145       1
   80      87       1
   80     145       1
   80     162       1
   80     180       1
   81     163       1
   82     101       1
   82     151       1
   84     166       1
   85     113       1
   85     122       1
   86     123       1
   86     197       1
   87     150       1
   88      89       1
   88      90       1
   89     194       1
   90     182       1
   91     169       1
   92     185       1
   92     194       1
   93     175       1
   93     183       1
   93     185       1
   94     136       1
   94     183       1
   95     190       1
   97     194       1
   98     195       1
   99     137       1
  102     112       1
  104     178       1
  104     185       1
  105     121       1
  105     184       1
  105     188       1
  106     121       1
  106     155       1
  108     121       1
  108     156       1
  109     150       1
  111     134       1
  112     127       1
  113     134       1
  113     139       1
  114     119       1
  115     119       1
  116     176       1
  118     162       1
  118     164       1
  119     148       1
  119     191       1
  120     131       1
  121     123       1
  122     198       1
  123     129       1
  126     140       1
  128     145       1
  128     162       1
  129     190       1
  130     165       1
  131     178       1
  131     185       1
  132     159       1
  132     162       1
  133     147       1
  134     186       1
  135     194       1
  136     151       1
  138     144       1
  138     198       1
  139     149       1
  142     175       1
  146     194       1
  148     154       1
  148     176       1
  148     195       1
  149     169       1
  149     184       1
  149     186       1
  149     195       1
  150     154       1
  150     168       1
  151     179       1
  151     184       1
  153     156       1
  154     167       1
  154     170       1
  154     173       1
  159     184       1
  160     174       1
  161     198       1
  162     174       1
  165     174       1
  165     184       1
  166     179       1
  170     172       1
  170     187       1
  172     176       1
  173     181       1
  178     184       1
  184     188       1
  185     195       1
  190     195       1
