  300     380
    1     212       1
    1     241       1
    1     288       1
    2      53       1
    3      59       1
    3      71       1
    3     198       1
    4      16       1
    4     127       1
    5     253       1
    5     287       1
    6      84       1
    6     121       1
    6     167       1
    6     181       1
    7     221       1
    7     281       1
    8      96       1
    8     125       1
    8     148       1
    8     163       1
    8     290       1
    9      88       1
    9     244       1
    9     296       1
   10     235       1
   11     260       1
   12     130       1
   13      24       1
   13      42       1
   13      68       1
   13      87       1
   14     183       1
   14     203       1
   14     272       1
   15     242       1
   16     111       1
   16     130       1
   16     158       1
   16     284       1
   17     164       1
   17     227       1
   17     262       1
   18      79       1
   18     100       1
   19      72       1
   20     172       1
   21     250       1
   22     115       1
   23     242       1
   23     261       1
   24     296       1
   25      78       1
   25      84       1
   25     158       1
   25     175       1
   26      27       1
   26     255       1
   27      56       1
   27      91       1
   28      39       1
   28     117       1
   29     153       1
   29     260       1
   30     286       1
   31     231       1
   31     298       1
   32      86       1
   32      97       1
   32     118       1
   32     192       1
   32     288       1
   33     111       1
   33     184       1
   33     238       1
   34      91       1
   34     105       1
   34     226       1
   35      69       1
   35      70       1
   35     180       1
   35     218       1
   36     197       1
   36     199       1
   36     228       1
   37     122       1
   37     264       1
   38      76       1
   38      95       1
   38     158       1
   38     237       1
   39      60       1
   40      63       1
   40     264       1
   41     138       1
   41     244       1
   42     158       1
   43     219       1
   44     141       1
   44     274       1
   45      89       1
   45     105       1
   45     282       1
   46      98       1
   46     238       1
   46     294       1
   47     198       1
   47     248       1
   47     259       1
   47     278       1
   48      51       1
   48      79       1
   48     110       1
   48     142       1
   48     143       1
   48     187       1
   48     209       1
   48     258       1
   48     261       1
   49     207       1
   50     104       1
   51      81       1
   51     140       1
   52     262       1
   52     285       1
   53     209       1
   53     232       1
   54     191       1
   54     195       1
   55     178       1
   56     132       1
   56     146       1
   57      80       1
   57     126       1
   57     138       1
   57     231       1
   58     153       1
   58     178       1
   58     217       1
   58     285       1
   59     231       1
   59     235       1
   59     270       1
   59     285       1
   60     139       1
   61      94       1
   61     201       1
   61     272       1
   61     274       1
   61     283       1
   61     293       1
   62     223       1
   63     131       1
   64      96       1
   64     115       1
   64     180       1
   64     221       1
   64     292       1
   65      75       1
   65     194       1
   65     291       1
   65     293       1
   65     295       1
   66     188       1
   66     204       1
   67     143       1
   68     171       1
   69     224       1
   69     240       1
   70     249       1
   71      77       1
   72      87       1
   72     198       1
   73     283       1
   73     289       1
   74     261       1
   75      95       1
   75     107       1
   75     280       1
   79     136       1
   79     142       1
   79     233       1
   79     235       1
   79     241       1
   81     151       1
   81     175       1
   81     248       1
   82     199       1
   83     119       1
   83     172       1
   83     197       1
   85     106       1
   85     239       1
   86      98       1
   86     222       1
   87     158       1
   87     252       1
   88     211       1
   89     206       1
   89     224       1
   90     115       1
   90     199       1
   90     274       1
   91     124       1
   91     242       1
   91     266       1
   92     132       1
   92     179       1
   92     246       1
   93     286       1
   94     135       1
   94     160       1
   94     236       1
   94     247       1
   95     168       1
   95     259       1
   95     276       1
   96     171       1
   96     196       1
   96     247       1
   97     108       1
   97     215       1
   97     291       1
   98      99       1
   98     260       1
  101     115       1
  101     220       1
  101     281       1
  102     149       1
  102     224       1
  102     239       1
  103     278       1
  104     116       1
  104     223       1
  105     199       1
  106     215       1
  108     173       1
  109     180       1
  110     139       1
  110     160       1
  111     203       1
  112     150       1
  112     264       1
  113     193       1
  113     272       1
  114     294       1
  116     154       1
  116     202       1
  116     261       1
  116     277       1
  117     162       1
  117     211       1
  117     220       1
  120     247       1
  121     220       1
  123     283       1
  125     254       1
  127     224       1
  128     263       1
  129     233       1
  129     245       1
  130     291       1
  132     260       1
  133     190       1
  133     220       1
  133     243       1
  134     159       1
  134     166       1
  134     202       1
  134     234       1
  134     255       1
  135     230       1
  135     286       1
  136     166       1
  137     194       1
  138     195       1
  138     276       1
  139     199       1
  141     157       1
  143     195       1
  143     219       1
  143     242       1
  144     193       1
  144     199       1
  145     264       1
  147     158       1
  147     177       1
  148     229       1
  150     155       1
  150     220       1
  150     225       1
  150     260       1
  150     300       1
  152     221       1
  156     283       1
  158     240       1
  158     261       1
  161     244       1
  161     248       1
  163     295       1
  164     258       1
  164     275       1
  165     204       1
  165     220       1
  165     299       1
  166     188       1
  167     214       1
  168     235       1
  168     271       1
  169     254       1
  170     240       1
  171     232       1
  172     187       1
  173     231       1
  174     185       1
  174     209       1
  175     287       1
  176     195       1
  177     273       1
  180     216       1
  181     195       1
  181     277       1
  182     204       1
  183     209       1
  183     291       1
  184     195       1
  186     284       1
  188     191       1
  188     192       1
  189     195       1
  193     257       1
  194     213       1
  194     225       1
  194     250       1
  195     221       1
  195     242       1
  197     205       1
  198     268       1
  198     288       1
  199     278       1
  200     259       1
  201     282       1
  204     295       1
  206     233       1
  206     271       1
  207     229       1
  207     244       1
  208     221       1
  209     248       1
  210     258       1
  211     263       1
  211     282       1
  214     221       1
  214     252       1
  215     299       1
  216     262       1
  220     285       1
  221     267       1
  221     270       1
  221     289       1
  225     253       1
  231     300       1
  234     269       1
  239     274       1
  240     285       1
  244     285       1
  245     256       1
  245     265       1
  246     273       1
  247     261       1
  247     265       1
  249     283       1
  251     288       1
  255     293       1
  261     267       1
  265     279       1
  276     295       1
  276     299       1
  285     294       1
  285     297       1
