  300     380
    1     128       1
    2     153       1
    3     126       1
    3     211       1
    4     110       1
    4     141       1
    5     107       1
    6     150       1
    7     152       1
    7     261       1
    8     124       1
    9      76       1
    9      77       1
    9     150       1
    9     209       1
   10     264       1
   10     275       1
   10     280       1
   11      66       1
   11      67       1
   11     117       1
   11     196       1
   12      57       1
   12     241       1
   13      30       1
   13     116       1
   14     200       1
   15     167       1
   15     291       1
   16      30       1
   16     220       1
   17      65       1
   17     163       1
   17     214       1
   17     248       1
   17     254       1
   18     113       1
   18     158       1
   19     120       1
   19     171       1
   19     264       1
   20     210       1
   20     232       1
   21      60       1
   21     135       1
   22     221       1
   23      37       1
   23     101       1
   23     165       1
   23     187       1
   23     215       1
   23     221       1
   23     264       1
   24      49       1
   24     136       1
   24     169       1
   24     300       1
   25     197       1
   26     154       1
   27     133       1
   27     176       1
   28      98       1
   28     174       1
   29     230       1
   31      95       1
   32     112       1
   32     212       1
   33      75       1
   33     102       1
   34      56       1
   34     108       1
   34     257       1
   34     270       1
   35      83       1
   35     124       1
   36     101       1
   37     118       1
   38     135       1
   38     201       1
   38     207       1
   39     152       1
   40     249       1
   40     291       1
   41     279       1
   42     284       1
   43     110       1
   44     107       1
   45     213       1
   46     114       1
   46     115       1
   46     297       1
   47      73       1
   47      78       1
   47     139       1
   47     265       1
   48      96       1
   48     142       1
   48     173       1
   49      64       1
   49     101       1
   49     137       1
   49     156       1
   49     167       1
   49     194       1
   50      64       1
   51     251       1
   51     268       1
   52     234       1
   53     129       1
   53     199       1
   54     200       1
   54     230       1
   55     161       1
   56     254       1
   57     146       1
   57     211       1
   58     112       1
   58     154       1
   58     155       1
   59     290       1
   61     153       1
   61     271       1
   62     141       1
   63     158       1
   66     130       1
   66     255       1
   68     102       1
   68     196       1
   68     253       1
   69     106       1
   69     110       1
   69     250       1
   70     209       1
   71     241       1
   72     239       1
   74     148       1
   75     107       1
   76     116       1
   76     125       1
   76     136       1
   76     227       1
   77      79       1
   77     206       1
   77     225       1
   78     191       1
   79     191       1
   80     123       1
   80     163       1
   80     176       1
   81      91       1
   81     139       1
   82     209       1
   83     144       1
   83     189       1
   84     203       1
   84     290       1
   85      99       1
   85     111       1
   86     168       1
   86     199       1
   87     138       1
   87     195       1
   87     260       1
   88     247       1
   88     272       1
   89     114       1
   90     102       1
   90     104       1
   90     132       1
   90     221       1
   90     269       1
   91     114       1
   91     173       1
   91     242       1
   92     107       1
   92     225       1
   92     292       1
   93     103       1
   93     217       1
   93     226       1
   93     230       1
   93     236       1
   93     261       1
   94     129       1
   94     164       1
   95     178       1
   95     194       1
   95     282       1
   95     294       1
   96      98       1
   96     154       1
   96     225       1
   97     145       1
   97     268       1
   98     110       1
   98     155       1
   98     170       1
   98     291       1
   99     123       1
   99     148       1
   99     180       1
   99     205       1
  100     130       1
  101     139       1
  101     230       1
  102     174       1
  102     205       1
  102     256       1
  103     139       1
  103     178       1
  103     249       1
  104     110       1
  105     119       1
  105     276       1
  105     299       1
  107     115       1
  107     117       1
  107     145       1
  107     216       1
  107     291       1
  108     184       1
  108     287       1
  109     212       1
  110     114       1
  110     153       1
  110     190       1
  110     194       1
  110     230       1
  110     270       1
  111     286       1
  112     208       1
  114     118       1
  114     124       1
  114     152       1
  114     158       1
  114     159       1
  116     140       1
  117     128       1
  119     204       1
  120     131       1
  120     239       1
  120     285       1
  121     141       1
  121     203       1
  121     216       1
  122     148       1
  124     199       1
  124     239       1
  124     267       1
  124     299       1
  125     151       1
  126     181       1
  126     213       1
  126     277       1
  127     208       1
  127     217       1
  128     274       1
  128     278       1
  129     266       1
  129     287       1
  130     209       1
  130     241       1
  130     253       1
  133     218       1
  133     272       1
  134     193       1
  135     273       1
  138     180       1
  139     174       1
  140     157       1
  140     287       1
  141     164       1
  141     263       1
  142     283       1
  143     221       1
  144     148       1
  146     250       1
  146     260       1
  147     198       1
  147     211       1
  147     295       1
  147     296       1
  148     159       1
  148     297       1
  149     179       1
  149     248       1
  150     294       1
  151     222       1
  152     157       1
  153     177       1
  153     197       1
  153     268       1
  153     286       1
  155     198       1
  155     212       1
  155     289       1
  156     288       1
  157     188       1
  160     248       1
  161     201       1
  161     295       1
  162     171       1
  163     180       1
  163     244       1
  165     184       1
  165     238       1
  166     180       1
  166     272       1
  167     250       1
  168     215       1
  171     186       1
  172     186       1
  172     233       1
  173     208       1
  174     202       1
  174     275       1
  175     250       1
  177     213       1
  177     269       1
  178     258       1
  179     266       1
  179     277       1
  182     284       1
  183     247       1
  185     239       1
  186     245       1
  186     276       1
  188     218       1
  190     209       1
  190     272       1
  191     201       1
  191     290       1
  192     240       1
  193     197       1
  193     214       1
  196     296       1
  199     244       1
  201     248       1
  202     239       1
  206     286       1
  207     219       1
  207     298       1
  208     279       1
  210     295       1
  219     279       1
  220     281       1
  220     291       1
  223     268       1
  224     228       1
  224     239       1
  225     259       1
  227     255       1
  228     264       1
  228     276       1
  229     270       1
  230     235       1
  230     244       1
  231     257       1
  232     247       1
  234     253       1
  234     273       1
  236     256       1
  237     270       1
  239     245       1
  239     246       1
  240     270       1
  241     244       1
  242     275       1
  243     256       1
  244     245       1
  245     262       1
  247     248       1
  247     272       1
  249     258       1
  252     259       1
  252     270       1
  252     284       1
  256     291       1
  271     273       1
  284     293       1
