   50      85
    1      34       1
    1      43       1
    1      50       1
    2       4       1
    2       5       1
    2       6       1
    2       7       1
    2       9       1
    2      24       1
    2      40       1
    3      17       1
    3      27       1
    3      30       1
    3      31       1
    5      19       1
    5      35       1
    6       9       1
    7      16       1
    7      46       1
    7      48       1
    8      21       1
    8      25       1
    8      30       1
    8      36       1
    9      12       1
    9      13       1
    9      16       1
    9      23       1
    9      38       1
    9      43       1
   10      20       1
   10      23       1
   10      34       1
   11      24       1
   11      48       1
   12      14       1
   12      20       1
   12      31       1
   14      21       1
   14      26       1
   14      39       1
   14      43       1
   14      46       1
   15      24       1
   15      39       1
   15      42       1
   16      41       1
   17      42       1
   17      47       1
   18      21       1
   18      29       1
   19      24       1
   19      41       1
   20      33       1
   20      35       1
   21      26       1
   21      41       1
   22      41       1
   22      42       1
   22      49       1
   23      46       1
   25      26       1
   25      27       1
   25      32       1
   25      44       1
   26      27       1
   26      35       1
   27      28       1
   28      36       1
   30      36       1
   30      45       1
   30      46       1
   31      36       1
   31      44       1
   31      46       1
   32      36       1
   33      44       1
   34      38       1
   35      42       1
   35      44       1
   36      47       1
   37      50       1
   38      39       1
   39      47       1
   41      43       1
