  700     820
    1      56       1
    2     303       1
    2     460       1
    3     230       1
    3     353       1
    3     404       1
    4     580       1
    5      23       1
    6     104       1
    6     184       1
    7     202       1
    8      58       1
    8     484       1
    8     689       1
    9     120       1
    9     353       1
    9     397       1
    9     547       1
   10     147       1
   11     229       1
   11     414       1
   11     416       1
   11     666       1
   12     252       1
   12     272       1
   12     348       1
   12     414       1
   13     137       1
   14     112       1
   14     370       1
   14     388       1
   14     553       1
   14     646       1
   15     312       1
   15     499       1
   16     249       1
   17     126       1
   17     522       1
   18     628       1
   19     216       1
   19     578       1
   20     196       1
   21     332       1
   22     517       1
   23     341       1
   23     626       1
   23     663       1
   24     513       1
   24     527       1
   25     134       1
   25     168       1
   26     103       1
   26     320       1
   26     560       1
   27     184       1
   27     276       1
   28      50       1
   29      41       1
   29     113       1
   29     318       1
   30     507       1
   30     686       1
   31     132       1
   31     368       1
   32     281       1
   32     395       1
   32     662       1
   33     208       1
   33     499       1
   34      83       1
   35     161       1
   35     232       1
   35     260       1
   35     538       1
   36     472       1
   37     437       1
   37     615       1
   37     683       1
   37     691       1
   38      83       1
   39      86       1
   39     392       1
   40     152       1
   40     180       1
   40     228       1
   40     267       1
   40     362       1
   40     470       1
   40     609       1
   42     234       1
   42     295       1
   42     307       1
   43     540       1
   44     177       1
   45     305       1
   45     482       1
   45     623       1
   45     659       1
   46     249       1
   47     415       1
   47     456       1
   48     110       1
   48     344       1
   48     385       1
   48     557       1
   49     249       1
   49     359       1
   50     270       1
   50     571       1
   50     627       1
   51     209       1
   52     506       1
   52     543       1
   53     209       1
   53     280       1
   54     327       1
   54     670       1
   55     412       1
   56     173       1
   57     681       1
   57     689       1
   58     134       1
   58     390       1
   59      87       1
   59     104       1
   59     401       1
   60     317       1
   60     479       1
   61     435       1
   61     439       1
   61     518       1
   62     301       1
   62     436       1
   62     478       1
   62     536       1
   63     138       1
   64     328       1
   64     343       1
   65     177       1
   66     188       1
   66     204       1
   66     369       1
   66     455       1
   66     557       1
   67     642       1
   68     366       1
   68     459       1
   68     545       1
   69     124       1
   70     397       1
   71     174       1
   71     270       1
   71     338       1
   71     343       1
   71     399       1
   71     450       1
   72     603       1
   73     316       1
   73     319       1
   74     157       1
   74     365       1
   75     149       1
   75     453       1
   75     482       1
   75     579       1
   76     335       1
   77     107       1
   77     178       1
   77     205       1
   77     489       1
   77     537       1
   78     411       1
   78     614       1
   79     276       1
   79     403       1
   80     131       1
   80     421       1
   81     647       1
   81     649       1
   82     196       1
   82     636       1
   82     691       1
   83      87       1
   83     136       1
   83     143       1
   83     292       1
   84     601       1
   85     526       1
   86     263       1
   86     272       1
   87     187       1
   87     216       1
   87     278       1
   87     496       1
   87     557       1
   88     468       1
   89     144       1
   89     261       1
   90     133       1
   90     682       1
   91     372       1
   91     549       1
   92     243       1
   92     353       1
   93     148       1
   93     267       1
   93     642       1
   94     372       1
   95     372       1
   95     480       1
   95     633       1
   96     402       1
   97     133       1
   97     432       1
   98     287       1
   98     541       1
   99     352       1
  100     198       1
  100     301       1
  101     182       1
  101     481       1
  101     645       1
  102     167       1
  102     513       1
  103     654       1
  105     478       1
  106     429       1
  106     596       1
  107     337       1
  107     536       1
  108     231       1
  108     271       1
  108     365       1
  108     550       1
  109     440       1
  109     644       1
  111     207       1
  111     235       1
  112     480       1
  112     578       1
  112     670       1
  114     215       1
  115     474       1
  115     625       1
  116     463       1
  116     593       1
  117     475       1
  117     530       1
  117     583       1
  118     485       1
  118     558       1
  118     667       1
  119     507       1
  121     661       1
  122     339       1
  122     379       1
  123     455       1
  123     519       1
  124     159       1
  124     505       1
  125     313       1
  125     349       1
  125     422       1
  125     424       1
  126     150       1
  126     510       1
  127     518       1
  128     175       1
  128     571       1
  129     299       1
  129     370       1
  129     421       1
  129     498       1
  129     558       1
  129     613       1
  129     666       1
  130     137       1
  130     418       1
  131     370       1
  131     607       1
  132     612       1
  133     458       1
  134     196       1
  135     213       1
  135     444       1
  136     190       1
  136     507       1
  136     590       1
  137     335       1
  137     478       1
  138     196       1
  138     459       1
  139     152       1
  140     403       1
  141     162       1
  141     307       1
  142     652       1
  143     325       1
  143     449       1
  143     463       1
  144     259       1
  145     460       1
  145     541       1
  146     209       1
  146     502       1
  147     480       1
  148     576       1
  149     396       1
  151     206       1
  151     228       1
  151     274       1
  152     212       1
  153     184       1
  153     599       1
  154     655       1
  155     429       1
  155     510       1
  155     638       1
  156     172       1
  156     357       1
  157     453       1
  157     604       1
  158     321       1
  159     247       1
  159     520       1
  159     555       1
  159     696       1
  160     216       1
  160     472       1
  160     487       1
  161     324       1
  161     635       1
  162     558       1
  163     209       1
  164     255       1
  164     409       1
  164     555       1
  164     693       1
  165     229       1
  166     319       1
  166     343       1
  167     460       1
  168     676       1
  169     426       1
  169     609       1
  169     641       1
  169     677       1
  170     469       1
  170     510       1
  171     291       1
  171     421       1
  171     529       1
  172     229       1
  173     253       1
  173     292       1
  173     450       1
  173     661       1
  174     348       1
  176     472       1
  177     244       1
  177     627       1
  177     697       1
  178     407       1
  179     192       1
  179     505       1
  180     292       1
  181     213       1
  182     218       1
  182     230       1
  182     367       1
  183     307       1
  183     506       1
  183     509       1
  185     621       1
  186     262       1
  186     274       1
  186     564       1
  187     411       1
  187     465       1
  187     656       1
  189     230       1
  189     547       1
  190     619       1
  191     252       1
  192     235       1
  192     580       1
  193     672       1
  194     377       1
  194     383       1
  194     428       1
  194     558       1
  194     628       1
  194     631       1
  194     650       1
  194     673       1
  195     259       1
  197     480       1
  198     236       1
  199     401       1
  199     431       1
  200     368       1
  201     408       1
  201     557       1
  202     340       1
  202     391       1
  202     460       1
  202     497       1
  202     694       1
  203     425       1
  203     599       1
  204     605       1
  205     384       1
  205     413       1
  205     651       1
  206     285       1
  207     551       1
  208     488       1
  209     292       1
  209     445       1
  209     555       1
  209     670       1
  210     248       1
  210     667       1
  211     292       1
  211     502       1
  212     669       1
  213     298       1
  213     383       1
  213     403       1
  213     681       1
  214     440       1
  215     448       1
  216     538       1
  216     621       1
  217     380       1
  218     226       1
  218     480       1
  218     524       1
  218     597       1
  219     350       1
  219     487       1
  220     263       1
  221     365       1
  222     454       1
  222     666       1
  223     508       1
  224     371       1
  224     399       1
  225     643       1
  226     647       1
  227     282       1
  227     333       1
  228     292       1
  228     294       1
  228     329       1
  229     409       1
  229     552       1
  230     485       1
  231     659       1
  232     306       1
  232     599       1
  232     600       1
  233     353       1
  233     429       1
  233     460       1
  234     268       1
  235     315       1
  237     681       1
  238     670       1
  239     266       1
  240     675       1
  241     425       1
  242     298       1
  242     424       1
  243     317       1
  243     341       1
  243     608       1
  243     688       1
  245     274       1
  246     395       1
  247     592       1
  248     254       1
  249     495       1
  249     517       1
  250     270       1
  251     496       1
  252     682       1
  253     326       1
  253     417       1
  253     419       1
  254     345       1
  256     269       1
  256     441       1
  256     452       1
  257     460       1
  258     311       1
  258     635       1
  258     670       1
  259     282       1
  259     352       1
  259     487       1
  261     319       1
  261     410       1
  262     323       1
  263     274       1
  263     569       1
  264     472       1
  265     461       1
  265     652       1
  266     280       1
  266     417       1
  266     518       1
  267     270       1
  267     284       1
  267     472       1
  268     511       1
  269     335       1
  269     516       1
  269     573       1
  270     562       1
  272     378       1
  273     402       1
  274     423       1
  275     309       1
  277     310       1
  277     399       1
  277     639       1
  278     532       1
  279     565       1
  281     460       1
  281     619       1
  283     654       1
  283     697       1
  284     587       1
  286     513       1
  288     459       1
  289     330       1
  290     405       1
  290     468       1
  290     593       1
  290     603       1
  290     684       1
  291     518       1
  291     690       1
  292     321       1
  292     395       1
  292     511       1
  293     434       1
  293     490       1
  293     658       1
  294     676       1
  295     503       1
  296     393       1
  297     571       1
  298     460       1
  299     549       1
  300     377       1
  302     593       1
  304     425       1
  305     667       1
  306     547       1
  307     443       1
  307     558       1
  308     475       1
  309     545       1
  309     699       1
  310     581       1
  314     465       1
  315     450       1
  316     392       1
  317     405       1
  317     589       1
  317     622       1
  317     646       1
  318     406       1
  318     466       1
  318     519       1
  318     626       1
  319     472       1
  319     610       1
  319     692       1
  320     603       1
  320     653       1
  321     345       1
  321     351       1
  321     386       1
  322     365       1
  322     674       1
  323     399       1
  324     381       1
  325     544       1
  325     679       1
  327     555       1
  327     665       1
  330     414       1
  330     533       1
  331     403       1
  332     349       1
  333     488       1
  334     659       1
  336     572       1
  336     635       1
  338     450       1
  338     582       1
  342     446       1
  342     613       1
  342     652       1
  343     487       1
  344     396       1
  344     542       1
  345     584       1
  346     653       1
  347     496       1
  347     576       1
  349     440       1
  349     620       1
  351     396       1
  352     700       1
  353     392       1
  353     400       1
  353     513       1
  354     552       1
  355     405       1
  355     466       1
  355     492       1
  356     387       1
  357     483       1
  357     562       1
  358     607       1
  359     517       1
  359     553       1
  360     389       1
  360     690       1
  361     549       1
  363     376       1
  363     473       1
  364     462       1
  366     491       1
  366     519       1
  366     535       1
  366     590       1
  369     570       1
  373     437       1
  374     638       1
  375     448       1
  375     452       1
  376     458       1
  377     447       1
  378     526       1
  378     637       1
  379     398       1
  379     488       1
  379     611       1
  380     466       1
  380     542       1
  382     636       1
  383     408       1
  383     643       1
  384     612       1
  387     599       1
  390     461       1
  390     557       1
  391     567       1
  391     580       1
  392     397       1
  393     411       1
  394     397       1
  396     596       1
  398     538       1
  402     547       1
  403     471       1
  403     572       1
  403     632       1
  405     629       1
  411     472       1
  411     675       1
  412     666       1
  414     432       1
  414     594       1
  416     583       1
  417     458       1
  419     575       1
  419     659       1
  420     435       1
  420     599       1
  421     458       1
  421     483       1
  421     504       1
  423     586       1
  424     477       1
  424     490       1
  424     577       1
  424     579       1
  424     599       1
  424     634       1
  424     675       1
  425     438       1
  427     581       1
  427     651       1
  430     453       1
  430     556       1
  431     515       1
  433     611       1
  438     581       1
  439     501       1
  439     685       1
  440     452       1
  442     535       1
  446     521       1
  447     471       1
  448     466       1
  450     601       1
  451     481       1
  451     659       1
  453     511       1
  456     627       1
  457     572       1
  459     469       1
  459     475       1
  459     528       1
  460     478       1
  460     534       1
  460     627       1
  460     630       1
  461     514       1
  462     668       1
  464     476       1
  464     622       1
  464     674       1
  467     582       1
  467     649       1
  469     572       1
  471     528       1
  472     622       1
  475     614       1
  475     622       1
  475     670       1
  481     625       1
  486     681       1
  487     627       1
  487     668       1
  488     622       1
  489     668       1
  489     689       1
  490     602       1
  490     648       1
  492     591       1
  493     559       1
  493     595       1
  494     649       1
  496     563       1
  500     508       1
  500     532       1
  502     581       1
  502     614       1
  503     670       1
  507     681       1
  508     608       1
  512     544       1
  513     539       1
  514     517       1
  515     656       1
  517     540       1
  517     613       1
  518     565       1
  518     574       1
  522     622       1
  523     533       1
  525     646       1
  525     672       1
  525     695       1
  531     534       1
  533     582       1
  540     698       1
  542     566       1
  542     631       1
  544     660       1
  545     616       1
  546     621       1
  547     561       1
  547     588       1
  548     559       1
  548     687       1
  550     642       1
  554     605       1
  555     679       1
  559     668       1
  561     615       1
  565     624       1
  566     635       1
  568     570       1
  574     607       1
  575     618       1
  579     601       1
  585     674       1
  589     599       1
  598     699       1
  599     640       1
  600     657       1
  603     681       1
  605     670       1
  606     673       1
  607     647       1
  610     662       1
  612     630       1
  613     644       1
  617     660       1
  621     671       1
  622     649       1
  622     691       1
  625     658       1
  642     660       1
  647     687       1
  655     675       1
  657     664       1
  663     673       1
  663     680       1
  668     678       1
  669     673       1
  669     675       1
