  800     929
    1     226       1
    1     257       1
    2     199       1
    2     696       1
    3     232       1
    4      34       1
    4      93       1
    4     203       1
    4     605       1
    5     458       1
    5     529       1
    5     575       1
    6      23       1
    6     363       1
    7      24       1
    7     459       1
    7     461       1
    7     567       1
    7     685       1
    8     225       1
    8     800       1
    9     311       1
    9     398       1
   10     782       1
   11      61       1
   11     260       1
   11     522       1
   12      87       1
   12     337       1
   12     551       1
   12     576       1
   13     314       1
   13     442       1
   13     459       1
   14     405       1
   15     160       1
   15     477       1
   16     778       1
   17      25       1
   17     131       1
   17     171       1
   17     188       1
   17     385       1
   17     392       1
   17     619       1
   17     656       1
   17     665       1
   17     696       1
   17     735       1
   17     739       1
   18     753       1
   19     659       1
   20      89       1
   20     714       1
   21     404       1
   22     637       1
   23     441       1
   23     460       1
   23     471       1
   23     701       1
   24     359       1
   25      27       1
   25      83       1
   25     478       1
   25     659       1
   26     664       1
   27     746       1
   28     476       1
   28     672       1
   29     105       1
   29     224       1
   29     356       1
   29     407       1
   29     412       1
   29     546       1
   29     729       1
   30      61       1
   30     529       1
   31      32       1
   31     595       1
   32     279       1
   32     311       1
   32     742       1
   33     218       1
   34     313       1
   35     492       1
   36     192       1
   36     320       1
   36     570       1
   36     597       1
   36     743       1
   36     800       1
   37     453       1
   38     555       1
   38     747       1
   39     107       1
   39     188       1
   39     277       1
   39     572       1
   39     709       1
   40     115       1
   40     334       1
   40     628       1
   41      60       1
   41     484       1
   41     494       1
   42     124       1
   42     360       1
   42     362       1
   42     663       1
   43     452       1
   44     437       1
   45     283       1
   45     404       1
   46     277       1
   46     642       1
   47     104       1
   47     381       1
   48     234       1
   48     250       1
   48     258       1
   49     172       1
   49     221       1
   49     238       1
   49     254       1
   49     326       1
   50     569       1
   51     202       1
   52     615       1
   53     269       1
   53     567       1
   53     743       1
   54     155       1
   54     215       1
   54     539       1
   54     719       1
   55     219       1
   55     652       1
   56     311       1
   56     412       1
   57     186       1
   57     585       1
   58     477       1
   58     495       1
   59     133       1
   59     294       1
   60     131       1
   60     200       1
   60     203       1
   60     244       1
   60     252       1
   60     410       1
   60     411       1
   60     769       1
   61     485       1
   61     492       1
   62      64       1
   62     131       1
   62     139       1
   62     443       1
   62     455       1
   62     466       1
   62     677       1
   62     730       1
   63     202       1
   63     248       1
   63     721       1
   63     722       1
   65     151       1
   66     171       1
   67     372       1
   67     662       1
   68     203       1
   69     121       1
   69     445       1
   70     396       1
   71     756       1
   72     625       1
   73     281       1
   73     628       1
   74     402       1
   74     704       1
   75     445       1
   76     287       1
   76     483       1
   76     580       1
   76     704       1
   77     354       1
   77     376       1
   78     433       1
   78     786       1
   79     251       1
   80     211       1
   81     205       1
   82     538       1
   82     613       1
   82     716       1
   83     436       1
   83     499       1
   84      85       1
   84     241       1
   84     319       1
   84     354       1
   84     401       1
   84     630       1
   84     712       1
   85     502       1
   86     397       1
   86     769       1
   88     395       1
   89     231       1
   89     313       1
   90     335       1
   90     384       1
   91     139       1
   91     506       1
   92     723       1
   93     759       1
   94     277       1
   95     224       1
   96     681       1
   96     739       1
   97     113       1
   97     202       1
   97     391       1
   98     420       1
   99     372       1
   99     465       1
   99     769       1
   99     791       1
  100     260       1
  101     242       1
  101     762       1
  102     112       1
  103     251       1
  105     389       1
  105     618       1
  106     650       1
  106     723       1
  108     275       1
  108     417       1
  108     626       1
  109     125       1
  109     340       1
  109     783       1
  110     694       1
  110     755       1
  111     540       1
  111     734       1
  112     131       1
  112     395       1
  112     412       1
  112     526       1
  112     564       1
  112     737       1
  113     299       1
  114     125       1
  114     414       1
  114     659       1
  115     197       1
  115     531       1
  116     200       1
  117     476       1
  117     685       1
  118     637       1
  119     674       1
  120     234       1
  120     298       1
  120     483       1
  120     696       1
  121     328       1
  121     637       1
  121     680       1
  121     704       1
  122     180       1
  122     310       1
  123     530       1
  123     728       1
  125     498       1
  126     453       1
  127     696       1
  128     210       1
  128     720       1
  129     619       1
  130     341       1
  130     647       1
  131     370       1
  131     488       1
  132     423       1
  133     188       1
  133     208       1
  133     616       1
  133     661       1
  134     666       1
  135     219       1
  135     320       1
  135     742       1
  136     581       1
  137     321       1
  138     182       1
  139     223       1
  139     588       1
  139     632       1
  139     658       1
  139     758       1
  140     656       1
  141     448       1
  141     552       1
  141     710       1
  142     435       1
  143     327       1
  144     778       1
  145     276       1
  145     582       1
  145     714       1
  146     776       1
  146     785       1
  147     567       1
  147     664       1
  148     435       1
  148     549       1
  149     537       1
  149     783       1
  150     230       1
  150     562       1
  150     589       1
  151     472       1
  151     609       1
  152     216       1
  152     260       1
  152     337       1
  152     403       1
  152     536       1
  152     739       1
  153     485       1
  154     175       1
  156     168       1
  156     659       1
  157     738       1
  158     235       1
  158     428       1
  158     578       1
  159     271       1
  159     412       1
  159     578       1
  160     265       1
  161     197       1
  161     419       1
  162     267       1
  162     324       1
  162     400       1
  162     645       1
  162     686       1
  163     231       1
  164     223       1
  165     478       1
  166     585       1
  166     713       1
  167     588       1
  167     797       1
  168     549       1
  169     313       1
  169     425       1
  170     756       1
  171     393       1
  171     458       1
  171     782       1
  173     190       1
  173     799       1
  174     254       1
  174     528       1
  174     672       1
  175     632       1
  176     650       1
  176     735       1
  177     400       1
  177     756       1
  178     298       1
  178     435       1
  178     598       1
  179     439       1
  180     259       1
  180     461       1
  181     183       1
  181     394       1
  182     260       1
  182     418       1
  182     486       1
  183     454       1
  184     462       1
  184     786       1
  185     636       1
  186     786       1
  187     633       1
  187     690       1
  188     461       1
  188     583       1
  188     648       1
  188     723       1
  189     288       1
  189     783       1
  190     440       1
  190     725       1
  191     233       1
  191     461       1
  191     470       1
  191     700       1
  192     769       1
  193     196       1
  194     385       1
  194     556       1
  195     433       1
  195     454       1
  195     706       1
  196     716       1
  197     261       1
  197     684       1
  198     586       1
  199     791       1
  200     371       1
  200     529       1
  200     698       1
  201     367       1
  201     576       1
  202     590       1
  202     703       1
  203     210       1
  203     402       1
  203     712       1
  203     778       1
  204     288       1
  204     526       1
  205     706       1
  206     521       1
  207     507       1
  209     312       1
  209     513       1
  209     778       1
  211     257       1
  211     731       1
  212     786       1
  213     681       1
  214     433       1
  215     599       1
  215     698       1
  216     368       1
  217     410       1
  218     291       1
  218     643       1
  218     670       1
  218     696       1
  220     767       1
  222     680       1
  223     353       1
  224     266       1
  224     293       1
  224     584       1
  226     286       1
  226     659       1
  226     666       1
  227     473       1
  228     399       1
  228     449       1
  229     758       1
  231     350       1
  231     426       1
  231     522       1
  231     625       1
  232     641       1
  232     737       1
  232     798       1
  234     631       1
  234     668       1
  234     766       1
  234     769       1
  236     671       1
  237     314       1
  237     329       1
  237     783       1
  238     529       1
  239     526       1
  240     495       1
  240     607       1
  240     778       1
  242     679       1
  242     681       1
  243     300       1
  243     701       1
  243     727       1
  244     312       1
  244     675       1
  245     272       1
  245     562       1
  245     692       1
  246     460       1
  247     677       1
  248     408       1
  249     677       1
  251     598       1
  253     383       1
  253     447       1
  254     527       1
  255     501       1
  256     283       1
  256     753       1
  257     361       1
  257     611       1
  260     318       1
  260     505       1
  260     523       1
  260     667       1
  260     776       1
  261     748       1
  262     610       1
  262     763       1
  263     749       1
  264     712       1
  265     359       1
  266     569       1
  268     438       1
  268     674       1
  270     588       1
  272     780       1
  273     532       1
  273     570       1
  273     579       1
  274     277       1
  274     436       1
  275     644       1
  276     483       1
  277     386       1
  278     470       1
  280     397       1
  280     656       1
  280     787       1
  281     297       1
  282     555       1
  282     585       1
  283     401       1
  283     406       1
  284     580       1
  285     424       1
  289     307       1
  290     491       1
  291     785       1
  292     622       1
  295     695       1
  295     791       1
  296     327       1
  296     352       1
  296     468       1
  296     650       1
  296     740       1
  297     312       1
  298     509       1
  299     518       1
  300     714       1
  301     612       1
  301     750       1
  302     345       1
  303     354       1
  304     436       1
  305     645       1
  306     643       1
  307     395       1
  307     548       1
  307     699       1
  308     508       1
  308     561       1
  309     482       1
  309     523       1
  309     780       1
  311     387       1
  312     520       1
  314     489       1
  314     593       1
  315     523       1
  316     447       1
  316     460       1
  316     470       1
  317     574       1
  317     633       1
  318     457       1
  318     565       1
  319     464       1
  320     727       1
  321     449       1
  321     667       1
  322     528       1
  322     678       1
  323     524       1
  324     636       1
  324     684       1
  325     448       1
  328     723       1
  330     334       1
  331     562       1
  331     786       1
  332     593       1
  333     743       1
  334     373       1
  334     573       1
  335     441       1
  336     388       1
  337     375       1
  337     596       1
  337     679       1
  337     728       1
  338     741       1
  339     478       1
  341     543       1
  342     623       1
  343     708       1
  344     517       1
  345     430       1
  345     584       1
  345     716       1
  346     354       1
  346     525       1
  347     421       1
  347     466       1
  347     532       1
  348     444       1
  348     782       1
  349     616       1
  349     685       1
  350     713       1
  350     717       1
  351     358       1
  351     455       1
  352     702       1
  352     795       1
  354     726       1
  355     572       1
  357     369       1
  357     473       1
  357     723       1
  357     783       1
  360     594       1
  360     712       1
  361     469       1
  361     683       1
  364     771       1
  365     381       1
  365     648       1
  366     431       1
  366     547       1
  366     768       1
  367     534       1
  368     501       1
  370     536       1
  371     545       1
  371     705       1
  371     755       1
  372     587       1
  372     740       1
  373     501       1
  374     396       1
  374     605       1
  374     752       1
  375     601       1
  376     719       1
  376     730       1
  377     647       1
  378     586       1
  378     756       1
  379     594       1
  380     487       1
  381     647       1
  382     545       1
  385     770       1
  386     694       1
  388     771       1
  389     536       1
  390     600       1
  390     703       1
  392     451       1
  393     763       1
  393     792       1
  394     743       1
  395     709       1
  396     775       1
  398     497       1
  398     508       1
  399     739       1
  403     793       1
  404     427       1
  405     475       1
  408     440       1
  408     503       1
  408     521       1
  409     579       1
  411     786       1
  411     799       1
  412     756       1
  412     790       1
  413     529       1
  415     548       1
  416     432       1
  416     461       1
  416     566       1
  417     543       1
  417     577       1
  417     743       1
  418     729       1
  420     508       1
  420     510       1
  420     554       1
  420     578       1
  422     674       1
  422     790       1
  423     516       1
  424     503       1
  427     483       1
  427     603       1
  429     671       1
  430     665       1
  431     738       1
  433     601       1
  434     558       1
  434     644       1
  434     660       1
  436     676       1
  437     507       1
  437     674       1
  439     737       1
  440     665       1
  441     617       1
  441     675       1
  442     508       1
  444     533       1
  445     509       1
  446     723       1
  448     665       1
  449     606       1
  449     652       1
  449     687       1
  449     761       1
  450     542       1
  450     645       1
  452     618       1
  452     673       1
  452     767       1
  453     650       1
  453     707       1
  455     660       1
  456     747       1
  458     493       1
  459     462       1
  459     771       1
  460     684       1
  463     526       1
  464     569       1
  465     560       1
  467     500       1
  467     621       1
  469     647       1
  472     497       1
  474     495       1
  474     634       1
  474     769       1
  475     660       1
  475     674       1
  477     756       1
  477     788       1
  478     514       1
  478     638       1
  478     647       1
  479     566       1
  479     614       1
  480     662       1
  480     686       1
  481     542       1
  481     723       1
  484     520       1
  485     692       1
  486     604       1
  486     770       1
  486     793       1
  486     794       1
  487     696       1
  487     796       1
  490     509       1
  490     772       1
  491     682       1
  491     786       1
  493     647       1
  494     726       1
  495     601       1
  495     691       1
  496     497       1
  497     620       1
  498     559       1
  500     800       1
  501     657       1
  504     606       1
  505     651       1
  507     645       1
  509     583       1
  510     590       1
  510     739       1
  510     765       1
  511     763       1
  512     559       1
  515     732       1
  516     709       1
  517     632       1
  517     702       1
  517     778       1
  518     665       1
  518     754       1
  519     761       1
  520     555       1
  521     622       1
  521     694       1
  523     558       1
  523     750       1
  523     753       1
  524     601       1
  524     712       1
  525     670       1
  526     559       1
  528     723       1
  532     695       1
  535     684       1
  535     748       1
  536     768       1
  538     739       1
  539     552       1
  539     696       1
  540     740       1
  541     546       1
  544     642       1
  546     639       1
  546     671       1
  548     794       1
  549     736       1
  550     709       1
  551     581       1
  553     763       1
  555     625       1
  557     790       1
  559     711       1
  559     749       1
  563     732       1
  568     731       1
  569     684       1
  570     757       1
  571     646       1
  574     597       1
  575     607       1
  575     751       1
  580     612       1
  586     684       1
  587     717       1
  588     655       1
  591     726       1
  592     763       1
  594     637       1
  595     654       1
  596     794       1
  597     640       1
  602     674       1
  602     708       1
  604     627       1
  605     624       1
  605     722       1
  606     611       1
  607     685       1
  608     715       1
  611     692       1
  611     712       1
  614     624       1
  615     764       1
  615     769       1
  616     645       1
  621     708       1
  623     728       1
  623     747       1
  625     739       1
  626     646       1
  626     688       1
  629     767       1
  633     739       1
  635     748       1
  641     689       1
  641     779       1
  642     712       1
  643     732       1
  645     767       1
  648     697       1
  649     792       1
  651     737       1
  653     778       1
  656     669       1
  656     734       1
  659     701       1
  665     729       1
  666     690       1
  666     762       1
  668     745       1
  674     756       1
  676     752       1
  679     718       1
  680     720       1
  685     781       1
  685     792       1
  690     721       1
  691     795       1
  693     786       1
  696     783       1
  701     706       1
  701     789       1
  702     723       1
  703     734       1
  704     738       1
  705     777       1
  715     729       1
  724     795       1
  731     733       1
  739     773       1
  741     762       1
  741     785       1
  742     756       1
  742     788       1
  744     791       1
  757     774       1
  760     789       1
  770     784       1
