  600     711
    1      87       1
    1     318       1
    1     525       1
    2     311       1
    2     507       1
    3     395       1
    4     540       1
    5      15       1
    5     220       1
    6     282       1
    6     357       1
    6     378       1
    6     573       1
    7     194       1
    7     438       1
    7     523       1
    8     256       1
    8     341       1
    8     380       1
    8     446       1
    8     587       1
    9      14       1
    9     530       1
   10     376       1
   10     593       1
   11     418       1
   11     591       1
   12     561       1
   13     297       1
   13     340       1
   13     381       1
   13     443       1
   13     503       1
   13     585       1
   14      27       1
   15      48       1
   15      86       1
   16     107       1
   16     522       1
   17     336       1
   17     360       1
   17     367       1
   17     453       1
   17     480       1
   17     559       1
   17     598       1
   18     152       1
   18     339       1
   18     434       1
   18     589       1
   19     260       1
   20     204       1
   21     142       1
   22     103       1
   23      58       1
   23     451       1
   24      68       1
   24     134       1
   24     295       1
   24     322       1
   24     571       1
   25      38       1
   25     151       1
   25     492       1
   26     216       1
   26     296       1
   28      59       1
   28     142       1
   28     149       1
   28     226       1
   29      38       1
   29      80       1
   29     248       1
   29     401       1
   30     280       1
   31     483       1
   32     514       1
   33     451       1
   34      98       1
   34     561       1
   35      62       1
   35     126       1
   36     137       1
   36     182       1
   36     462       1
   37     102       1
   39      54       1
   40     528       1
   41     150       1
   41     155       1
   41     309       1
   41     453       1
   42     148       1
   42     249       1
   43     190       1
   43     446       1
   44     492       1
   45     218       1
   45     258       1
   45     344       1
   46      56       1
   46     216       1
   46     325       1
   47      74       1
   47     320       1
   47     370       1
   47     376       1
   47     386       1
   48      83       1
   48     460       1
   49      92       1
   49     215       1
   49     492       1
   49     549       1
   50      77       1
   50     116       1
   50     154       1
   50     157       1
   50     214       1
   50     339       1
   51     133       1
   51     330       1
   51     430       1
   52     103       1
   53      68       1
   53     585       1
   54     343       1
   55     310       1
   55     332       1
   55     399       1
   56     277       1
   56     332       1
   56     402       1
   57     297       1
   59     341       1
   60     364       1
   61     384       1
   63     195       1
   63     516       1
   64     106       1
   64     396       1
   64     492       1
   65     431       1
   66     168       1
   67     127       1
   67     140       1
   67     186       1
   67     201       1
   67     270       1
   67     344       1
   67     412       1
   67     442       1
   67     561       1
   68     258       1
   68     307       1
   69     529       1
   70     264       1
   70     395       1
   71      73       1
   71     353       1
   71     409       1
   71     426       1
   72     241       1
   73     248       1
   73     539       1
   74     285       1
   75     100       1
   75     367       1
   75     534       1
   75     598       1
   76     258       1
   76     560       1
   76     581       1
   77     316       1
   77     417       1
   78     154       1
   79     279       1
   79     377       1
   79     558       1
   81     411       1
   82     143       1
   82     220       1
   82     281       1
   82     356       1
   82     447       1
   83     392       1
   84     299       1
   84     407       1
   85     545       1
   85     566       1
   86     261       1
   87     283       1
   88     224       1
   88     471       1
   89      92       1
   89     195       1
   90     136       1
   90     575       1
   91     236       1
   92     545       1
   93     370       1
   93     537       1
   94     162       1
   94     195       1
   94     262       1
   95     390       1
   95     510       1
   96     214       1
   96     411       1
   96     488       1
   97     308       1
   98     111       1
   98     430       1
   99     335       1
   99     599       1
  101     289       1
  101     332       1
  101     542       1
  101     570       1
  102     404       1
  103     110       1
  103     115       1
  104     159       1
  104     161       1
  105     229       1
  106     147       1
  106     358       1
  106     519       1
  107     260       1
  107     423       1
  108     201       1
  109     436       1
  109     475       1
  110     126       1
  110     138       1
  110     398       1
  110     429       1
  110     478       1
  110     523       1
  111     209       1
  112     421       1
  112     427       1
  112     442       1
  112     525       1
  113     283       1
  114     178       1
  114     332       1
  114     584       1
  115     292       1
  116     444       1
  117     121       1
  117     234       1
  117     397       1
  118     189       1
  118     372       1
  118     553       1
  119     358       1
  120     241       1
  120     291       1
  122     418       1
  123     409       1
  123     473       1
  124     133       1
  124     415       1
  124     482       1
  125     453       1
  125     457       1
  126     318       1
  126     519       1
  127     352       1
  127     480       1
  128     565       1
  129     179       1
  129     208       1
  129     280       1
  129     316       1
  129     356       1
  129     435       1
  130     193       1
  130     256       1
  130     384       1
  131     247       1
  131     552       1
  132     236       1
  134     500       1
  134     584       1
  135     344       1
  135     473       1
  136     176       1
  136     223       1
  136     238       1
  137     153       1
  137     233       1
  137     533       1
  137     587       1
  138     599       1
  139     380       1
  140     257       1
  140     363       1
  140     370       1
  140     482       1
  140     492       1
  140     539       1
  141     539       1
  142     506       1
  143     235       1
  143     366       1
  144     195       1
  144     437       1
  145     191       1
  145     265       1
  146     512       1
  148     403       1
  148     504       1
  149     172       1
  149     229       1
  149     279       1
  149     370       1
  149     387       1
  149     448       1
  149     501       1
  149     565       1
  151     402       1
  153     211       1
  154     391       1
  154     414       1
  156     298       1
  157     311       1
  158     252       1
  160     267       1
  160     524       1
  161     397       1
  161     403       1
  161     509       1
  161     598       1
  162     404       1
  163     286       1
  163     329       1
  164     253       1
  164     299       1
  165     236       1
  165     523       1
  166     327       1
  166     497       1
  167     422       1
  167     443       1
  168     328       1
  168     425       1
  169     477       1
  169     526       1
  170     589       1
  170     594       1
  171     217       1
  171     568       1
  172     468       1
  173     595       1
  174     458       1
  175     447       1
  176     547       1
  177     469       1
  177     590       1
  178     424       1
  179     222       1
  180     410       1
  180     571       1
  181     264       1
  183     502       1
  184     298       1
  185     343       1
  186     460       1
  187     276       1
  187     297       1
  187     403       1
  187     430       1
  188     294       1
  188     299       1
  188     332       1
  188     393       1
  188     403       1
  188     568       1
  188     596       1
  189     244       1
  189     450       1
  190     326       1
  190     381       1
  191     225       1
  191     266       1
  192     284       1
  192     510       1
  194     360       1
  195     296       1
  196     197       1
  196     366       1
  197     418       1
  197     547       1
  197     558       1
  198     417       1
  199     272       1
  199     522       1
  200     257       1
  200     386       1
  200     506       1
  200     513       1
  202     229       1
  203     280       1
  204     329       1
  205     478       1
  206     406       1
  206     446       1
  207     223       1
  208     465       1
  208     590       1
  210     566       1
  211     344       1
  212     250       1
  213     411       1
  214     379       1
  216     382       1
  216     554       1
  217     544       1
  219     307       1
  219     550       1
  220     236       1
  220     364       1
  220     577       1
  221     254       1
  223     371       1
  223     452       1
  224     266       1
  225     304       1
  227     366       1
  228     404       1
  228     576       1
  229     292       1
  229     394       1
  229     498       1
  229     595       1
  230     257       1
  231     286       1
  232     316       1
  234     595       1
  236     361       1
  237     439       1
  237     461       1
  237     595       1
  237     597       1
  238     431       1
  239     306       1
  239     502       1
  240     243       1
  240     321       1
  240     441       1
  241     313       1
  241     376       1
  242     331       1
  242     425       1
  242     530       1
  244     476       1
  245     573       1
  246     399       1
  247     374       1
  247     558       1
  249     274       1
  250     294       1
  250     450       1
  251     457       1
  252     445       1
  253     429       1
  253     575       1
  254     367       1
  254     500       1
  255     407       1
  255     489       1
  256     343       1
  257     280       1
  259     408       1
  259     441       1
  259     589       1
  260     268       1
  260     367       1
  262     505       1
  262     555       1
  263     439       1
  264     485       1
  265     563       1
  266     543       1
  268     569       1
  269     367       1
  271     366       1
  271     528       1
  272     307       1
  272     455       1
  273     360       1
  275     354       1
  275     539       1
  277     379       1
  277     563       1
  278     340       1
  280     497       1
  281     374       1
  281     527       1
  283     305       1
  284     502       1
  287     538       1
  288     443       1
  290     432       1
  290     451       1
  290     567       1
  291     493       1
  293     472       1
  294     327       1
  295     539       1
  296     495       1
  298     563       1
  299     354       1
  299     433       1
  299     443       1
  300     351       1
  300     595       1
  301     456       1
  301     553       1
  302     326       1
  302     434       1
  303     480       1
  304     379       1
  304     527       1
  305     437       1
  306     315       1
  307     403       1
  307     517       1
  307     574       1
  308     575       1
  309     473       1
  312     467       1
  312     499       1
  312     551       1
  314     360       1
  317     352       1
  318     515       1
  319     370       1
  319     536       1
  320     514       1
  321     580       1
  323     331       1
  324     574       1
  327     483       1
  327     502       1
  328     396       1
  328     512       1
  329     336       1
  332     454       1
  333     403       1
  334     534       1
  335     470       1
  336     362       1
  336     557       1
  337     552       1
  338     447       1
  339     532       1
  341     350       1
  341     453       1
  341     526       1
  341     575       1
  341     589       1
  342     351       1
  343     415       1
  343     445       1
  345     364       1
  346     439       1
  346     548       1
  347     513       1
  348     458       1
  349     443       1
  350     447       1
  350     490       1
  351     443       1
  353     526       1
  355     517       1
  356     575       1
  357     574       1
  358     440       1
  359     572       1
  360     410       1
  364     582       1
  365     421       1
  368     443       1
  369     388       1
  369     491       1
  369     587       1
  371     450       1
  372     456       1
  373     597       1
  375     475       1
  375     517       1
  376     526       1
  378     512       1
  380     431       1
  380     510       1
  382     433       1
  383     421       1
  385     542       1
  389     565       1
  392     472       1
  392     592       1
  394     478       1
  395     411       1
  395     424       1
  395     438       1
  395     454       1
  395     478       1
  397     459       1
  397     566       1
  397     588       1
  398     496       1
  399     401       1
  399     571       1
  400     549       1
  401     479       1
  401     501       1
  402     468       1
  402     484       1
  402     587       1
  403     485       1
  403     543       1
  403     586       1
  403     589       1
  404     492       1
  405     432       1
  406     564       1
  407     546       1
  407     578       1
  411     453       1
  411     547       1
  412     416       1
  413     453       1
  416     562       1
  416     596       1
  417     521       1
  417     529       1
  419     421       1
  420     434       1
  421     464       1
  421     472       1
  424     471       1
  424     551       1
  426     482       1
  427     503       1
  428     510       1
  429     470       1
  429     540       1
  429     564       1
  430     481       1
  432     533       1
  432     564       1
  436     461       1
  438     444       1
  439     531       1
  443     530       1
  444     469       1
  446     451       1
  446     496       1
  449     561       1
  450     458       1
  450     512       1
  450     573       1
  450     575       1
  454     552       1
  456     471       1
  461     540       1
  463     568       1
  464     487       1
  464     554       1
  464     574       1
  466     594       1
  470     489       1
  474     505       1
  476     534       1
  481     585       1
  482     502       1
  484     556       1
  485     514       1
  486     566       1
  494     583       1
  497     568       1
  499     546       1
  504     511       1
  505     535       1
  505     543       1
  507     568       1
  507     572       1
  508     546       1
  517     600       1
  518     558       1
  520     598       1
  522     534       1
  522     543       1
  524     575       1
  526     563       1
  528     561       1
  529     538       1
  529     565       1
  529     588       1
  536     574       1
  539     546       1
  541     572       1
  548     577       1
  563     564       1
  565     579       1
  565     589       1
  582     596       1
  583     587       1
