  100     144
    1      30       1
    2      10       1
    2      33       1
    2      36       1
    3      33       1
    3      46       1
    4      17       1
    4      31       1
    4      74       1
    4      76       1
    5      39       1
    5      47       1
    5      62       1
    5      90       1
    6      38       1
    6      98       1
    7      79       1
    7      99       1
    8      13       1
    9      46       1
    9      51       1
   10      23       1
   10      59       1
   11      38       1
   12      15       1
   12      29       1
   12      30       1
   12      31       1
   12      46       1
   12      55       1
   13      39       1
   13      45       1
   13      63       1
   14      22       1
   14      94       1
   15      22       1
   15      41       1
   15      43       1
   15      44       1
   15      79       1
   15      80       1
   16      35       1
   16      37       1
   16      60       1
   16      68       1
   16      91       1
   17      41       1
   17      58       1
   18      34       1
   19      35       1
   19      75       1
   20      31       1
   20      36       1
   20      57       1
   20      61       1
   20      72       1
   21      67       1
   22      31       1
   23      42       1
   23      82       1
   24      28       1
   24      44       1
   24      89       1
   25     100       1
   26      48       1
   26      65       1
   26      78       1
   27      34       1
   27      80       1
   28      33       1
   28      63       1
   28      94       1
   28      96       1
   28     100       1
   29      94       1
   30      91       1
   30      95       1
   30     100       1
   31      77       1
   31      80       1
   31      82       1
   32      78       1
   32      89       1
   33      34       1
   33      79       1
   34      62       1
   36      53       1
   36      91       1
   36      94       1
   37      97       1
   38      46       1
   39      49       1
   39      55       1
   39      86       1
   40      84       1
   43      84       1
   44      55       1
   44      71       1
   44      91       1
   45      85       1
   46      52       1
   46      57       1
   46      71       1
   46      85       1
   47      68       1
   49     100       1
   50      89       1
   51      54       1
   52      64       1
   52      79       1
   52      83       1
   53      54       1
   54      93       1
   55      87       1
   56      83       1
   57      78       1
   57      81       1
   59      61       1
   61      84       1
   62      67       1
   63      93       1
   63      94       1
   65      67       1
   65      79       1
   65      86       1
   66      69       1
   66      89       1
   66      92       1
   69      90       1
   69     100       1
   70      76       1
   71      86       1
   72     100       1
   73      80       1
   75      78       1
   75      88       1
   75      93       1
   79      95       1
   80      99       1
   82      89       1
   85      93       1
   90      94       1
   91      97       1
   93      98       1
