  800     929
    1     426       1
    2     365       1
    3      64       1
    3     117       1
    3     374       1
    4     556       1
    5     371       1
    5     433       1
    5     645       1
    5     754       1
    5     759       1
    6      67       1
    6     156       1
    6     558       1
    7      18       1
    8      54       1
    8     196       1
    8     290       1
    8     560       1
    8     744       1
    9     215       1
   10     445       1
   10     742       1
   10     800       1
   11      71       1
   11     412       1
   12     147       1
   12     168       1
   12     187       1
   12     686       1
   12     721       1
   13     418       1
   14     344       1
   14     624       1
   15      72       1
   15     207       1
   15     227       1
   15     279       1
   15     527       1
   16     163       1
   16     383       1
   17      72       1
   17     570       1
   17     577       1
   17     578       1
   18      88       1
   18     203       1
   18     302       1
   19     109       1
   19     159       1
   19     507       1
   20     243       1
   21     610       1
   21     643       1
   21     689       1
   21     694       1
   22     342       1
   22     582       1
   23     516       1
   24     364       1
   25     661       1
   26      70       1
   26      90       1
   26     637       1
   27     174       1
   27     436       1
   28     139       1
   28     419       1
   28     443       1
   28     629       1
   28     733       1
   28     798       1
   29     261       1
   29     623       1
   30      40       1
   30      91       1
   30     178       1
   30     223       1
   31     343       1
   31     659       1
   31     692       1
   32     419       1
   32     505       1
   32     642       1
   33      68       1
   33     605       1
   34     181       1
   34     464       1
   35     379       1
   35     752       1
   36      88       1
   36     254       1
   36     257       1
   36     528       1
   37     481       1
   38      99       1
   38     158       1
   38     519       1
   39     511       1
   41      57       1
   41     222       1
   41     680       1
   42     278       1
   43     233       1
   44     533       1
   44     635       1
   45     754       1
   46      77       1
   46     228       1
   47     432       1
   47     571       1
   48     100       1
   48     681       1
   49     545       1
   50     538       1
   51     775       1
   52      55       1
   52     779       1
   53     148       1
   53     152       1
   53     404       1
   54      72       1
   54     239       1
   54     500       1
   54     501       1
   54     647       1
   55     711       1
   56     677       1
   57     302       1
   57     775       1
   58     343       1
   58     383       1
   58     779       1
   59     281       1
   60     419       1
   61     248       1
   61     281       1
   61     743       1
   62     136       1
   62     142       1
   62     551       1
   63     123       1
   63     248       1
   63     377       1
   63     514       1
   64     664       1
   65     138       1
   66     314       1
   66     407       1
   66     629       1
   67     450       1
   67     538       1
   67     749       1
   67     798       1
   68      77       1
   68     204       1
   68     388       1
   68     545       1
   68     621       1
   69      81       1
   69     636       1
   69     676       1
   69     684       1
   69     738       1
   70     100       1
   70     118       1
   70     385       1
   70     765       1
   71     218       1
   71     335       1
   71     341       1
   71     555       1
   73     318       1
   73     355       1
   73     553       1
   73     613       1
   74     217       1
   75     482       1
   75     488       1
   75     538       1
   76     372       1
   76     595       1
   76     614       1
   77     262       1
   77     362       1
   77     493       1
   77     578       1
   77     763       1
   78     314       1
   78     481       1
   79     103       1
   80     544       1
   80     798       1
   81     309       1
   81     649       1
   81     776       1
   82     698       1
   83     160       1
   83     631       1
   84     379       1
   85     375       1
   85     564       1
   85     592       1
   85     622       1
   86     578       1
   87     315       1
   87     439       1
   87     548       1
   88     177       1
   88     225       1
   88     422       1
   88     553       1
   88     609       1
   88     620       1
   88     622       1
   89     395       1
   90     332       1
   92     567       1
   92     739       1
   93     428       1
   93     521       1
   93     537       1
   94     287       1
   94     477       1
   95     335       1
   95     343       1
   95     654       1
   96     253       1
   97     106       1
   97     257       1
   98     217       1
   99     100       1
  100     323       1
  101     574       1
  101     682       1
  102     268       1
  102     477       1
  103     219       1
  104     263       1
  104     792       1
  105     464       1
  105     627       1
  106     454       1
  107     385       1
  108     143       1
  108     337       1
  108     447       1
  110     207       1
  110     252       1
  110     430       1
  110     568       1
  111     481       1
  112     392       1
  112     406       1
  112     588       1
  112     663       1
  113     356       1
  114     613       1
  115     225       1
  115     559       1
  116     604       1
  118     586       1
  118     641       1
  118     787       1
  119     150       1
  119     481       1
  119     673       1
  119     789       1
  120     265       1
  121     546       1
  122     265       1
  123     408       1
  123     538       1
  123     553       1
  124     736       1
  125     427       1
  126     500       1
  126     618       1
  126     746       1
  127     354       1
  128     176       1
  129     739       1
  130     283       1
  131     791       1
  132     514       1
  133     143       1
  133     166       1
  133     399       1
  133     537       1
  133     713       1
  134     344       1
  134     697       1
  135     269       1
  136     142       1
  136     546       1
  137     302       1
  137     307       1
  137     359       1
  137     400       1
  138     494       1
  140     405       1
  141     199       1
  142     176       1
  143     198       1
  143     199       1
  143     556       1
  144     216       1
  145     482       1
  146     240       1
  147     258       1
  149     186       1
  149     631       1
  150     610       1
  151     231       1
  151     451       1
  151     510       1
  152     427       1
  152     702       1
  152     705       1
  153     238       1
  153     353       1
  154     216       1
  154     241       1
  154     360       1
  154     475       1
  154     494       1
  154     770       1
  155     725       1
  155     757       1
  156     768       1
  157     565       1
  157     761       1
  158     390       1
  158     593       1
  159     458       1
  159     619       1
  160     271       1
  161     493       1
  162     262       1
  162     426       1
  163     556       1
  163     694       1
  164     438       1
  164     617       1
  165     364       1
  165     372       1
  165     536       1
  165     695       1
  165     710       1
  165     764       1
  165     799       1
  166     211       1
  166     321       1
  167     731       1
  168     349       1
  169     362       1
  169     645       1
  170     567       1
  170     675       1
  170     706       1
  171     380       1
  172     575       1
  172     679       1
  172     791       1
  173     529       1
  174     442       1
  175     715       1
  176     220       1
  177     201       1
  177     721       1
  178     699       1
  179     322       1
  179     463       1
  180     656       1
  181     386       1
  181     474       1
  181     532       1
  181     607       1
  182     299       1
  182     351       1
  182     357       1
  183     231       1
  184     333       1
  184     671       1
  184     732       1
  185     309       1
  186     269       1
  186     467       1
  187     674       1
  187     781       1
  188     406       1
  189     268       1
  189     374       1
  190     318       1
  190     696       1
  191     645       1
  192     797       1
  193     460       1
  193     665       1
  193     757       1
  194     791       1
  195     471       1
  196     263       1
  196     600       1
  197     629       1
  198     243       1
  198     262       1
  198     301       1
  199     210       1
  199     289       1
  200     463       1
  200     512       1
  200     711       1
  201     668       1
  202     629       1
  202     634       1
  204     748       1
  205     649       1
  206     538       1
  208     297       1
  208     509       1
  208     752       1
  209     297       1
  209     549       1
  211     288       1
  211     414       1
  212     253       1
  212     540       1
  213     249       1
  213     419       1
  214     518       1
  214     597       1
  214     611       1
  215     275       1
  216     244       1
  216     302       1
  216     358       1
  217     226       1
  217     286       1
  217     660       1
  217     736       1
  219     406       1
  219     422       1
  219     506       1
  219     638       1
  219     679       1
  219     724       1
  220     625       1
  220     699       1
  221     397       1
  221     531       1
  221     542       1
  221     651       1
  223     259       1
  223     364       1
  223     425       1
  224     619       1
  225     324       1
  225     504       1
  225     507       1
  226     330       1
  229     466       1
  229     729       1
  230     242       1
  232     442       1
  232     553       1
  233     691       1
  234     381       1
  235     537       1
  236     567       1
  237     535       1
  238     270       1
  240     416       1
  240     441       1
  240     575       1
  240     578       1
  241     347       1
  241     358       1
  242     461       1
  242     498       1
  242     695       1
  243     758       1
  244     434       1
  245     347       1
  246     428       1
  247     480       1
  249     707       1
  250     504       1
  251     518       1
  252     725       1
  254     299       1
  254     766       1
  254     773       1
  255     514       1
  255     749       1
  256     686       1
  257     730       1
  258     534       1
  260     755       1
  261     346       1
  262     615       1
  264     484       1
  265     327       1
  265     497       1
  265     785       1
  266     413       1
  267     578       1
  269     378       1
  269     739       1
  270     477       1
  271     324       1
  272     302       1
  273     463       1
  274     730       1
  275     370       1
  275     431       1
  275     688       1
  276     372       1
  277     464       1
  278     477       1
  278     601       1
  278     744       1
  279     599       1
  280     449       1
  281     578       1
  282     325       1
  283     358       1
  283     403       1
  283     579       1
  283     602       1
  284     701       1
  284     724       1
  285     402       1
  286     459       1
  286     716       1
  286     722       1
  287     626       1
  287     792       1
  288     730       1
  290     484       1
  291     319       1
  291     729       1
  292     709       1
  293     765       1
  294     541       1
  294     543       1
  294     759       1
  295     402       1
  296     518       1
  296     794       1
  296     800       1
  298     461       1
  298     723       1
  299     591       1
  299     782       1
  300     342       1
  301     720       1
  302     312       1
  303     714       1
  303     764       1
  304     472       1
  304     582       1
  305     343       1
  306     793       1
  308     458       1
  308     532       1
  308     656       1
  309     310       1
  309     777       1
  310     470       1
  311     573       1
  311     694       1
  312     470       1
  313     362       1
  315     731       1
  316     537       1
  317     747       1
  318     420       1
  318     643       1
  318     686       1
  319     527       1
  320     685       1
  320     730       1
  320     761       1
  320     770       1
  322     399       1
  322     595       1
  322     777       1
  323     343       1
  325     356       1
  325     529       1
  325     667       1
  325     668       1
  326     620       1
  326     635       1
  327     719       1
  328     410       1
  329     481       1
  329     635       1
  330     340       1
  331     479       1
  331     520       1
  332     655       1
  333     574       1
  334     661       1
  334     728       1
  335     513       1
  335     691       1
  336     423       1
  338     623       1
  339     457       1
  339     782       1
  339     784       1
  340     507       1
  340     516       1
  341     563       1
  341     695       1
  342     343       1
  342     399       1
  342     574       1
  342     594       1
  342     639       1
  342     711       1
  343     348       1
  343     538       1
  343     739       1
  344     578       1
  345     485       1
  345     641       1
  346     758       1
  347     367       1
  348     436       1
  348     540       1
  348     712       1
  349     452       1
  349     585       1
  349     705       1
  350     533       1
  351     374       1
  352     684       1
  353     480       1
  354     431       1
  356     361       1
  356     365       1
  356     492       1
  356     519       1
  356     747       1
  357     473       1
  358     745       1
  361     625       1
  363     479       1
  364     405       1
  364     796       1
  365     569       1
  366     752       1
  367     456       1
  368     374       1
  369     570       1
  370     422       1
  371     547       1
  372     489       1
  373     717       1
  374     572       1
  374     598       1
  374     694       1
  375     452       1
  376     413       1
  376     462       1
  378     535       1
  379     441       1
  380     390       1
  381     578       1
  381     656       1
  382     433       1
  384     730       1
  384     734       1
  385     535       1
  387     513       1
  387     762       1
  388     562       1
  389     702       1
  390     536       1
  390     654       1
  391     506       1
  393     529       1
  394     570       1
  394     769       1
  395     613       1
  396     669       1
  396     758       1
  397     488       1
  398     581       1
  398     658       1
  398     735       1
  399     603       1
  399     630       1
  401     739       1
  402     754       1
  404     781       1
  405     502       1
  407     444       1
  409     661       1
  409     794       1
  410     565       1
  410     764       1
  411     628       1
  413     448       1
  413     800       1
  414     581       1
  414     678       1
  414     752       1
  415     694       1
  417     626       1
  418     594       1
  418     785       1
  420     459       1
  421     582       1
  423     657       1
  423     721       1
  424     548       1
  426     578       1
  427     574       1
  427     623       1
  427     640       1
  427     791       1
  428     639       1
  429     710       1
  430     636       1
  430     746       1
  431     536       1
  432     667       1
  433     745       1
  433     771       1
  434     560       1
  435     480       1
  435     790       1
  437     585       1
  438     639       1
  439     743       1
  440     506       1
  440     705       1
  440     741       1
  441     487       1
  441     593       1
  441     719       1
  442     452       1
  445     538       1
  445     793       1
  446     754       1
  448     551       1
  449     591       1
  449     643       1
  450     762       1
  452     602       1
  453     629       1
  453     632       1
  455     597       1
  455     699       1
  455     737       1
  456     777       1
  457     777       1
  458     673       1
  459     604       1
  460     744       1
  461     553       1
  461     616       1
  462     578       1
  464     575       1
  464     583       1
  465     736       1
  467     604       1
  468     600       1
  468     693       1
  469     553       1
  470     695       1
  471     511       1
  471     624       1
  475     661       1
  476     504       1
  476     679       1
  477     553       1
  477     649       1
  477     667       1
  477     728       1
  477     786       1
  478     686       1
  479     512       1
  479     774       1
  479     795       1
  480     570       1
  480     700       1
  481     578       1
  482     645       1
  483     685       1
  486     746       1
  486     777       1
  488     662       1
  490     581       1
  491     738       1
  492     733       1
  493     607       1
  493     725       1
  495     565       1
  496     620       1
  496     771       1
  497     704       1
  498     690       1
  499     552       1
  499     748       1
  500     726       1
  503     784       1
  504     626       1
  505     662       1
  506     758       1
  507     670       1
  508     741       1
  510     540       1
  510     574       1
  511     623       1
  515     748       1
  516     627       1
  517     714       1
  519     737       1
  522     536       1
  523     710       1
  524     689       1
  525     754       1
  526     691       1
  528     677       1
  530     669       1
  532     653       1
  533     588       1
  536     589       1
  538     578       1
  538     590       1
  539     585       1
  541     563       1
  542     623       1
  544     778       1
  546     649       1
  546     655       1
  546     710       1
  550     630       1
  550     652       1
  551     791       1
  552     717       1
  553     566       1
  554     712       1
  556     800       1
  557     585       1
  557     716       1
  560     660       1
  560     672       1
  560     764       1
  561     698       1
  563     612       1
  576     627       1
  578     699       1
  578     717       1
  578     718       1
  578     757       1
  580     593       1
  581     682       1
  581     749       1
  581     751       1
  583     670       1
  584     786       1
  585     693       1
  585     782       1
  587     598       1
  587     767       1
  589     642       1
  594     752       1
  596     678       1
  597     648       1
  598     706       1
  598     759       1
  598     775       1
  601     698       1
  603     751       1
  606     725       1
  608     685       1
  608     747       1
  613     700       1
  623     633       1
  624     650       1
  625     778       1
  625     795       1
  628     633       1
  633     646       1
  635     715       1
  639     759       1
  643     645       1
  643     666       1
  644     741       1
  645     694       1
  646     760       1
  650     764       1
  654     688       1
  654     694       1
  656     701       1
  661     750       1
  667     746       1
  670     723       1
  672     700       1
  674     689       1
  681     766       1
  683     766       1
  687     786       1
  694     740       1
  695     717       1
  698     772       1
  699     727       1
  703     740       1
  708     723       1
  709     733       1
  724     734       1
  725     783       1
  728     756       1
  731     764       1
  731     797       1
  744     790       1
  745     753       1
  746     780       1
  751     786       1
  755     758       1
  755     769       1
  772     791       1
  774     788       1
