  100     144
    1      19       1
    2      48       1
    3      41       1
    3      82       1
    4      42       1
    5      22       1
    5      27       1
    5      55       1
    5      59       1
    6      53       1
    7      81       1
    7      87       1
    7      92       1
    8      23       1
    8      29       1
    8      81       1
    9      87       1
   10      20       1
   10      23       1
   11      26       1
   11      90       1
   12      22       1
   12      51       1
   13      20       1
   13     100       1
   14      17       1
   14      19       1
   14      32       1
   14      33       1
   14      49       1
   14      92       1
   15      19       1
   15      21       1
   15      38       1
   15      46       1
   15      75       1
   16      31       1
   16      89       1
   17      42       1
   17      46       1
   17      60       1
   17      72       1
   18      28       1
   18      37       1
   18      61       1
   18      89       1
   19      32       1
   19      79       1
   19      80       1
   19      86       1
   19      88       1
   20      80       1
   21      65       1
   22      43       1
   22      73       1
   22      97       1
   23      30       1
   23      63       1
   23      83       1
   24      50       1
   24      62       1
   24      66       1
   25      31       1
   26      44       1
   26      47       1
   26      50       1
   26      75       1
   26      97       1
   28      85       1
   29      83       1
   30      32       1
   30      62       1
   31      41       1
   31      81       1
   32      39       1
   32      76       1
   32      92       1
   34      41       1
   34      96       1
   35      90       1
   36      70       1
   37      57       1
   38      58       1
   39      40       1
   39      87       1
   40      41       1
   40      50       1
   41      77       1
   41      95       1
   43      46       1
   43      50       1
   43      76       1
   43      93       1
   44      61       1
   44      77       1
   45      51       1
   45      53       1
   45      72       1
   46      90       1
   48      81       1
   49      61       1
   49      78       1
   52      72       1
   52      84       1
   52      91       1
   53      61       1
   54      59       1
   54      69       1
   55      57       1
   55      90       1
   56      97       1
   57      94       1
   59      60       1
   59      65       1
   59      81       1
   62      70       1
   62      86       1
   62      93       1
   63      82       1
   63      87       1
   64      71       1
   66      88       1
   67      75       1
   67      80       1
   68      87       1
   69      72       1
   69      92       1
   70      85       1
   71      77       1
   72      86       1
   72     100       1
   73      79       1
   74      84       1
   78      79       1
   79      94       1
   81      88       1
   85      99       1
   87      88       1
   87      91       1
   87      99       1
   88      97       1
   90      98       1
   93      96       1
   96      98       1
