  400     489
    1     201       1
    2     107       1
    2     163       1
    2     193       1
    3     218       1
    3     319       1
    4      69       1
    4     362       1
    5     181       1
    5     361       1
    6      49       1
    6     269       1
    6     294       1
    7     126       1
    7     286       1
    8     197       1
    9     330       1
   10     181       1
   10     271       1
   11     219       1
   11     337       1
   12     344       1
   13     182       1
   14     240       1
   14     298       1
   14     337       1
   15     227       1
   16     216       1
   17     343       1
   18     222       1
   18     255       1
   18     363       1
   19      63       1
   19     162       1
   19     198       1
   20     197       1
   21     129       1
   21     242       1
   21     346       1
   22      47       1
   22     194       1
   22     228       1
   23     135       1
   23     144       1
   23     198       1
   24      41       1
   24     117       1
   24     197       1
   24     333       1
   24     379       1
   24     400       1
   25     197       1
   25     248       1
   25     299       1
   25     313       1
   26     120       1
   26     177       1
   26     201       1
   26     384       1
   27     142       1
   28     274       1
   28     305       1
   28     386       1
   29      41       1
   29      79       1
   29      80       1
   29     111       1
   29     154       1
   29     255       1
   29     309       1
   29     348       1
   29     357       1
   30     305       1
   31     384       1
   32     205       1
   32     335       1
   33     243       1
   34      74       1
   35     175       1
   35     189       1
   35     335       1
   35     394       1
   36     368       1
   37     260       1
   37     375       1
   38      47       1
   39     126       1
   39     186       1
   39     279       1
   40     216       1
   40     330       1
   41      86       1
   41     101       1
   41     126       1
   41     173       1
   41     177       1
   41     183       1
   41     346       1
   41     357       1
   42     103       1
   43     136       1
   43     341       1
   44      58       1
   45     208       1
   45     257       1
   45     354       1
   46      85       1
   46     346       1
   47     221       1
   47     355       1
   47     358       1
   48     162       1
   48     243       1
   48     252       1
   48     399       1
   49     154       1
   49     307       1
   50     149       1
   50     162       1
   50     203       1
   50     206       1
   50     335       1
   51     252       1
   51     358       1
   52     259       1
   53      88       1
   53     185       1
   53     213       1
   54     158       1
   54     229       1
   54     317       1
   55     247       1
   55     319       1
   55     396       1
   56     177       1
   56     336       1
   56     343       1
   57     163       1
   58     239       1
   59     144       1
   60     109       1
   60     330       1
   60     351       1
   61     104       1
   61     394       1
   62     131       1
   62     264       1
   62     304       1
   62     358       1
   63     321       1
   64     157       1
   64     273       1
   65     206       1
   65     372       1
   66     109       1
   67      98       1
   67     284       1
   68     371       1
   69     105       1
   70     255       1
   70     286       1
   70     319       1
   71     162       1
   71     333       1
   72     243       1
   72     312       1
   72     332       1
   73     356       1
   74     124       1
   74     140       1
   74     191       1
   74     344       1
   75     102       1
   75     108       1
   75     270       1
   76     122       1
   76     194       1
   77     186       1
   78     261       1
   78     310       1
   78     366       1
   79     246       1
   79     272       1
   79     327       1
   79     361       1
   80     215       1
   80     252       1
   81     244       1
   82      89       1
   82      98       1
   83     134       1
   84     227       1
   84     318       1
   85     302       1
   86     140       1
   86     213       1
   87     194       1
   88     207       1
   89     115       1
   89     263       1
   89     320       1
   89     395       1
   90     268       1
   91     304       1
   91     342       1
   92     128       1
   92     202       1
   93     181       1
   94     196       1
   94     225       1
   94     254       1
   94     280       1
   94     331       1
   95     359       1
   96     162       1
   97     140       1
   97     355       1
   97     371       1
   98     244       1
   98     310       1
   99     253       1
   99     337       1
  100     324       1
  101     238       1
  101     265       1
  101     285       1
  102     224       1
  102     307       1
  102     319       1
  103     158       1
  103     177       1
  103     181       1
  103     305       1
  103     356       1
  104     239       1
  105     109       1
  105     312       1
  106     380       1
  107     170       1
  107     220       1
  107     381       1
  109     131       1
  109     181       1
  109     239       1
  109     279       1
  109     395       1
  110     213       1
  110     382       1
  111     375       1
  112     212       1
  112     283       1
  113     399       1
  114     260       1
  114     298       1
  114     336       1
  116     122       1
  118     319       1
  119     151       1
  119     282       1
  119     286       1
  120     343       1
  120     387       1
  121     304       1
  122     140       1
  122     248       1
  122     349       1
  123     305       1
  124     339       1
  124     369       1
  125     268       1
  126     241       1
  127     264       1
  128     143       1
  128     160       1
  128     285       1
  128     293       1
  129     159       1
  129     314       1
  130     184       1
  130     256       1
  131     138       1
  131     163       1
  131     267       1
  131     311       1
  132     162       1
  132     212       1
  132     216       1
  133     157       1
  133     181       1
  133     209       1
  134     258       1
  134     368       1
  135     148       1
  135     178       1
  135     312       1
  135     391       1
  136     308       1
  137     245       1
  137     355       1
  138     166       1
  138     300       1
  138     393       1
  139     178       1
  139     267       1
  139     378       1
  140     146       1
  140     155       1
  140     194       1
  140     251       1
  140     318       1
  140     383       1
  141     144       1
  142     269       1
  145     168       1
  145     329       1
  146     366       1
  147     338       1
  148     200       1
  149     247       1
  150     218       1
  150     235       1
  152     194       1
  152     391       1
  153     185       1
  153     242       1
  156     263       1
  157     349       1
  158     163       1
  158     226       1
  158     367       1
  159     246       1
  161     176       1
  161     185       1
  162     174       1
  162     188       1
  162     267       1
  164     234       1
  164     275       1
  165     249       1
  165     329       1
  165     397       1
  166     308       1
  167     186       1
  168     239       1
  168     347       1
  169     209       1
  170     312       1
  171     319       1
  171     371       1
  172     289       1
  172     387       1
  173     199       1
  173     315       1
  174     370       1
  176     186       1
  177     229       1
  177     231       1
  177     302       1
  177     341       1
  179     323       1
  180     243       1
  180     325       1
  181     234       1
  181     277       1
  181     337       1
  182     211       1
  182     243       1
  182     301       1
  184     239       1
  184     378       1
  185     190       1
  185     227       1
  185     334       1
  186     325       1
  186     396       1
  187     394       1
  188     377       1
  189     229       1
  189     366       1
  190     191       1
  191     289       1
  191     338       1
  192     270       1
  195     346       1
  197     231       1
  198     212       1
  198     257       1
  199     353       1
  200     365       1
  203     236       1
  203     276       1
  204     366       1
  207     340       1
  208     293       1
  209     364       1
  210     331       1
  212     317       1
  212     398       1
  213     293       1
  213     394       1
  214     268       1
  216     343       1
  217     278       1
  218     399       1
  222     315       1
  223     352       1
  223     391       1
  225     395       1
  226     390       1
  227     244       1
  227     360       1
  228     368       1
  229     285       1
  229     362       1
  230     379       1
  231     290       1
  232     342       1
  233     236       1
  233     378       1
  235     289       1
  236     264       1
  236     329       1
  237     334       1
  239     392       1
  240     353       1
  242     338       1
  244     345       1
  244     395       1
  246     291       1
  246     326       1
  248     256       1
  250     327       1
  251     359       1
  252     254       1
  255     258       1
  255     297       1
  257     324       1
  259     374       1
  259     375       1
  262     362       1
  266     370       1
  266     395       1
  266     397       1
  267     283       1
  268     287       1
  268     303       1
  268     325       1
  268     337       1
  270     276       1
  273     288       1
  277     377       1
  278     356       1
  280     385       1
  281     382       1
  283     380       1
  290     379       1
  292     295       1
  292     366       1
  292     378       1
  294     373       1
  294     375       1
  294     383       1
  295     325       1
  296     333       1
  301     342       1
  302     389       1
  304     308       1
  306     309       1
  308     346       1
  309     334       1
  314     323       1
  315     399       1
  316     325       1
  322     346       1
  324     365       1
  324     392       1
  328     368       1
  332     334       1
  333     347       1
  334     342       1
  336     357       1
  341     379       1
  342     381       1
  350     375       1
  353     364       1
  355     368       1
  355     388       1
  359     395       1
  375     376       1
