  800     929
    1     229       1
    1     331       1
    1     356       1
    1     409       1
    1     432       1
    1     475       1
    1     620       1
    2     727       1
    3     216       1
    3     544       1
    4     624       1
    5     566       1
    6     317       1
    6     712       1
    6     759       1
    7     255       1
    7     323       1
    7     390       1
    7     448       1
    7     496       1
    7     535       1
    7     659       1
    8     725       1
    9     561       1
   10     108       1
   11     134       1
   12     214       1
   12     280       1
   13     150       1
   13     178       1
   13     359       1
   13     730       1
   13     753       1
   14      32       1
   14     752       1
   15      72       1
   15     323       1
   16     130       1
   16     149       1
   16     209       1
   16     287       1
   16     395       1
   16     471       1
   16     521       1
   16     650       1
   17     216       1
   17     644       1
   18     741       1
   19     101       1
   19     408       1
   20     194       1
   20     422       1
   20     748       1
   21     645       1
   21     780       1
   22     209       1
   22     717       1
   22     731       1
   23     112       1
   23     552       1
   23     797       1
   24      67       1
   24     482       1
   24     487       1
   25     611       1
   26     201       1
   26     312       1
   26     381       1
   27      65       1
   27     436       1
   27     690       1
   28     341       1
   29     198       1
   29     445       1
   30     665       1
   31     410       1
   32     233       1
   33     480       1
   34     543       1
   34     652       1
   35     459       1
   35     480       1
   36      91       1
   36     264       1
   37     239       1
   38     446       1
   38     448       1
   38     749       1
   39     182       1
   39     675       1
   40      94       1
   40     379       1
   41     539       1
   41     603       1
   42     522       1
   43     408       1
   44      85       1
   44     281       1
   44     665       1
   45     270       1
   45     403       1
   46     773       1
   47     593       1
   47     595       1
   48     122       1
   48     527       1
   48     673       1
   49     254       1
   49     344       1
   49     437       1
   49     442       1
   49     520       1
   49     762       1
   50     308       1
   50     390       1
   51     762       1
   52     417       1
   53     526       1
   54      92       1
   54     273       1
   54     352       1
   54     560       1
   55     139       1
   56     279       1
   57     188       1
   57     414       1
   57     457       1
   58     348       1
   59     753       1
   60     556       1
   61     220       1
   61     224       1
   61     581       1
   61     589       1
   61     686       1
   62     682       1
   63     264       1
   63     350       1
   64      67       1
   64     265       1
   65      95       1
   65     346       1
   65     444       1
   65     586       1
   66     185       1
   66     337       1
   68     492       1
   69     155       1
   69     215       1
   69     499       1
   70     716       1
   71     128       1
   71     634       1
   72     188       1
   73     398       1
   73     404       1
   73     649       1
   74      82       1
   75     387       1
   75     526       1
   76     340       1
   76     417       1
   76     463       1
   76     651       1
   77     167       1
   77     276       1
   77     508       1
   77     620       1
   77     782       1
   78     663       1
   79     598       1
   80     357       1
   80     414       1
   81     138       1
   81     506       1
   82     590       1
   83     181       1
   83     431       1
   83     516       1
   84     214       1
   86     304       1
   86     524       1
   87     233       1
   87     565       1
   87     744       1
   88     322       1
   88     349       1
   88     489       1
   88     775       1
   89     252       1
   89     395       1
   89     435       1
   90     141       1
   90     606       1
   91     550       1
   93     142       1
   93     400       1
   94     113       1
   95     148       1
   96     318       1
   97     644       1
   98     109       1
   98     379       1
   99     199       1
   99     641       1
  100     159       1
  100     295       1
  100     359       1
  100     401       1
  100     785       1
  101     314       1
  102     305       1
  103     223       1
  103     739       1
  104     363       1
  105     263       1
  105     304       1
  105     313       1
  105     405       1
  105     557       1
  105     609       1
  105     747       1
  106     366       1
  106     455       1
  107     192       1
  108     236       1
  108     617       1
  109     354       1
  109     388       1
  109     406       1
  110     368       1
  110     387       1
  111     361       1
  111     725       1
  112     472       1
  113     467       1
  113     673       1
  114     234       1
  115     209       1
  115     691       1
  116     208       1
  116     231       1
  117     740       1
  118     472       1
  118     777       1
  119     187       1
  120     521       1
  120     734       1
  121     178       1
  121     417       1
  121     524       1
  121     587       1
  122     252       1
  123     252       1
  124     478       1
  125     367       1
  126     249       1
  126     741       1
  127     687       1
  129     727       1
  129     787       1
  130     446       1
  130     655       1
  130     672       1
  130     687       1
  130     766       1
  131     204       1
  131     381       1
  131     501       1
  132     298       1
  132     703       1
  132     746       1
  132     776       1
  133     166       1
  133     514       1
  133     621       1
  133     718       1
  134     731       1
  135     633       1
  136     383       1
  137     340       1
  137     472       1
  139     699       1
  139     791       1
  140     306       1
  141     156       1
  141     782       1
  142     330       1
  142     353       1
  143     176       1
  143     232       1
  143     539       1
  143     665       1
  143     755       1
  143     777       1
  144     719       1
  145     797       1
  146     694       1
  147     192       1
  148     336       1
  149     262       1
  150     291       1
  150     401       1
  150     625       1
  150     721       1
  151     159       1
  152     709       1
  153     253       1
  153     548       1
  153     747       1
  154     285       1
  154     453       1
  154     725       1
  154     779       1
  155     432       1
  155     679       1
  156     390       1
  156     602       1
  157     483       1
  158     762       1
  160     406       1
  160     592       1
  161     302       1
  161     381       1
  161     458       1
  161     548       1
  161     664       1
  161     788       1
  162     237       1
  163     265       1
  163     513       1
  163     533       1
  164     516       1
  164     798       1
  165     683       1
  165     739       1
  167     584       1
  168     228       1
  168     248       1
  169     195       1
  169     211       1
  169     426       1
  169     751       1
  170     490       1
  170     566       1
  171     523       1
  172     185       1
  172     190       1
  172     703       1
  173     239       1
  173     362       1
  173     792       1
  174     347       1
  174     610       1
  174     712       1
  175     586       1
  177     212       1
  178     180       1
  178     391       1
  178     501       1
  179     511       1
  182     475       1
  183     192       1
  183     412       1
  183     571       1
  183     652       1
  184     482       1
  184     545       1
  186     747       1
  187     431       1
  187     636       1
  188     605       1
  188     684       1
  189     536       1
  190     333       1
  191     590       1
  191     653       1
  192     689       1
  192     706       1
  193     214       1
  194     579       1
  196     659       1
  197     497       1
  198     547       1
  199     315       1
  200     717       1
  201     277       1
  201     293       1
  202     690       1
  203     258       1
  205     319       1
  205     559       1
  206     264       1
  207     220       1
  208     377       1
  208     588       1
  209     241       1
  209     384       1
  209     621       1
  209     653       1
  209     660       1
  209     735       1
  210     289       1
  211     590       1
  211     629       1
  212     727       1
  213     254       1
  213     273       1
  214     321       1
  214     473       1
  214     709       1
  214     754       1
  215     380       1
  216     319       1
  216     578       1
  216     587       1
  216     613       1
  216     624       1
  216     688       1
  217     271       1
  217     567       1
  217     719       1
  218     295       1
  218     498       1
  218     753       1
  219     278       1
  219     615       1
  220     573       1
  220     685       1
  220     756       1
  221     640       1
  221     744       1
  222     716       1
  223     327       1
  223     690       1
  224     226       1
  225     261       1
  226     568       1
  227     251       1
  227     306       1
  227     428       1
  227     556       1
  227     789       1
  228     626       1
  229     403       1
  229     570       1
  230     591       1
  231     583       1
  231     676       1
  232     669       1
  233     650       1
  233     698       1
  233     725       1
  234     374       1
  234     597       1
  234     762       1
  235     595       1
  235     767       1
  236     323       1
  236     364       1
  236     382       1
  236     680       1
  237     459       1
  237     522       1
  238     442       1
  239     264       1
  239     423       1
  240     770       1
  241     574       1
  241     646       1
  241     711       1
  241     773       1
  242     425       1
  242     631       1
  243     780       1
  244     587       1
  245     443       1
  245     581       1
  246     712       1
  247     530       1
  247     534       1
  248     265       1
  248     277       1
  248     372       1
  250     529       1
  252     257       1
  252     567       1
  253     786       1
  254     606       1
  255     287       1
  255     504       1
  255     678       1
  255     758       1
  256     675       1
  257     429       1
  258     622       1
  258     720       1
  259     264       1
  259     265       1
  259     341       1
  259     665       1
  259     712       1
  259     720       1
  260     304       1
  260     628       1
  260     695       1
  261     510       1
  261     659       1
  261     798       1
  262     400       1
  265     518       1
  265     530       1
  265     638       1
  266     305       1
  267     766       1
  268     540       1
  269     754       1
  269     768       1
  270     664       1
  272     700       1
  273     322       1
  273     563       1
  273     600       1
  274     439       1
  274     696       1
  274     735       1
  275     403       1
  276     314       1
  278     585       1
  278     631       1
  278     778       1
  279     676       1
  280     601       1
  280     619       1
  282     658       1
  282     760       1
  283     311       1
  284     546       1
  286     611       1
  287     378       1
  288     491       1
  288     741       1
  289     558       1
  290     406       1
  290     736       1
  292     406       1
  292     448       1
  293     368       1
  293     716       1
  294     470       1
  294     552       1
  294     598       1
  295     344       1
  296     675       1
  297     687       1
  298     413       1
  299     723       1
  300     396       1
  300     439       1
  300     494       1
  300     681       1
  301     612       1
  303     390       1
  303     469       1
  303     620       1
  303     739       1
  304     458       1
  304     484       1
  305     395       1
  306     519       1
  306     748       1
  307     526       1
  307     528       1
  308     461       1
  308     658       1
  309     327       1
  309     676       1
  310     512       1
  310     631       1
  310     751       1
  311     717       1
  313     427       1
  313     518       1
  314     572       1
  315     350       1
  315     504       1
  315     550       1
  316     638       1
  317     399       1
  318     323       1
  320     531       1
  321     386       1
  321     441       1
  321     466       1
  321     528       1
  321     567       1
  321     611       1
  321     757       1
  322     451       1
  322     696       1
  323     386       1
  323     440       1
  323     459       1
  323     649       1
  324     439       1
  325     353       1
  326     759       1
  328     721       1
  329     548       1
  329     580       1
  330     691       1
  331     569       1
  332     459       1
  333     360       1
  334     369       1
  334     485       1
  335     388       1
  337     760       1
  338     388       1
  339     538       1
  339     663       1
  340     706       1
  342     383       1
  343     627       1
  343     669       1
  345     434       1
  345     454       1
  345     483       1
  345     521       1
  345     600       1
  345     788       1
  347     443       1
  348     466       1
  348     698       1
  351     775       1
  352     652       1
  353     431       1
  353     515       1
  353     607       1
  354     404       1
  354     434       1
  355     480       1
  358     527       1
  359     460       1
  359     528       1
  359     691       1
  361     553       1
  363     527       1
  365     507       1
  367     415       1
  367     490       1
  367     698       1
  368     491       1
  369     411       1
  370     624       1
  370     690       1
  371     473       1
  373     523       1
  374     467       1
  375     680       1
  376     475       1
  377     388       1
  378     477       1
  379     548       1
  379     781       1
  380     490       1
  380     608       1
  380     735       1
  380     777       1
  383     437       1
  385     513       1
  385     631       1
  385     693       1
  386     562       1
  386     620       1
  386     673       1
  386     711       1
  386     782       1
  387     650       1
  387     737       1
  389     410       1
  391     456       1
  392     670       1
  393     484       1
  393     554       1
  393     671       1
  394     532       1
  395     754       1
  397     667       1
  397     676       1
  398     455       1
  399     423       1
  399     732       1
  400     600       1
  400     661       1
  402     799       1
  403     615       1
  406     482       1
  406     653       1
  407     466       1
  408     535       1
  409     639       1
  410     634       1
  410     675       1
  410     715       1
  411     431       1
  415     604       1
  416     509       1
  416     568       1
  418     559       1
  418     695       1
  419     446       1
  420     494       1
  421     688       1
  422     430       1
  422     662       1
  424     626       1
  425     645       1
  428     449       1
  428     683       1
  431     649       1
  431     665       1
  431     724       1
  431     784       1
  433     644       1
  434     786       1
  436     674       1
  438     675       1
  441     447       1
  441     536       1
  441     563       1
  441     793       1
  446     462       1
  446     604       1
  447     495       1
  449     622       1
  449     702       1
  450     784       1
  450     785       1
  451     559       1
  452     508       1
  452     777       1
  455     525       1
  455     553       1
  455     796       1
  458     616       1
  458     665       1
  458     703       1
  459     478       1
  459     644       1
  459     653       1
  459     740       1
  464     710       1
  465     514       1
  466     797       1
  467     619       1
  468     619       1
  471     643       1
  474     522       1
  475     647       1
  475     734       1
  476     621       1
  478     561       1
  478     683       1
  479     514       1
  481     771       1
  483     614       1
  483     779       1
  486     561       1
  486     657       1
  488     495       1
  490     723       1
  491     581       1
  492     519       1
  492     745       1
  493     777       1
  494     547       1
  494     583       1
  494     656       1
  494     676       1
  497     500       1
  497     507       1
  497     705       1
  497     766       1
  499     583       1
  499     721       1
  502     513       1
  503     516       1
  505     606       1
  506     551       1
  506     635       1
  506     665       1
  507     653       1
  507     722       1
  510     776       1
  511     649       1
  515     704       1
  515     706       1
  517     770       1
  518     575       1
  519     572       1
  519     762       1
  520     800       1
  521     527       1
  521     675       1
  523     740       1
  528     568       1
  528     762       1
  529     748       1
  530     646       1
  531     677       1
  531     737       1
  532     585       1
  532     624       1
  534     567       1
  535     668       1
  535     771       1
  537     627       1
  537     777       1
  538     623       1
  538     665       1
  540     567       1
  541     699       1
  541     769       1
  542     792       1
  546     590       1
  547     714       1
  548     552       1
  549     656       1
  553     562       1
  555     752       1
  557     593       1
  558     756       1
  560     644       1
  562     566       1
  562     682       1
  564     751       1
  565     646       1
  565     711       1
  568     767       1
  571     700       1
  571     707       1
  571     788       1
  576     599       1
  577     683       1
  580     748       1
  581     674       1
  581     690       1
  582     769       1
  583     677       1
  583     776       1
  585     794       1
  586     648       1
  586     694       1
  586     717       1
  587     713       1
  590     743       1
  590     780       1
  591     609       1
  592     749       1
  594     721       1
  595     649       1
  596     727       1
  597     719       1
  599     657       1
  601     681       1
  601     785       1
  602     659       1
  603     665       1
  605     756       1
  605     769       1
  609     761       1
  610     618       1
  610     709       1
  612     667       1
  615     667       1
  616     733       1
  619     725       1
  619     765       1
  620     708       1
  621     670       1
  621     727       1
  624     670       1
  624     750       1
  630     709       1
  632     670       1
  633     656       1
  637     666       1
  637     692       1
  642     694       1
  644     704       1
  645     654       1
  647     698       1
  649     657       1
  649     676       1
  652     708       1
  655     702       1
  656     773       1
  657     663       1
  658     781       1
  664     728       1
  665     675       1
  666     694       1
  670     741       1
  675     752       1
  676     756       1
  691     799       1
  697     707       1
  699     762       1
  701     793       1
  710     760       1
  710     762       1
  712     774       1
  715     800       1
  716     763       1
  724     726       1
  729     770       1
  733     738       1
  740     742       1
  748     764       1
  748     770       1
  751     752       1
  751     790       1
  756     778       1
  756     796       1
  772     779       1
  782     795       1
  783     793       1
  783     800       1
