   50      85
    1      22       1
    1      45       1
    2      10       1
    2      28       1
    2      31       1
    3      18       1
    3      31       1
    4      31       1
    5      10       1
    5      12       1
    5      26       1
    5      50       1
    6      17       1
    6      27       1
    6      29       1
    6      35       1
    6      50       1
    7      38       1
    8      11       1
    8      47       1
    9      27       1
    9      34       1
   10      23       1
   11      29       1
   11      30       1
   11      32       1
   11      33       1
   11      38       1
   11      47       1
   13      22       1
   13      36       1
   14      32       1
   14      39       1
   15      38       1
   16      21       1
   16      26       1
   16      39       1
   16      43       1
   16      48       1
   16      50       1
   17      31       1
   17      43       1
   17      46       1
   17      49       1
   18      32       1
   18      34       1
   18      41       1
   19      21       1
   19      24       1
   19      30       1
   19      41       1
   19      48       1
   20      38       1
   20      39       1
   20      42       1
   20      43       1
   20      44       1
   20      48       1
   21      28       1
   21      35       1
   21      48       1
   23      42       1
   24      36       1
   25      32       1
   25      39       1
   25      41       1
   25      49       1
   26      50       1
   27      31       1
   27      33       1
   27      37       1
   28      30       1
   28      38       1
   31      35       1
   31      45       1
   32      35       1
   33      48       1
   34      46       1
   35      44       1
   36      44       1
   36      48       1
   36      49       1
   38      40       1
   38      47       1
   48      50       1
