  300     380
    1      43       1
    2      59       1
    2      67       1
    2     113       1
    3     127       1
    3     133       1
    4      57       1
    4     146       1
    4     240       1
    5      66       1
    5     129       1
    5     187       1
    5     199       1
    5     287       1
    6      41       1
    6     252       1
    7      36       1
    7     243       1
    7     266       1
    7     280       1
    7     288       1
    7     290       1
    8     266       1
    9     251       1
   10     186       1
   10     244       1
   11      74       1
   11     251       1
   11     258       1
   11     272       1
   12      57       1
   12      62       1
   12      68       1
   12     136       1
   13      80       1
   14      43       1
   15     121       1
   15     134       1
   15     141       1
   15     146       1
   15     157       1
   15     160       1
   15     188       1
   16     169       1
   17      31       1
   18     216       1
   18     237       1
   18     299       1
   19      39       1
   19      44       1
   19     266       1
   19     285       1
   20     200       1
   21     180       1
   22      71       1
   22      81       1
   22     119       1
   22     155       1
   22     192       1
   23     209       1
   23     227       1
   23     286       1
   24      49       1
   24     127       1
   25      71       1
   25     116       1
   26     154       1
   26     155       1
   26     272       1
   27      57       1
   28     138       1
   29     157       1
   29     290       1
   30      56       1
   30      68       1
   30     227       1
   30     244       1
   31      47       1
   32     134       1
   33     104       1
   33     119       1
   33     297       1
   34     183       1
   35      74       1
   35      78       1
   35      92       1
   35     119       1
   35     271       1
   36     132       1
   36     161       1
   36     196       1
   36     221       1
   36     249       1
   36     269       1
   37      74       1
   37     109       1
   38     140       1
   39     171       1
   40      70       1
   40      86       1
   40     202       1
   40     284       1
   41     125       1
   42     240       1
   42     288       1
   43      96       1
   43     106       1
   43     107       1
   43     143       1
   43     219       1
   43     256       1
   45     166       1
   46      61       1
   46      76       1
   46     256       1
   47      92       1
   48     159       1
   48     214       1
   49     124       1
   49     173       1
   50     156       1
   50     161       1
   50     279       1
   51      82       1
   51     260       1
   51     291       1
   52     110       1
   53      64       1
   53     124       1
   53     169       1
   53     232       1
   53     295       1
   54     182       1
   54     209       1
   54     260       1
   55     192       1
   56      92       1
   57      68       1
   58     157       1
   58     180       1
   60     130       1
   60     270       1
   61     195       1
   62     178       1
   62     183       1
   62     230       1
   63      90       1
   63     114       1
   63     284       1
   64     127       1
   64     299       1
   65     273       1
   66     165       1
   67     107       1
   67     163       1
   67     176       1
   67     249       1
   69     138       1
   70      76       1
   70     175       1
   72     157       1
   73     142       1
   73     231       1
   74     123       1
   74     132       1
   74     209       1
   74     297       1
   75     128       1
   75     164       1
   76     221       1
   77     143       1
   78     229       1
   79     139       1
   79     200       1
   79     257       1
   79     297       1
   80     242       1
   81     175       1
   81     233       1
   82     105       1
   82     132       1
   82     163       1
   83     139       1
   84     268       1
   85     153       1
   85     262       1
   86     206       1
   87      93       1
   87     273       1
   88     181       1
   88     258       1
   89     207       1
   90     103       1
   90     154       1
   90     171       1
   90     280       1
   91     136       1
   91     247       1
   92     130       1
   92     186       1
   92     205       1
   93     137       1
   93     249       1
   94     199       1
   95     132       1
   95     216       1
   95     270       1
   96     286       1
   97     111       1
   97     166       1
   97     210       1
   97     211       1
   98     163       1
   99     260       1
  100     211       1
  100     238       1
  100     277       1
  101     232       1
  102     111       1
  102     145       1
  106     259       1
  107     148       1
  107     197       1
  107     234       1
  107     294       1
  108     200       1
  108     289       1
  110     155       1
  112     125       1
  113     165       1
  113     213       1
  114     252       1
  115     290       1
  115     300       1
  116     117       1
  117     147       1
  118     240       1
  118     252       1
  119     224       1
  119     290       1
  120     139       1
  121     137       1
  121     208       1
  121     213       1
  121     277       1
  122     274       1
  125     162       1
  125     166       1
  125     197       1
  125     216       1
  126     259       1
  126     294       1
  127     300       1
  128     163       1
  128     251       1
  128     278       1
  129     286       1
  130     172       1
  130     283       1
  131     245       1
  132     164       1
  132     186       1
  134     153       1
  134     260       1
  135     198       1
  136     202       1
  136     242       1
  136     243       1
  137     260       1
  138     248       1
  138     254       1
  139     200       1
  139     275       1
  140     249       1
  141     171       1
  141     201       1
  141     247       1
  141     252       1
  141     254       1
  141     267       1
  141     268       1
  142     146       1
  142     215       1
  142     228       1
  144     246       1
  144     285       1
  146     163       1
  146     166       1
  146     276       1
  147     154       1
  149     169       1
  149     188       1
  149     234       1
  149     293       1
  150     200       1
  150     224       1
  151     185       1
  152     266       1
  154     167       1
  155     277       1
  158     296       1
  159     272       1
  160     239       1
  161     217       1
  163     263       1
  163     282       1
  163     284       1
  163     285       1
  164     223       1
  166     185       1
  166     222       1
  167     196       1
  168     196       1
  170     207       1
  171     193       1
  171     198       1
  171     245       1
  171     266       1
  171     285       1
  172     239       1
  173     184       1
  174     275       1
  177     263       1
  178     254       1
  179     221       1
  181     281       1
  183     292       1
  185     189       1
  186     226       1
  186     227       1
  187     241       1
  188     286       1
  189     274       1
  190     265       1
  191     206       1
  193     255       1
  194     221       1
  194     253       1
  196     262       1
  196     269       1
  197     294       1
  198     200       1
  198     292       1
  198     299       1
  199     202       1
  200     225       1
  201     227       1
  202     259       1
  203     254       1
  204     258       1
  205     282       1
  206     207       1
  207     263       1
  208     264       1
  209     253       1
  211     217       1
  211     296       1
  212     292       1
  213     294       1
  214     254       1
  216     233       1
  217     300       1
  218     247       1
  220     252       1
  223     289       1
  224     261       1
  226     288       1
  231     286       1
  235     276       1
  236     252       1
  237     275       1
  240     273       1
  241     252       1
  244     295       1
  246     297       1
  250     268       1
  253     296       1
  263     299       1
  265     291       1
  292     298       1
