  200     266
    1      34       1
    1      57       1
    1     165       1
    2     179       1
    3      50       1
    3     126       1
    3     152       1
    4       6       1
    4      64       1
    4      65       1
    4      98       1
    4     168       1
    4     189       1
    5      77       1
    5      88       1
    5     112       1
    6     166       1
    7      15       1
    7     113       1
    8      61       1
    9      40       1
    9     147       1
   10      63       1
   10     130       1
   11     190       1
   12      83       1
   12     133       1
   13      92       1
   14      39       1
   14      66       1
   14      80       1
   14      90       1
   14     174       1
   15      75       1
   15     112       1
   15     145       1
   16      49       1
   16     124       1
   16     165       1
   17      81       1
   18      27       1
   18     131       1
   18     171       1
   19     155       1
   20      66       1
   21      68       1
   21     152       1
   22      30       1
   22     129       1
   22     181       1
   23      91       1
   23     106       1
   23     157       1
   24     171       1
   24     198       1
   25     159       1
   26      67       1
   26      70       1
   27      31       1
   27      46       1
   27     124       1
   28     195       1
   28     200       1
   29     140       1
   31     116       1
   31     144       1
   32      72       1
   32      97       1
   32     185       1
   33     117       1
   34     188       1
   34     191       1
   35      54       1
   35      98       1
   35     134       1
   36      43       1
   36      47       1
   37     102       1
   38      39       1
   38      41       1
   38      44       1
   38      49       1
   38      76       1
   38     138       1
   38     147       1
   38     165       1
   38     166       1
   39     100       1
   39     155       1
   39     197       1
   40     125       1
   40     133       1
   40     137       1
   40     142       1
   41      86       1
   41     124       1
   41     179       1
   42      85       1
   42     120       1
   42     165       1
   43      61       1
   43      82       1
   43     114       1
   43     165       1
   44     111       1
   45      86       1
   45     197       1
   46     142       1
   48     108       1
   50      60       1
   50     137       1
   51      74       1
   51     196       1
   52     180       1
   53     180       1
   55      75       1
   55     129       1
   56     157       1
   57     156       1
   58      88       1
   58     125       1
   59      63       1
   59     197       1
   60      68       1
   60      98       1
   60     111       1
   60     118       1
   60     119       1
   60     160       1
   60     186       1
   60     189       1
   61     121       1
   62      97       1
   62     174       1
   63     129       1
   63     133       1
   63     171       1
   63     192       1
   64     153       1
   64     170       1
   64     174       1
   64     181       1
   65     104       1
   65     132       1
   66      92       1
   66     122       1
   66     142       1
   66     149       1
   66     159       1
   67      73       1
   67      92       1
   67     105       1
   68     181       1
   68     183       1
   69      99       1
   69     185       1
   70      82       1
   70     174       1
   70     190       1
   71     132       1
   73     113       1
   74      87       1
   74     137       1
   74     143       1
   74     177       1
   75     110       1
   75     131       1
   76      79       1
   76     128       1
   76     148       1
   77     166       1
   78     197       1
   79      97       1
   79     142       1
   80     174       1
   80     195       1
   81     142       1
   81     158       1
   81     180       1
   81     190       1
   84     164       1
   85     131       1
   85     155       1
   87     151       1
   89     152       1
   90      96       1
   90     101       1
   91     190       1
   92     130       1
   93     134       1
   93     137       1
   94     181       1
   95     162       1
   96     127       1
   96     176       1
   97     141       1
   97     173       1
   98     100       1
   98     126       1
   98     159       1
   98     162       1
   99     162       1
  100     102       1
  100     107       1
  100     117       1
  101     174       1
  101     198       1
  102     151       1
  102     187       1
  103     122       1
  103     154       1
  103     163       1
  103     178       1
  103     179       1
  104     157       1
  104     169       1
  108     119       1
  108     158       1
  108     181       1
  109     189       1
  112     142       1
  112     169       1
  113     123       1
  113     199       1
  115     157       1
  117     161       1
  121     164       1
  123     131       1
  123     146       1
  123     161       1
  124     196       1
  125     164       1
  126     164       1
  127     134       1
  127     167       1
  127     182       1
  130     182       1
  131     187       1
  132     155       1
  135     153       1
  135     193       1
  136     140       1
  136     150       1
  136     180       1
  137     152       1
  139     190       1
  140     186       1
  141     191       1
  142     149       1
  142     184       1
  144     182       1
  144     185       1
  147     194       1
  154     160       1
  154     182       1
  155     162       1
  156     158       1
  159     193       1
  160     172       1
  162     192       1
  163     187       1
  164     171       1
  164     200       1
  168     177       1
  175     185       1
  178     183       1
