  700     820
    1     401       1
    1     467       1
    2     265       1
    3      33       1
    3     155       1
    3     376       1
    4     639       1
    5     398       1
    5     492       1
    5     629       1
    6     499       1
    7     478       1
    7     550       1
    8     136       1
    8     265       1
    8     409       1
    9     357       1
   10     182       1
   10     257       1
   11      99       1
   12     132       1
   13      21       1
   13     113       1
   13     437       1
   13     561       1
   13     580       1
   13     590       1
   13     595       1
   13     656       1
   13     686       1
   14     140       1
   15     642       1
   15     660       1
   15     680       1
   16     269       1
   17     257       1
   17     651       1
   18     447       1
   18     636       1
   19     445       1
   19     538       1
   20     221       1
   21     493       1
   21     574       1
   22     117       1
   22     403       1
   23     301       1
   24     148       1
   24     547       1
   25     200       1
   26      77       1
   27     151       1
   27     295       1
   27     566       1
   28     336       1
   28     502       1
   28     633       1
   29     548       1
   29     670       1
   30     355       1
   30     630       1
   31     133       1
   31     564       1
   32     510       1
   32     681       1
   33      69       1
   33     164       1
   33     647       1
   33     665       1
   34     298       1
   34     444       1
   34     663       1
   35     150       1
   36     150       1
   36     508       1
   36     601       1
   36     669       1
   37     438       1
   38      41       1
   38     290       1
   38     309       1
   38     520       1
   39      45       1
   39      69       1
   39     135       1
   39     272       1
   39     318       1
   39     329       1
   39     343       1
   39     478       1
   39     493       1
   39     567       1
   39     695       1
   40     608       1
   40     675       1
   41     408       1
   41     415       1
   42     180       1
   42     559       1
   43      77       1
   43     134       1
   44     525       1
   46      75       1
   46     102       1
   46     550       1
   46     556       1
   47     168       1
   47     340       1
   48     423       1
   48     487       1
   48     593       1
   49      57       1
   50     336       1
   50     359       1
   51     206       1
   52     487       1
   52     603       1
   52     679       1
   53     335       1
   53     379       1
   54     357       1
   54     432       1
   55     151       1
   55     548       1
   56     379       1
   57      93       1
   57     176       1
   58     108       1
   58     459       1
   58     573       1
   58     634       1
   59     241       1
   60     207       1
   60     259       1
   61     188       1
   61     312       1
   61     491       1
   61     505       1
   62     132       1
   63     454       1
   63     476       1
   63     491       1
   63     504       1
   63     608       1
   64     289       1
   64     322       1
   65     206       1
   65     278       1
   65     688       1
   66     148       1
   67     580       1
   68     524       1
   69     228       1
   69     232       1
   69     382       1
   69     532       1
   69     533       1
   70     697       1
   71     291       1
   71     319       1
   71     384       1
   72     234       1
   72     675       1
   73     210       1
   74     441       1
   74     460       1
   74     647       1
   75     334       1
   75     497       1
   76     556       1
   76     687       1
   77     100       1
   77     136       1
   78     362       1
   78     466       1
   78     615       1
   79     479       1
   80     620       1
   81     171       1
   82     258       1
   82     282       1
   83     555       1
   83     683       1
   84     560       1
   85     297       1
   85     679       1
   86     231       1
   87     230       1
   87     330       1
   87     578       1
   88     233       1
   88     356       1
   88     367       1
   89     155       1
   89     461       1
   90     478       1
   90     641       1
   91     350       1
   91     692       1
   92     196       1
   92     503       1
   93     282       1
   93     554       1
   94     200       1
   94     268       1
   94     365       1
   94     400       1
   94     418       1
   94     491       1
   95     170       1
   95     277       1
   96     445       1
   96     493       1
   96     637       1
   97     592       1
   98     328       1
   98     482       1
   99     124       1
   99     610       1
  100     581       1
  101     127       1
  101     408       1
  101     436       1
  101     465       1
  102     274       1
  102     469       1
  103     289       1
  103     333       1
  104     106       1
  104     256       1
  104     474       1
  104     527       1
  105     126       1
  105     357       1
  107     331       1
  107     576       1
  108     442       1
  108     602       1
  108     663       1
  109     115       1
  110     112       1
  110     339       1
  110     346       1
  111     613       1
  112     405       1
  112     548       1
  114     352       1
  115     118       1
  115     156       1
  115     181       1
  115     502       1
  115     503       1
  115     559       1
  115     578       1
  115     608       1
  116     697       1
  117     423       1
  117     492       1
  118     260       1
  119     548       1
  120     549       1
  120     563       1
  121     372       1
  122     654       1
  123     145       1
  123     467       1
  123     608       1
  123     644       1
  124     196       1
  125     223       1
  125     343       1
  125     534       1
  125     553       1
  126     493       1
  128     409       1
  129     230       1
  129     444       1
  130     157       1
  130     276       1
  130     375       1
  131     581       1
  132     159       1
  133     262       1
  134     137       1
  135     143       1
  136     290       1
  136     575       1
  137     187       1
  138     644       1
  139     206       1
  140     157       1
  140     250       1
  140     285       1
  140     319       1
  140     574       1
  141     370       1
  142     248       1
  142     690       1
  144     369       1
  144     437       1
  144     537       1
  144     697       1
  145     284       1
  145     416       1
  145     450       1
  146     239       1
  146     617       1
  147     610       1
  148     494       1
  148     503       1
  149     384       1
  149     406       1
  149     448       1
  150     393       1
  151     401       1
  151     567       1
  152     245       1
  152     540       1
  153     600       1
  153     690       1
  154     336       1
  156     472       1
  156     611       1
  157     406       1
  157     643       1
  158     173       1
  158     379       1
  158     434       1
  158     450       1
  158     559       1
  159     290       1
  159     292       1
  159     314       1
  160     355       1
  160     539       1
  160     589       1
  161     634       1
  162     511       1
  162     569       1
  163     411       1
  163     624       1
  164     211       1
  164     296       1
  165     177       1
  165     253       1
  166     433       1
  166     644       1
  167     377       1
  167     422       1
  167     656       1
  167     688       1
  168     429       1
  169     366       1
  169     380       1
  169     535       1
  170     183       1
  170     331       1
  170     379       1
  170     556       1
  171     437       1
  171     692       1
  172     343       1
  173     535       1
  174     507       1
  175     222       1
  175     652       1
  175     700       1
  176     235       1
  176     477       1
  176     655       1
  177     321       1
  178     203       1
  178     592       1
  179     257       1
  181     201       1
  181     250       1
  181     305       1
  181     381       1
  181     398       1
  181     498       1
  182     383       1
  182     548       1
  183     348       1
  184     265       1
  184     563       1
  185     360       1
  185     488       1
  185     697       1
  186     374       1
  186     500       1
  187     277       1
  188     317       1
  188     656       1
  189     258       1
  190     401       1
  190     602       1
  191     566       1
  192     426       1
  193     405       1
  194     200       1
  194     208       1
  195     569       1
  197     204       1
  197     276       1
  197     353       1
  198     303       1
  198     522       1
  199     204       1
  200     559       1
  200     564       1
  201     341       1
  201     464       1
  201     484       1
  202     520       1
  203     223       1
  204     697       1
  205     384       1
  205     412       1
  205     631       1
  207     487       1
  208     493       1
  209     238       1
  210     262       1
  210     459       1
  210     532       1
  211     265       1
  212     313       1
  212     524       1
  212     590       1
  213     639       1
  214     252       1
  214     279       1
  214     393       1
  214     566       1
  214     570       1
  214     634       1
  214     695       1
  215     363       1
  215     551       1
  216     280       1
  216     627       1
  217     393       1
  217     496       1
  218     604       1
  219     293       1
  220     663       1
  221     340       1
  221     370       1
  221     410       1
  221     533       1
  223     407       1
  224     541       1
  224     577       1
  224     599       1
  225     456       1
  225     644       1
  226     423       1
  226     493       1
  227     279       1
  229     236       1
  230     362       1
  231     501       1
  233     399       1
  233     512       1
  234     345       1
  236     324       1
  236     435       1
  236     493       1
  236     510       1
  237     501       1
  238     477       1
  238     536       1
  239     359       1
  239     447       1
  239     551       1
  240     262       1
  240     482       1
  241     532       1
  241     677       1
  242     589       1
  243     631       1
  244     605       1
  244     647       1
  245     620       1
  246     421       1
  247     375       1
  248     353       1
  248     435       1
  248     477       1
  249     645       1
  250     304       1
  250     402       1
  250     526       1
  250     625       1
  251     325       1
  251     414       1
  252     666       1
  253     557       1
  253     583       1
  253     592       1
  253     614       1
  254     317       1
  255     492       1
  255     596       1
  256     398       1
  257     322       1
  257     344       1
  257     584       1
  260     275       1
  260     563       1
  261     614       1
  262     349       1
  262     578       1
  263     428       1
  263     458       1
  263     495       1
  263     548       1
  264     394       1
  266     625       1
  267     649       1
  268     430       1
  269     442       1
  269     563       1
  270     485       1
  271     573       1
  272     439       1
  273     548       1
  273     577       1
  274     565       1
  277     489       1
  277     586       1
  277     635       1
  278     546       1
  280     510       1
  280     613       1
  281     695       1
  282     351       1
  282     656       1
  283     547       1
  283     652       1
  284     351       1
  286     587       1
  287     327       1
  287     529       1
  288     370       1
  289     391       1
  290     319       1
  290     372       1
  290     399       1
  293     586       1
  294     608       1
  295     538       1
  296     404       1
  297     559       1
  299     448       1
  300     592       1
  300     679       1
  301     386       1
  301     503       1
  302     472       1
  303     393       1
  306     570       1
  307     487       1
  308     420       1
  309     610       1
  310     520       1
  311     540       1
  314     368       1
  314     373       1
  314     433       1
  315     662       1
  316     353       1
  316     473       1
  317     658       1
  318     495       1
  318     521       1
  319     355       1
  319     413       1
  319     632       1
  319     669       1
  320     495       1
  321     374       1
  322     484       1
  322     508       1
  322     698       1
  323     581       1
  325     522       1
  325     626       1
  326     449       1
  326     675       1
  327     463       1
  328     532       1
  328     645       1
  331     654       1
  332     381       1
  333     468       1
  333     598       1
  336     363       1
  337     476       1
  338     468       1
  338     671       1
  338     681       1
  340     431       1
  341     501       1
  342     396       1
  342     472       1
  343     456       1
  347     673       1
  349     556       1
  349     597       1
  352     490       1
  352     531       1
  352     610       1
  352     646       1
  354     451       1
  354     590       1
  355     552       1
  356     669       1
  358     529       1
  361     616       1
  363     689       1
  364     474       1
  366     370       1
  367     448       1
  369     560       1
  370     653       1
  371     425       1
  371     529       1
  372     487       1
  372     650       1
  374     532       1
  376     483       1
  377     565       1
  378     466       1
  379     437       1
  379     649       1
  384     483       1
  385     657       1
  387     447       1
  388     568       1
  389     417       1
  389     426       1
  389     645       1
  390     540       1
  391     619       1
  391     659       1
  392     427       1
  393     500       1
  393     632       1
  394     468       1
  395     503       1
  395     526       1
  397     645       1
  398     535       1
  398     699       1
  399     623       1
  400     576       1
  401     692       1
  402     419       1
  402     514       1
  404     545       1
  404     581       1
  409     493       1
  411     592       1
  411     680       1
  412     634       1
  414     526       1
  415     588       1
  416     600       1
  418     573       1
  420     548       1
  421     554       1
  421     575       1
  423     452       1
  424     526       1
  425     581       1
  427     447       1
  429     519       1
  429     669       1
  432     434       1
  432     664       1
  433     440       1
  433     462       1
  434     465       1
  434     609       1
  435     540       1
  438     501       1
  439     612       1
  439     698       1
  440     559       1
  440     631       1
  440     652       1
  440     667       1
  443     586       1
  444     503       1
  444     602       1
  445     673       1
  445     697       1
  446     459       1
  447     503       1
  447     645       1
  447     683       1
  449     509       1
  449     515       1
  451     484       1
  453     646       1
  454     506       1
  455     548       1
  457     675       1
  459     481       1
  463     566       1
  465     499       1
  465     543       1
  465     569       1
  465     676       1
  467     521       1
  468     592       1
  469     606       1
  470     627       1
  470     684       1
  471     579       1
  472     581       1
  474     517       1
  475     485       1
  479     510       1
  479     636       1
  480     631       1
  482     625       1
  484     626       1
  485     588       1
  486     634       1
  486     653       1
  487     694       1
  488     594       1
  492     607       1
  493     503       1
  497     648       1
  498     602       1
  500     581       1
  501     639       1
  503     512       1
  506     661       1
  507     613       1
  511     539       1
  511     566       1
  512     539       1
  512     663       1
  512     696       1
  513     668       1
  516     553       1
  517     594       1
  518     612       1
  520     626       1
  522     530       1
  522     570       1
  523     627       1
  523     696       1
  525     625       1
  525     641       1
  525     672       1
  528     583       1
  529     533       1
  531     616       1
  532     648       1
  533     631       1
  535     682       1
  536     540       1
  541     586       1
  542     697       1
  543     667       1
  544     591       1
  545     683       1
  546     664       1
  547     624       1
  547     631       1
  548     559       1
  548     668       1
  554     645       1
  558     570       1
  561     595       1
  562     695       1
  568     686       1
  571     588       1
  572     673       1
  573     691       1
  576     693       1
  577     686       1
  578     605       1
  579     688       1
  581     585       1
  582     683       1
  587     664       1
  588     605       1
  588     610       1
  588     671       1
  590     662       1
  591     695       1
  592     608       1
  592     618       1
  594     609       1
  594     673       1
  595     619       1
  600     649       1
  604     629       1
  605     614       1
  610     685       1
  612     647       1
  619     640       1
  620     649       1
  621     642       1
  622     643       1
  622     650       1
  628     644       1
  638     645       1
  644     657       1
  654     674       1
  661     695       1
  678     695       1
  683     688       1
  683     689       1
