  800     929
    1     643       1
    2      25       1
    2      93       1
    2     513       1
    2     731       1
    3     329       1
    3     357       1
    3     591       1
    4     623       1
    5     144       1
    5     391       1
    6     644       1
    7     244       1
    8     517       1
    8     685       1
    9     573       1
   10     164       1
   10     437       1
   10     483       1
   11     330       1
   12     570       1
   13     144       1
   13     220       1
   13     503       1
   14      17       1
   14     232       1
   14     597       1
   15     146       1
   15     384       1
   16     778       1
   18     340       1
   18     590       1
   19     225       1
   20     406       1
   20     683       1
   21     180       1
   21     510       1
   21     695       1
   22     636       1
   23     663       1
   23     710       1
   23     752       1
   24     582       1
   25     331       1
   26      81       1
   27      95       1
   27     290       1
   27     400       1
   28     288       1
   28     294       1
   29     282       1
   30     189       1
   31      58       1
   31     270       1
   31     679       1
   32     757       1
   33     551       1
   33     569       1
   34     244       1
   34     430       1
   35      47       1
   35     167       1
   35     224       1
   35     657       1
   35     713       1
   36     382       1
   37      80       1
   38     166       1
   38     224       1
   38     502       1
   38     513       1
   38     549       1
   38     580       1
   38     648       1
   39     766       1
   40     318       1
   40     396       1
   40     533       1
   40     628       1
   40     737       1
   41     281       1
   42     596       1
   42     647       1
   42     667       1
   43     548       1
   43     721       1
   44     722       1
   45     397       1
   45     548       1
   45     601       1
   45     785       1
   46      86       1
   46     120       1
   46     141       1
   46     224       1
   46     420       1
   46     470       1
   46     697       1
   46     789       1
   47     675       1
   48     195       1
   48     312       1
   48     579       1
   49     262       1
   49     276       1
   49     559       1
   50     358       1
   50     480       1
   50     631       1
   51     355       1
   51     652       1
   52     228       1
   52     313       1
   53     448       1
   54      81       1
   55     296       1
   56     334       1
   57     710       1
   58     312       1
   59     140       1
   59     195       1
   59     272       1
   59     394       1
   59     722       1
   60     631       1
   61     589       1
   62     256       1
   63      98       1
   63     721       1
   64     349       1
   64     578       1
   65     732       1
   66     357       1
   66     564       1
   67     477       1
   68     196       1
   68     214       1
   69     276       1
   69     554       1
   70     116       1
   71     556       1
   71     696       1
   72     152       1
   72     205       1
   72     237       1
   73     266       1
   73     376       1
   74     292       1
   74     672       1
   75     330       1
   76     181       1
   76     493       1
   77     247       1
   77     350       1
   77     510       1
   77     757       1
   78     396       1
   78     670       1
   79     120       1
   79     326       1
   79     487       1
   79     671       1
   80     104       1
   80     371       1
   80     582       1
   81     247       1
   81     783       1
   82     240       1
   82     617       1
   83     766       1
   84     517       1
   85     394       1
   86     258       1
   86     643       1
   87     282       1
   87     319       1
   87     356       1
   87     425       1
   87     462       1
   88     589       1
   88     731       1
   89     412       1
   90     346       1
   90     408       1
   91     320       1
   91     569       1
   92     289       1
   92     419       1
   94     342       1
   94     722       1
   95     492       1
   95     566       1
   96     629       1
   97     165       1
   97     250       1
   97     288       1
   98     299       1
   99     104       1
   99     154       1
  100     282       1
  101     606       1
  102     128       1
  102     427       1
  103     121       1
  103     239       1
  103     303       1
  103     566       1
  103     733       1
  104     141       1
  104     270       1
  104     294       1
  104     353       1
  105     119       1
  105     140       1
  105     757       1
  106     175       1
  106     325       1
  106     408       1
  107     423       1
  108     141       1
  108     333       1
  108     773       1
  109     165       1
  109     227       1
  109     728       1
  109     759       1
  110     209       1
  110     405       1
  110     682       1
  111     410       1
  111     479       1
  111     517       1
  111     708       1
  111     760       1
  112     310       1
  112     616       1
  112     687       1
  112     698       1
  113     753       1
  114     186       1
  115     313       1
  116     142       1
  117     283       1
  117     703       1
  118     387       1
  118     635       1
  120     161       1
  120     334       1
  120     488       1
  120     500       1
  121     300       1
  122     320       1
  122     356       1
  122     592       1
  122     688       1
  123     424       1
  123     700       1
  124     328       1
  124     469       1
  125     213       1
  126     581       1
  127     565       1
  129     200       1
  130     161       1
  130     358       1
  131     744       1
  132     168       1
  132     201       1
  133     140       1
  133     315       1
  133     567       1
  134     173       1
  134     482       1
  134     591       1
  134     613       1
  135     157       1
  135     735       1
  136     640       1
  137     639       1
  138     154       1
  139     166       1
  139     393       1
  139     744       1
  140     484       1
  140     738       1
  141     644       1
  141     681       1
  141     763       1
  142     255       1
  142     491       1
  143     278       1
  143     591       1
  144     166       1
  144     490       1
  145     538       1
  145     604       1
  146     306       1
  147     485       1
  147     532       1
  148     275       1
  148     462       1
  149     581       1
  150     541       1
  150     597       1
  151     444       1
  153     369       1
  153     381       1
  153     606       1
  154     473       1
  155     655       1
  156     749       1
  157     710       1
  157     799       1
  158     453       1
  158     713       1
  159     531       1
  159     598       1
  160     304       1
  161     203       1
  162     258       1
  162     796       1
  163     177       1
  163     202       1
  164     449       1
  166     427       1
  166     515       1
  166     560       1
  168     706       1
  169     171       1
  169     335       1
  170     677       1
  171     299       1
  171     331       1
  172     272       1
  172     445       1
  173     714       1
  174     413       1
  174     414       1
  174     448       1
  175     232       1
  175     770       1
  176     345       1
  177     532       1
  178     346       1
  178     623       1
  178     722       1
  178     781       1
  179     193       1
  179     275       1
  180     206       1
  181     323       1
  181     495       1
  182     525       1
  183     615       1
  184     330       1
  185     256       1
  185     658       1
  185     714       1
  186     316       1
  186     632       1
  186     673       1
  186     684       1
  187     374       1
  187     502       1
  187     634       1
  187     656       1
  187     676       1
  187     766       1
  187     799       1
  188     523       1
  188     700       1
  189     298       1
  189     625       1
  190     277       1
  190     377       1
  190     661       1
  191     201       1
  192     706       1
  193     392       1
  193     452       1
  194     388       1
  194     404       1
  194     754       1
  195     364       1
  195     508       1
  195     510       1
  195     549       1
  195     634       1
  197     742       1
  198     246       1
  198     256       1
  198     406       1
  199     434       1
  199     518       1
  200     487       1
  201     799       1
  202     253       1
  203     268       1
  203     298       1
  203     368       1
  204     210       1
  204     644       1
  205     476       1
  205     690       1
  205     739       1
  205     746       1
  206     236       1
  207     500       1
  208     582       1
  209     443       1
  209     736       1
  209     761       1
  211     479       1
  211     515       1
  211     709       1
  212     247       1
  212     779       1
  212     799       1
  213     216       1
  213     293       1
  214     338       1
  214     548       1
  214     689       1
  215     567       1
  215     572       1
  216     253       1
  216     406       1
  217     584       1
  217     659       1
  218     408       1
  218     750       1
  219     578       1
  221     780       1
  222     505       1
  223     746       1
  224     256       1
  224     405       1
  224     501       1
  224     742       1
  225     232       1
  226     443       1
  226     472       1
  226     540       1
  226     599       1
  226     724       1
  228     591       1
  229     548       1
  230     411       1
  230     528       1
  230     712       1
  230     798       1
  231     599       1
  232     303       1
  232     776       1
  233     442       1
  233     452       1
  233     467       1
  234     276       1
  235     373       1
  236     327       1
  238     669       1
  239     327       1
  239     455       1
  240     283       1
  240     292       1
  240     339       1
  241     452       1
  241     776       1
  242     623       1
  243     643       1
  244     262       1
  244     347       1
  244     447       1
  245     264       1
  247     609       1
  248     411       1
  248     762       1
  249     383       1
  251     303       1
  251     561       1
  251     782       1
  252     682       1
  253     273       1
  253     600       1
  254     504       1
  254     776       1
  256     263       1
  256     265       1
  256     359       1
  256     403       1
  256     422       1
  256     529       1
  256     623       1
  256     708       1
  257     459       1
  258     386       1
  258     512       1
  258     774       1
  259     438       1
  259     694       1
  259     742       1
  260     661       1
  261     421       1
  261     540       1
  261     552       1
  262     364       1
  263     788       1
  264     273       1
  264     366       1
  264     622       1
  265     311       1
  265     486       1
  265     610       1
  266     581       1
  267     395       1
  267     562       1
  268     294       1
  268     362       1
  268     417       1
  269     379       1
  269     406       1
  269     761       1
  270     598       1
  271     588       1
  271     649       1
  272     589       1
  272     777       1
  273     449       1
  273     459       1
  273     506       1
  273     624       1
  273     726       1
  274     369       1
  274     723       1
  275     674       1
  276     503       1
  276     556       1
  276     574       1
  276     748       1
  277     278       1
  277     386       1
  277     596       1
  278     391       1
  278     429       1
  279     500       1
  280     423       1
  281     708       1
  282     312       1
  282     463       1
  282     684       1
  284     287       1
  284     420       1
  285     574       1
  285     661       1
  285     709       1
  285     756       1
  286     548       1
  287     607       1
  288     502       1
  288     519       1
  289     613       1
  290     460       1
  290     541       1
  291     514       1
  291     717       1
  291     750       1
  292     513       1
  292     794       1
  293     368       1
  294     475       1
  294     640       1
  294     734       1
  295     519       1
  295     711       1
  296     486       1
  297     575       1
  298     327       1
  298     558       1
  301     559       1
  301     715       1
  302     640       1
  303     331       1
  303     475       1
  303     629       1
  303     789       1
  304     606       1
  305     501       1
  305     545       1
  305     614       1
  306     308       1
  306     323       1
  306     370       1
  306     648       1
  307     508       1
  308     541       1
  309     556       1
  313     500       1
  314     338       1
  314     623       1
  316     666       1
  316     691       1
  317     519       1
  321     673       1
  321     691       1
  322     575       1
  322     723       1
  323     591       1
  324     720       1
  326     384       1
  326     387       1
  327     444       1
  327     795       1
  328     557       1
  329     403       1
  330     412       1
  330     423       1
  330     431       1
  330     573       1
  331     525       1
  331     691       1
  332     478       1
  332     486       1
  333     752       1
  334     497       1
  334     667       1
  335     522       1
  335     692       1
  336     400       1
  336     652       1
  337     771       1
  338     568       1
  338     621       1
  341     347       1
  341     719       1
  342     466       1
  342     586       1
  343     378       1
  344     593       1
  344     625       1
  345     541       1
  345     640       1
  348     729       1
  350     464       1
  350     722       1
  351     722       1
  352     597       1
  352     699       1
  353     477       1
  353     598       1
  354     665       1
  355     390       1
  355     543       1
  355     707       1
  356     433       1
  356     633       1
  356     650       1
  356     789       1
  357     507       1
  360     773       1
  361     610       1
  362     462       1
  363     767       1
  364     642       1
  365     421       1
  365     669       1
  367     667       1
  368     620       1
  369     737       1
  371     410       1
  371     665       1
  371     718       1
  372     581       1
  373     438       1
  375     456       1
  377     441       1
  377     557       1
  377     710       1
  378     479       1
  378     702       1
  380     587       1
  382     460       1
  383     424       1
  385     539       1
  387     451       1
  387     680       1
  389     515       1
  390     456       1
  390     576       1
  390     581       1
  390     761       1
  394     411       1
  394     512       1
  396     509       1
  398     681       1
  399     480       1
  399     514       1
  399     732       1
  401     578       1
  401     636       1
  402     421       1
  403     724       1
  403     772       1
  404     510       1
  405     612       1
  406     601       1
  407     670       1
  409     585       1
  410     524       1
  410     642       1
  410     668       1
  413     463       1
  413     738       1
  415     522       1
  416     492       1
  416     581       1
  416     765       1
  417     740       1
  418     681       1
  419     491       1
  419     533       1
  420     421       1
  420     574       1
  420     755       1
  420     761       1
  421     522       1
  421     582       1
  421     593       1
  421     664       1
  421     746       1
  422     542       1
  422     717       1
  423     790       1
  424     734       1
  426     583       1
  426     623       1
  428     497       1
  428     729       1
  430     438       1
  431     563       1
  431     656       1
  431     720       1
  431     723       1
  431     751       1
  432     715       1
  433     583       1
  434     700       1
  435     566       1
  435     613       1
  436     737       1
  438     536       1
  438     770       1
  439     668       1
  440     659       1
  444     512       1
  445     704       1
  445     744       1
  446     456       1
  448     598       1
  449     553       1
  449     702       1
  450     578       1
  451     488       1
  452     651       1
  454     706       1
  457     460       1
  458     631       1
  458     744       1
  460     709       1
  460     746       1
  461     593       1
  461     605       1
  463     516       1
  463     639       1
  465     468       1
  465     471       1
  465     531       1
  474     794       1
  476     577       1
  476     753       1
  480     638       1
  481     760       1
  482     743       1
  483     635       1
  485     699       1
  487     494       1
  487     538       1
  489     518       1
  489     747       1
  491     532       1
  491     537       1
  494     575       1
  494     585       1
  496     738       1
  496     743       1
  497     790       1
  498     733       1
  499     510       1
  501     588       1
  502     655       1
  502     738       1
  505     771       1
  506     646       1
  506     757       1
  510     539       1
  510     700       1
  510     707       1
  511     626       1
  511     734       1
  513     522       1
  513     687       1
  513     692       1
  514     714       1
  515     706       1
  516     532       1
  516     729       1
  518     764       1
  520     750       1
  521     709       1
  522     590       1
  523     540       1
  524     703       1
  525     702       1
  525     706       1
  526     558       1
  526     691       1
  527     717       1
  528     550       1
  529     653       1
  530     697       1
  531     758       1
  532     656       1
  533     686       1
  534     766       1
  535     751       1
  537     792       1
  540     693       1
  542     550       1
  542     741       1
  543     615       1
  543     638       1
  544     643       1
  544     775       1
  546     564       1
  546     716       1
  547     696       1
  549     701       1
  549     702       1
  549     719       1
  552     793       1
  554     641       1
  554     768       1
  555     678       1
  557     569       1
  557     659       1
  557     702       1
  560     752       1
  560     781       1
  562     761       1
  564     578       1
  564     656       1
  564     770       1
  565     631       1
  565     645       1
  566     618       1
  566     631       1
  566     677       1
  567     691       1
  568     577       1
  570     698       1
  571     774       1
  574     768       1
  576     678       1
  579     769       1
  581     594       1
  581     604       1
  583     686       1
  586     651       1
  587     708       1
  592     670       1
  593     736       1
  595     800       1
  597     603       1
  597     662       1
  598     653       1
  599     685       1
  602     733       1
  603     698       1
  606     709       1
  608     630       1
  608     714       1
  611     780       1
  618     637       1
  618     767       1
  619     704       1
  620     734       1
  623     778       1
  627     751       1
  629     747       1
  629     759       1
  642     748       1
  643     702       1
  644     680       1
  646     735       1
  647     727       1
  648     771       1
  654     758       1
  656     727       1
  660     700       1
  662     709       1
  669     722       1
  677     791       1
  681     725       1
  688     790       1
  690     723       1
  700     757       1
  703     772       1
  704     774       1
  705     722       1
  709     749       1
  710     800       1
  713     730       1
  714     745       1
  715     739       1
  715     784       1
  722     762       1
  722     787       1
  743     780       1
  763     786       1
  789     797       1
