  800     929
    1      48       1
    1     169       1
    1     173       1
    1     201       1
    1     464       1
    2     199       1
    2     597       1
    3     581       1
    4     188       1
    4     323       1
    4     542       1
    4     709       1
    4     754       1
    5     465       1
    6     129       1
    6     170       1
    6     291       1
    6     645       1
    6     729       1
    7      81       1
    7     719       1
    7     748       1
    8     104       1
    9     437       1
    9     522       1
   10     222       1
   10     314       1
   10     349       1
   11     506       1
   11     671       1
   12     127       1
   12     356       1
   12     511       1
   13     329       1
   13     800       1
   14      48       1
   14      58       1
   14     245       1
   14     493       1
   14     567       1
   14     725       1
   14     754       1
   15     474       1
   15     595       1
   16      87       1
   17     754       1
   18     233       1
   18     671       1
   19     280       1
   19     351       1
   19     559       1
   19     770       1
   20     445       1
   20     502       1
   21     386       1
   21     446       1
   22      89       1
   22     518       1
   22     524       1
   23     273       1
   23     785       1
   24     684       1
   25      41       1
   25      65       1
   25     168       1
   25     175       1
   25     227       1
   25     368       1
   25     417       1
   26     209       1
   26     591       1
   27      35       1
   28     686       1
   29     451       1
   29     728       1
   29     765       1
   29     771       1
   29     776       1
   30     235       1
   30     419       1
   30     452       1
   30     462       1
   30     522       1
   30     563       1
   30     574       1
   30     641       1
   30     677       1
   30     743       1
   30     765       1
   31     674       1
   31     700       1
   32     301       1
   33     274       1
   33     743       1
   34     605       1
   35     178       1
   35     341       1
   35     708       1
   35     785       1
   36     238       1
   36     320       1
   37     144       1
   37     322       1
   37     685       1
   38     111       1
   38     361       1
   39     169       1
   39     674       1
   40      85       1
   40     167       1
   40     231       1
   40     393       1
   40     411       1
   40     651       1
   40     746       1
   41     288       1
   42     395       1
   43     233       1
   43     307       1
   44     306       1
   45     644       1
   46      72       1
   47     382       1
   48      49       1
   48     189       1
   48     465       1
   48     721       1
   48     751       1
   49     334       1
   49     361       1
   49     371       1
   49     479       1
   49     546       1
   50      54       1
   51     517       1
   51     792       1
   52     779       1
   53     443       1
   53     609       1
   54     389       1
   54     561       1
   55     395       1
   56     147       1
   56     578       1
   56     706       1
   57     145       1
   58     351       1
   58     550       1
   59     240       1
   59     739       1
   60     236       1
   60     311       1
   61     447       1
   61     532       1
   61     757       1
   62     247       1
   62     299       1
   62     525       1
   62     764       1
   63     109       1
   63     213       1
   63     611       1
   64     525       1
   64     531       1
   65     353       1
   65     705       1
   66     124       1
   66     617       1
   67     266       1
   67     699       1
   68     287       1
   69     397       1
   69     419       1
   70     103       1
   70     604       1
   71      78       1
   71      85       1
   71     204       1
   71     207       1
   71     385       1
   71     567       1
   72     146       1
   72     692       1
   73     138       1
   73     749       1
   74     264       1
   74     303       1
   74     507       1
   74     620       1
   74     738       1
   75     233       1
   75     415       1
   76      81       1
   76     238       1
   77     107       1
   78     255       1
   79     568       1
   79     768       1
   80     249       1
   80     637       1
   81     133       1
   81     212       1
   81     615       1
   81     715       1
   81     737       1
   82     129       1
   83     173       1
   83     381       1
   84     601       1
   84     673       1
   84     686       1
   84     758       1
   85     108       1
   85     123       1
   85     183       1
   85     270       1
   85     418       1
   86     200       1
   86     321       1
   86     332       1
   86     527       1
   87     190       1
   87     226       1
   87     586       1
   88     501       1
   90     658       1
   91     208       1
   92     611       1
   92     749       1
   93     256       1
   93     356       1
   93     466       1
   93     530       1
   93     660       1
   94     334       1
   94     782       1
   95     222       1
   95     772       1
   96     222       1
   97     151       1
   98     154       1
   98     229       1
   98     492       1
   99     288       1
  100     117       1
  100     221       1
  100     226       1
  100     481       1
  100     673       1
  100     690       1
  101     124       1
  101     125       1
  101     523       1
  102     125       1
  102     143       1
  102     164       1
  103     136       1
  103     286       1
  103     365       1
  103     646       1
  104     168       1
  104     606       1
  105     202       1
  105     502       1
  106     681       1
  107     745       1
  108     484       1
  108     724       1
  109     249       1
  109     382       1
  110     616       1
  112     352       1
  113     521       1
  114     204       1
  114     680       1
  114     765       1
  114     770       1
  115     181       1
  115     205       1
  115     487       1
  115     757       1
  115     777       1
  116     262       1
  116     369       1
  116     464       1
  116     503       1
  116     569       1
  116     630       1
  116     722       1
  117     230       1
  118     546       1
  119     380       1
  119     541       1
  119     680       1
  119     689       1
  120     253       1
  121     140       1
  122     197       1
  122     640       1
  122     720       1
  123     213       1
  123     298       1
  125     233       1
  125     294       1
  125     438       1
  125     593       1
  126     142       1
  126     225       1
  126     407       1
  126     465       1
  126     501       1
  126     566       1
  126     647       1
  127     455       1
  128     291       1
  128     465       1
  128     629       1
  128     659       1
  128     800       1
  129     233       1
  129     352       1
  129     453       1
  129     525       1
  129     745       1
  130     352       1
  131     133       1
  131     199       1
  132     231       1
  132     269       1
  132     709       1
  132     798       1
  134     370       1
  135     642       1
  135     643       1
  136     154       1
  136     210       1
  137     420       1
  137     797       1
  138     597       1
  138     680       1
  138     721       1
  139     375       1
  139     486       1
  140     668       1
  141     462       1
  142     253       1
  142     561       1
  143     550       1
  144     172       1
  144     178       1
  144     475       1
  144     717       1
  145     330       1
  145     696       1
  146     624       1
  147     361       1
  148     290       1
  148     779       1
  148     797       1
  149     249       1
  150     474       1
  150     486       1
  150     523       1
  150     667       1
  151     253       1
  151     644       1
  152     721       1
  153     392       1
  153     418       1
  154     377       1
  155     663       1
  155     763       1
  156     165       1
  156     166       1
  156     445       1
  157     248       1
  158     376       1
  158     503       1
  158     533       1
  158     636       1
  158     756       1
  159     176       1
  159     199       1
  159     715       1
  160     459       1
  161     345       1
  162     242       1
  162     788       1
  163     254       1
  166     621       1
  167     391       1
  168     377       1
  168     766       1
  169     268       1
  169     624       1
  169     633       1
  169     766       1
  169     768       1
  170     612       1
  170     652       1
  171     269       1
  172     407       1
  174     607       1
  174     689       1
  176     320       1
  177     275       1
  177     376       1
  178     366       1
  179     309       1
  179     574       1
  180     541       1
  182     263       1
  184     469       1
  184     479       1
  184     604       1
  185     596       1
  186     674       1
  186     679       1
  187     203       1
  189     591       1
  191     423       1
  192     231       1
  193     473       1
  194     385       1
  194     423       1
  195     264       1
  195     371       1
  196     669       1
  197     289       1
  197     638       1
  198     422       1
  198     670       1
  198     735       1
  199     656       1
  203     386       1
  203     635       1
  203     750       1
  203     758       1
  204     208       1
  206     775       1
  207     692       1
  210     367       1
  211     446       1
  211     462       1
  211     732       1
  211     791       1
  213     222       1
  213     406       1
  213     435       1
  213     572       1
  213     595       1
  213     694       1
  214     236       1
  214     420       1
  215     376       1
  216     364       1
  217     403       1
  217     595       1
  218     301       1
  218     607       1
  218     678       1
  219     462       1
  219     754       1
  220     441       1
  220     698       1
  221     602       1
  221     616       1
  222     567       1
  222     733       1
  223     605       1
  224     737       1
  225     284       1
  225     577       1
  225     578       1
  226     644       1
  227     390       1
  228     357       1
  228     389       1
  228     634       1
  228     740       1
  230     408       1
  230     560       1
  231     242       1
  232     277       1
  232     313       1
  232     347       1
  232     543       1
  232     613       1
  233     295       1
  233     551       1
  234     577       1
  235     639       1
  235     742       1
  237     316       1
  237     412       1
  237     592       1
  237     615       1
  238     265       1
  238     389       1
  238     445       1
  238     473       1
  238     752       1
  238     784       1
  239     634       1
  240     275       1
  241     276       1
  241     704       1
  242     676       1
  243     339       1
  244     341       1
  245     329       1
  246     482       1
  248     283       1
  248     761       1
  249     258       1
  249     352       1
  249     655       1
  250     616       1
  251     550       1
  251     571       1
  252     514       1
  253     523       1
  254     384       1
  254     690       1
  255     333       1
  255     590       1
  255     797       1
  256     478       1
  256     596       1
  257     268       1
  257     661       1
  258     688       1
  259     463       1
  259     753       1
  260     263       1
  260     728       1
  261     486       1
  261     528       1
  261     564       1
  262     439       1
  262     794       1
  263     300       1
  263     420       1
  266     755       1
  266     767       1
  267     275       1
  270     559       1
  271     306       1
  271     337       1
  271     544       1
  272     716       1
  275     326       1
  276     389       1
  277     633       1
  278     473       1
  279     572       1
  281     562       1
  281     635       1
  282     519       1
  282     638       1
  283     500       1
  285     525       1
  285     697       1
  286     342       1
  286     428       1
  286     604       1
  286     701       1
  287     463       1
  287     785       1
  289     777       1
  291     625       1
  292     328       1
  293     554       1
  293     658       1
  293     716       1
  293     754       1
  294     638       1
  294     741       1
  296     362       1
  296     396       1
  296     528       1
  297     481       1
  302     488       1
  302     525       1
  302     539       1
  303     609       1
  304     576       1
  304     735       1
  305     352       1
  305     718       1
  306     570       1
  308     559       1
  310     469       1
  310     526       1
  311     468       1
  311     608       1
  311     793       1
  312     315       1
  313     338       1
  313     403       1
  313     594       1
  313     599       1
  314     651       1
  315     503       1
  317     505       1
  317     768       1
  318     533       1
  318     555       1
  319     427       1
  319     505       1
  321     684       1
  322     536       1
  324     425       1
  325     555       1
  325     662       1
  326     632       1
  326     702       1
  327     477       1
  327     507       1
  327     527       1
  327     713       1
  328     397       1
  330     335       1
  330     502       1
  331     368       1
  331     585       1
  332     741       1
  332     745       1
  333     457       1
  334     429       1
  335     563       1
  336     424       1
  337     698       1
  339     500       1
  340     631       1
  340     789       1
  341     619       1
  341     753       1
  341     781       1
  343     684       1
  344     447       1
  345     661       1
  346     392       1
  348     357       1
  348     442       1
  349     396       1
  349     693       1
  350     470       1
  351     622       1
  351     643       1
  352     472       1
  352     700       1
  352     799       1
  353     471       1
  353     483       1
  353     544       1
  354     550       1
  354     566       1
  355     434       1
  356     599       1
  356     666       1
  358     461       1
  359     611       1
  359     683       1
  360     741       1
  361     434       1
  362     595       1
  363     565       1
  364     751       1
  365     515       1
  366     695       1
  368     556       1
  368     725       1
  369     376       1
  370     492       1
  370     516       1
  370     682       1
  372     427       1
  373     419       1
  374     518       1
  375     575       1
  375     653       1
  376     452       1
  376     527       1
  376     712       1
  377     504       1
  378     529       1
  378     544       1
  378     675       1
  379     759       1
  380     607       1
  381     456       1
  381     757       1
  382     460       1
  382     650       1
  383     528       1
  383     547       1
  384     703       1
  386     465       1
  387     628       1
  387     684       1
  388     599       1
  389     544       1
  390     535       1
  391     612       1
  392     537       1
  392     573       1
  392     641       1
  394     753       1
  395     680       1
  396     427       1
  396     750       1
  396     789       1
  398     599       1
  399     677       1
  399     695       1
  400     546       1
  400     562       1
  401     464       1
  402     729       1
  404     685       1
  405     752       1
  406     476       1
  406     657       1
  408     739       1
  409     653       1
  410     677       1
  412     778       1
  413     431       1
  413     582       1
  414     625       1
  415     467       1
  415     560       1
  416     540       1
  416     677       1
  417     432       1
  418     527       1
  418     657       1
  419     563       1
  420     770       1
  421     438       1
  422     443       1
  424     443       1
  424     553       1
  425     574       1
  426     562       1
  426     736       1
  428     500       1
  428     739       1
  430     757       1
  431     465       1
  432     785       1
  433     540       1
  433     616       1
  434     587       1
  436     519       1
  436     696       1
  436     711       1
  439     620       1
  439     664       1
  440     550       1
  441     709       1
  443     759       1
  444     568       1
  444     775       1
  445     465       1
  445     505       1
  445     562       1
  445     674       1
  445     735       1
  448     738       1
  449     512       1
  449     572       1
  450     465       1
  450     779       1
  451     679       1
  452     790       1
  452     792       1
  453     484       1
  453     604       1
  453     606       1
  453     623       1
  453     774       1
  454     721       1
  456     787       1
  458     557       1
  458     606       1
  458     654       1
  459     699       1
  461     562       1
  464     656       1
  464     668       1
  464     785       1
  465     599       1
  466     524       1
  469     520       1
  470     578       1
  473     773       1
  476     628       1
  476     792       1
  477     497       1
  480     569       1
  482     489       1
  482     751       1
  484     597       1
  485     611       1
  486     673       1
  487     759       1
  488     706       1
  488     710       1
  490     754       1
  491     505       1
  491     555       1
  492     673       1
  492     744       1
  493     723       1
  494     507       1
  495     640       1
  496     525       1
  497     549       1
  497     793       1
  498     508       1
  498     574       1
  499     726       1
  500     630       1
  501     661       1
  502     599       1
  502     727       1
  502     730       1
  506     595       1
  506     653       1
  507     704       1
  509     665       1
  510     521       1
  513     533       1
  514     774       1
  515     714       1
  516     591       1
  518     790       1
  521     606       1
  522     707       1
  523     614       1
  524     621       1
  525     670       1
  525     751       1
  526     759       1
  527     627       1
  531     579       1
  534     550       1
  536     581       1
  537     687       1
  537     786       1
  538     732       1
  539     734       1
  541     722       1
  542     669       1
  544     611       1
  544     679       1
  545     611       1
  547     598       1
  547     697       1
  548     754       1
  549     649       1
  549     669       1
  550     726       1
  550     757       1
  552     611       1
  553     665       1
  554     733       1
  555     640       1
  556     780       1
  558     647       1
  564     677       1
  565     743       1
  566     755       1
  566     795       1
  568     589       1
  569     731       1
  571     672       1
  571     719       1
  579     616       1
  579     625       1
  580     604       1
  582     751       1
  583     719       1
  584     630       1
  588     728       1
  590     697       1
  591     667       1
  591     714       1
  598     747       1
  600     718       1
  600     751       1
  603     623       1
  603     682       1
  605     637       1
  605     779       1
  610     709       1
  613     711       1
  614     663       1
  618     639       1
  626     700       1
  630     638       1
  630     648       1
  630     742       1
  644     665       1
  644     792       1
  655     676       1
  663     771       1
  668     723       1
  677     690       1
  677     754       1
  677     760       1
  681     747       1
  681     762       1
  691     704       1
  696     749       1
  699     770       1
  702     769       1
  714     726       1
  715     775       1
  732     765       1
  741     786       1
  753     755       1
  753     762       1
  754     789       1
  771     796       1
  773     783       1
  774     788       1
