   50      85
    1       7       1
    1      19       1
    1      35       1
    1      37       1
    2       7       1
    2      10       1
    2      12       1
    2      15       1
    2      46       1
    3       8       1
    3       9       1
    3      44       1
    4       9       1
    4      40       1
    5      23       1
    5      25       1
    5      49       1
    6       8       1
    6      24       1
    6      39       1
    7      20       1
    7      31       1
    7      37       1
    8       9       1
    8      17       1
    8      32       1
    8      36       1
    8      50       1
   10      39       1
   10      42       1
   10      47       1
   10      49       1
   11      32       1
   11      33       1
   11      45       1
   12      40       1
   13      17       1
   13      41       1
   13      42       1
   14      16       1
   14      22       1
   14      31       1
   14      38       1
   15      50       1
   16      17       1
   16      35       1
   16      36       1
   17      28       1
   17      38       1
   17      40       1
   17      48       1
   18      20       1
   18      29       1
   19      29       1
   19      38       1
   20      21       1
   20      27       1
   21      39       1
   22      24       1
   22      30       1
   22      46       1
   23      38       1
   24      34       1
   25      44       1
   26      32       1
   27      30       1
   27      46       1
   29      34       1
   29      43       1
   30      36       1
   30      50       1
   31      44       1
   32      40       1
   33      38       1
   33      39       1
   33      42       1
   33      43       1
   36      48       1
   37      39       1
   37      49       1
   38      50       1
   39      43       1
   40      41       1
   43      44       1
   43      47       1
