  100     144
    1       3       1
    1      10       1
    2      30       1
    2      44       1
    3      40       1
    3      44       1
    4      15       1
    4      47       1
    4      57       1
    5       9       1
    5      25       1
    6      27       1
    6      64       1
    7      27       1
    7      67       1
    7      86       1
    8      18       1
    8      52       1
    8      60       1
    9      57       1
    9      63       1
    9      80       1
    9      86       1
   10      64       1
   11      26       1
   11      60       1
   11      67       1
   11      74       1
   12      22       1
   13      15       1
   13      21       1
   13      24       1
   14      31       1
   14      61       1
   14      75       1
   14      88       1
   14      91       1
   16      24       1
   16      34       1
   16      52       1
   16      84       1
   17      24       1
   17      59       1
   17      96       1
   18      25       1
   18      32       1
   18      47       1
   19      98       1
   20      62       1
   20      76       1
   21      32       1
   21      82       1
   22      52       1
   22      97       1
   23      45       1
   23      50       1
   23      51       1
   23      74       1
   23      89       1
   24      69       1
   24      71       1
   24      86       1
   25      79       1
   25      87       1
   26      88       1
   27      59       1
   27      71       1
   28      29       1
   28      47       1
   29      30       1
   29      51       1
   29      56       1
   29      98       1
   31      67       1
   32      36       1
   32      38       1
   32      51       1
   33      36       1
   33      50       1
   33      90       1
   34      52       1
   35      68       1
   37      89       1
   38      39       1
   39      66       1
   39      85       1
   39      88       1
   40      84       1
   41      70       1
   41      83       1
   42      54       1
   42      66       1
   43      63       1
   44      55       1
   44      62       1
   44     100       1
   45      61       1
   45      78       1
   46      76       1
   47      62       1
   47      72       1
   47      77       1
   47      92       1
   48      78       1
   49      75       1
   50      65       1
   50      74       1
   50      82       1
   51      69       1
   52      53       1
   52      89       1
   52      97       1
   53      85       1
   54      95       1
   56      76       1
   56      77       1
   57      58       1
   58      60       1
   59      62       1
   60      68       1
   60      93       1
   61      73       1
   61      77       1
   62      87       1
   62      93       1
   62      98       1
   63      70       1
   63      81       1
   63      90       1
   64      95       1
   65      80       1
   66      78       1
   69      89       1
   72      79       1
   75      79       1
   78      86       1
   81      90       1
   82      97       1
   83      86       1
   86      93       1
   86      94       1
   86      97       1
   94      95       1
   97      99       1
