  400     489
    1     227       1
    1     250       1
    2      41       1
    2      89       1
    2      96       1
    2     231       1
    3     165       1
    3     228       1
    4      14       1
    4      57       1
    4     232       1
    4     270       1
    4     356       1
    5     111       1
    5     193       1
    6     102       1
    6     204       1
    7      13       1
    7     194       1
    8     229       1
    8     299       1
    9      58       1
    9     295       1
   10     110       1
   10     297       1
   10     308       1
   11      96       1
   11     312       1
   11     355       1
   12      66       1
   12      74       1
   13     358       1
   14      65       1
   15     178       1
   15     347       1
   16      36       1
   16     227       1
   17      88       1
   17     116       1
   17     144       1
   17     178       1
   17     355       1
   17     356       1
   18      30       1
   18     276       1
   19      26       1
   19     162       1
   19     257       1
   19     298       1
   19     310       1
   19     357       1
   20     270       1
   20     288       1
   21     317       1
   22      89       1
   23      56       1
   24      61       1
   25     146       1
   25     249       1
   26      58       1
   26     307       1
   27     379       1
   28     319       1
   28     353       1
   28     361       1
   28     389       1
   29     102       1
   29     246       1
   30     351       1
   31     209       1
   31     231       1
   32     155       1
   32     323       1
   32     385       1
   33      55       1
   33     169       1
   34     128       1
   34     301       1
   34     366       1
   35     235       1
   35     373       1
   36      65       1
   36     128       1
   36     144       1
   36     158       1
   36     193       1
   36     266       1
   36     378       1
   37     169       1
   38     276       1
   39     133       1
   39     345       1
   40     125       1
   40     222       1
   40     264       1
   40     319       1
   40     374       1
   42      60       1
   42      71       1
   42      97       1
   42     134       1
   42     337       1
   43     194       1
   43     328       1
   44      72       1
   44     100       1
   44     166       1
   44     260       1
   44     297       1
   45     159       1
   45     216       1
   46     123       1
   46     376       1
   47     170       1
   48     108       1
   48     270       1
   49     312       1
   49     338       1
   50      93       1
   50     379       1
   51     205       1
   52     344       1
   52     368       1
   53     106       1
   53     165       1
   53     331       1
   54     309       1
   55     378       1
   56     257       1
   56     293       1
   56     365       1
   57     123       1
   58      89       1
   58     136       1
   58     138       1
   58     371       1
   59     136       1
   59     205       1
   59     273       1
   59     300       1
   60     198       1
   61     384       1
   62     287       1
   63     169       1
   63     332       1
   64      69       1
   64     334       1
   67     266       1
   68      91       1
   68     104       1
   68     397       1
   68     398       1
   69      96       1
   69     225       1
   69     305       1
   70     120       1
   70     392       1
   71     242       1
   73     275       1
   73     277       1
   74     102       1
   74     169       1
   75      84       1
   75      97       1
   75     196       1
   76     333       1
   77     203       1
   77     314       1
   77     397       1
   78     365       1
   79     347       1
   80     293       1
   81     149       1
   81     238       1
   81     299       1
   81     391       1
   82     352       1
   83     267       1
   84      99       1
   85     261       1
   85     289       1
   85     304       1
   85     362       1
   86     180       1
   86     331       1
   87     395       1
   89     143       1
   90     238       1
   91     348       1
   92     104       1
   92     311       1
   93     267       1
   93     384       1
   94     131       1
   94     190       1
   94     319       1
   94     377       1
   95     247       1
   95     268       1
   96     364       1
   97     147       1
   97     191       1
   97     306       1
   98     197       1
   98     369       1
   99     309       1
  100     184       1
  100     226       1
  100     290       1
  100     302       1
  101     150       1
  101     253       1
  102     241       1
  102     331       1
  103     169       1
  103     204       1
  103     213       1
  104     122       1
  104     171       1
  104     176       1
  104     241       1
  104     259       1
  104     271       1
  105     205       1
  105     222       1
  105     392       1
  106     134       1
  106     363       1
  107     185       1
  108     315       1
  109     386       1
  110     226       1
  111     197       1
  111     238       1
  112     254       1
  112     313       1
  112     330       1
  113     302       1
  114     160       1
  115     229       1
  115     245       1
  116     137       1
  116     238       1
  117     219       1
  117     330       1
  118     397       1
  119     376       1
  120     132       1
  120     186       1
  120     307       1
  120     330       1
  121     175       1
  121     257       1
  122     386       1
  124     183       1
  124     233       1
  124     244       1
  124     275       1
  126     173       1
  126     200       1
  126     216       1
  126     231       1
  126     384       1
  127     230       1
  128     246       1
  128     344       1
  129     216       1
  129     285       1
  129     306       1
  130     282       1
  133     239       1
  133     271       1
  133     340       1
  134     194       1
  134     231       1
  134     263       1
  135     238       1
  135     375       1
  136     184       1
  136     207       1
  136     210       1
  136     322       1
  137     217       1
  138     154       1
  139     227       1
  139     230       1
  139     242       1
  140     331       1
  140     369       1
  140     387       1
  141     171       1
  142     239       1
  142     392       1
  143     162       1
  143     327       1
  144     331       1
  145     270       1
  145     356       1
  147     151       1
  147     361       1
  148     198       1
  150     312       1
  150     349       1
  152     328       1
  153     247       1
  153     334       1
  154     208       1
  154     393       1
  156     378       1
  157     164       1
  158     165       1
  159     168       1
  160     228       1
  160     307       1
  160     359       1
  161     253       1
  161     275       1
  161     335       1
  163     237       1
  164     194       1
  164     255       1
  166     237       1
  166     256       1
  167     299       1
  169     202       1
  170     222       1
  170     274       1
  170     307       1
  170     346       1
  171     209       1
  172     255       1
  172     289       1
  172     394       1
  174     283       1
  175     218       1
  177     231       1
  177     267       1
  179     210       1
  179     375       1
  179     393       1
  180     189       1
  180     387       1
  181     259       1
  181     341       1
  182     314       1
  183     231       1
  183     276       1
  183     330       1
  184     270       1
  184     272       1
  184     330       1
  184     331       1
  185     390       1
  187     271       1
  187     325       1
  188     258       1
  189     246       1
  189     388       1
  190     276       1
  190     394       1
  192     224       1
  192     239       1
  193     317       1
  193     393       1
  193     400       1
  194     195       1
  194     229       1
  196     219       1
  198     212       1
  198     269       1
  198     347       1
  199     355       1
  201     331       1
  206     218       1
  206     367       1
  208     219       1
  209     239       1
  210     235       1
  211     274       1
  211     366       1
  212     227       1
  212     284       1
  214     374       1
  215     247       1
  215     353       1
  218     266       1
  218     376       1
  219     351       1
  220     311       1
  221     358       1
  222     389       1
  223     292       1
  224     357       1
  225     302       1
  226     368       1
  229     331       1
  230     281       1
  230     379       1
  231     392       1
  233     364       1
  234     360       1
  235     248       1
  235     303       1
  236     244       1
  236     360       1
  238     291       1
  238     334       1
  238     387       1
  239     285       1
  240     271       1
  243     331       1
  243     364       1
  245     266       1
  246     329       1
  246     396       1
  247     272       1
  247     348       1
  248     271       1
  249     309       1
  249     357       1
  251     266       1
  252     271       1
  252     348       1
  253     286       1
  253     375       1
  254     263       1
  258     270       1
  258     304       1
  258     385       1
  261     315       1
  262     271       1
  263     375       1
  265     306       1
  266     293       1
  268     294       1
  270     280       1
  270     357       1
  271     293       1
  271     330       1
  271     345       1
  271     395       1
  272     281       1
  272     399       1
  273     294       1
  273     326       1
  275     312       1
  276     397       1
  278     394       1
  279     324       1
  280     381       1
  282     287       1
  283     302       1
  283     354       1
  287     370       1
  289     321       1
  290     337       1
  291     316       1
  291     352       1
  291     370       1
  292     357       1
  294     310       1
  294     315       1
  294     380       1
  296     311       1
  297     380       1
  300     390       1
  307     320       1
  314     325       1
  314     342       1
  314     354       1
  315     355       1
  316     389       1
  318     397       1
  320     398       1
  324     336       1
  324     397       1
  326     343       1
  328     348       1
  329     366       1
  330     363       1
  333     347       1
  334     358       1
  336     383       1
  339     375       1
  340     377       1
  350     390       1
  361     382       1
  366     377       1
  372     384       1
