  400     489
    1     196       1
    1     231       1
    1     365       1
    1     386       1
    2      11       1
    2     148       1
    3     233       1
    3     271       1
    4      32       1
    4     351       1
    5      38       1
    5     133       1
    5     335       1
    6      43       1
    6     244       1
    6     282       1
    6     304       1
    6     323       1
    6     331       1
    6     367       1
    7      91       1
    7     279       1
    8     220       1
    8     352       1
    9      88       1
    9     215       1
    9     370       1
   10     272       1
   11      31       1
   11     107       1
   11     138       1
   11     257       1
   11     349       1
   12     128       1
   13     324       1
   13     379       1
   14     123       1
   14     323       1
   15     323       1
   16     120       1
   17      27       1
   17     175       1
   17     189       1
   17     259       1
   17     368       1
   18     134       1
   19     348       1
   20      65       1
   21     101       1
   21     303       1
   22     279       1
   23     205       1
   23     225       1
   24      25       1
   24     132       1
   25      93       1
   25     104       1
   25     322       1
   25     348       1
   25     374       1
   26      72       1
   26      74       1
   26     139       1
   27     283       1
   28      70       1
   28      72       1
   28     189       1
   28     344       1
   29     310       1
   30     225       1
   30     327       1
   30     373       1
   32      67       1
   32      97       1
   32     250       1
   32     375       1
   33     176       1
   33     223       1
   33     366       1
   33     368       1
   34     211       1
   34     323       1
   34     350       1
   35     184       1
   35     237       1
   36      37       1
   36     191       1
   36     328       1
   39     247       1
   40      57       1
   40     147       1
   40     229       1
   40     238       1
   40     307       1
   40     323       1
   41      87       1
   41      89       1
   42      94       1
   42     219       1
   43     112       1
   43     147       1
   43     156       1
   43     175       1
   43     219       1
   43     299       1
   43     345       1
   44      74       1
   44     130       1
   44     171       1
   45      83       1
   45     273       1
   45     330       1
   45     395       1
   46     304       1
   46     358       1
   46     385       1
   47      77       1
   48     353       1
   48     399       1
   49     122       1
   49     384       1
   50     315       1
   51     126       1
   51     342       1
   52     357       1
   53     194       1
   53     202       1
   54     129       1
   54     242       1
   55     212       1
   56     349       1
   58     243       1
   58     400       1
   59     249       1
   59     332       1
   59     348       1
   59     374       1
   60      70       1
   60      79       1
   60     138       1
   61     360       1
   62      96       1
   62     282       1
   63      79       1
   63     246       1
   63     296       1
   63     321       1
   64     205       1
   65     136       1
   65     150       1
   65     188       1
   65     257       1
   66     283       1
   67     117       1
   67     245       1
   67     274       1
   68     174       1
   68     272       1
   68     284       1
   69     242       1
   70     376       1
   71     116       1
   71     289       1
   72     177       1
   72     232       1
   72     250       1
   72     333       1
   73     167       1
   73     301       1
   73     356       1
   73     396       1
   74     154       1
   75      77       1
   76     320       1
   77     143       1
   77     304       1
   78      91       1
   79     220       1
   79     270       1
   80     103       1
   80     231       1
   81     212       1
   81     398       1
   82     224       1
   82     294       1
   84     161       1
   84     172       1
   85     210       1
   85     264       1
   86     356       1
   87     101       1
   87     263       1
   88     169       1
   88     223       1
   90     150       1
   90     188       1
   91     112       1
   91     340       1
   92     244       1
   92     300       1
   92     317       1
   92     354       1
   93     168       1
   94     259       1
   94     364       1
   95     295       1
   95     330       1
   97     305       1
   98     167       1
   98     241       1
   99     318       1
  100     234       1
  100     359       1
  100     371       1
  101     111       1
  101     140       1
  102     368       1
  104     113       1
  104     197       1
  105     280       1
  105     346       1
  106     283       1
  108     153       1
  108     357       1
  109     327       1
  110     282       1
  110     390       1
  111     154       1
  111     161       1
  111     276       1
  114     194       1
  115     178       1
  115     259       1
  115     365       1
  117     241       1
  117     293       1
  117     377       1
  118     343       1
  119     386       1
  120     279       1
  120     304       1
  121     363       1
  122     128       1
  122     136       1
  122     160       1
  122     362       1
  123     164       1
  123     380       1
  124     222       1
  124     241       1
  124     289       1
  124     349       1
  125     303       1
  125     315       1
  126     287       1
  126     349       1
  126     355       1
  127     148       1
  129     209       1
  130     145       1
  130     211       1
  130     340       1
  130     365       1
  131     163       1
  131     387       1
  132     229       1
  133     242       1
  133     371       1
  134     215       1
  134     258       1
  135     272       1
  135     287       1
  136     174       1
  137     214       1
  138     214       1
  138     399       1
  139     182       1
  139     394       1
  141     189       1
  141     317       1
  142     162       1
  142     252       1
  142     304       1
  143     383       1
  144     216       1
  144     303       1
  144     369       1
  146     292       1
  146     314       1
  148     325       1
  149     269       1
  149     367       1
  149     369       1
  149     383       1
  151     346       1
  152     294       1
  153     240       1
  154     285       1
  155     159       1
  157     304       1
  157     314       1
  158     288       1
  159     217       1
  159     299       1
  161     261       1
  161     282       1
  163     239       1
  165     222       1
  165     314       1
  166     280       1
  170     293       1
  170     353       1
  171     236       1
  172     386       1
  173     189       1
  173     233       1
  175     203       1
  175     369       1
  177     254       1
  177     362       1
  179     182       1
  179     235       1
  179     399       1
  180     312       1
  180     318       1
  181     312       1
  182     194       1
  182     277       1
  183     369       1
  185     230       1
  185     263       1
  185     361       1
  186     217       1
  186     292       1
  187     189       1
  187     250       1
  189     386       1
  190     298       1
  191     277       1
  192     203       1
  192     282       1
  193     235       1
  193     382       1
  194     306       1
  195     373       1
  197     363       1
  198     255       1
  198     347       1
  198     397       1
  199     260       1
  200     380       1
  201     257       1
  201     311       1
  202     370       1
  204     310       1
  205     309       1
  205     374       1
  206     346       1
  207     367       1
  208     285       1
  209     399       1
  211     338       1
  212     326       1
  213     262       1
  213     282       1
  213     302       1
  213     376       1
  213     384       1
  214     378       1
  215     258       1
  215     294       1
  215     368       1
  217     223       1
  217     289       1
  218     221       1
  220     282       1
  221     236       1
  223     334       1
  223     356       1
  224     390       1
  224     399       1
  225     240       1
  225     273       1
  225     274       1
  225     315       1
  225     324       1
  226     259       1
  226     291       1
  227     340       1
  227     353       1
  228     300       1
  233     295       1
  234     259       1
  235     381       1
  236     349       1
  237     320       1
  237     322       1
  239     372       1
  239     397       1
  240     389       1
  241     313       1
  242     281       1
  242     315       1
  243     322       1
  243     397       1
  244     327       1
  245     258       1
  245     397       1
  246     280       1
  247     282       1
  248     276       1
  250     259       1
  251     288       1
  253     363       1
  253     380       1
  256     383       1
  257     298       1
  259     352       1
  260     294       1
  261     271       1
  263     272       1
  264     377       1
  265     382       1
  265     383       1
  266     323       1
  266     398       1
  267     268       1
  268     389       1
  270     336       1
  271     304       1
  271     334       1
  271     337       1
  271     341       1
  272     273       1
  272     394       1
  273     322       1
  273     323       1
  273     328       1
  273     370       1
  275     302       1
  275     321       1
  275     336       1
  276     286       1
  278     345       1
  279     316       1
  280     308       1
  281     307       1
  282     312       1
  285     313       1
  288     311       1
  288     352       1
  289     393       1
  290     373       1
  291     378       1
  295     394       1
  296     348       1
  296     399       1
  297     304       1
  297     349       1
  297     362       1
  298     309       1
  301     349       1
  305     380       1
  308     312       1
  310     313       1
  312     357       1
  314     319       1
  319     345       1
  320     343       1
  321     382       1
  323     387       1
  325     329       1
  326     349       1
  328     335       1
  328     339       1
  328     366       1
  329     363       1
  338     345       1
  340     361       1
  342     381       1
  343     388       1
  346     382       1
  351     352       1
  359     386       1
  360     362       1
  360     395       1
  368     391       1
  373     392       1
  374     380       1
