  100     144
    1      69       1
    1      84       1
    2      34       1
    2      48       1
    2      70       1
    3      41       1
    3      45       1
    3      69       1
    4      43       1
    5      70       1
    5      95       1
    6       8       1
    6      23       1
    6      89       1
    7      13       1
    7      36       1
    9      89       1
   10      45       1
   11      16       1
   11      53       1
   11      54       1
   11      70       1
   12      28       1
   12      47       1
   12      87       1
   12      96       1
   12      99       1
   13      15       1
   13      55       1
   13      84       1
   14      75       1
   15      59       1
   15      79       1
   15      82       1
   15      89       1
   16      32       1
   16      56       1
   17      51       1
   18      34       1
   18      44       1
   19      41       1
   19      56       1
   19      66       1
   20      85       1
   21      43       1
   21      61       1
   21      71       1
   21      72       1
   21      76       1
   22      55       1
   22      87       1
   23      53       1
   23      62       1
   23     100       1
   24      27       1
   24      59       1
   24      63       1
   25      29       1
   25      94       1
   26      56       1
   26      58       1
   26      68       1
   27      47       1
   28      33       1
   28      37       1
   28      42       1
   28      49       1
   28      60       1
   28      61       1
   28      66       1
   28      74       1
   28      89       1
   28      90       1
   28      96       1
   29      48       1
   30      46       1
   30      91       1
   31      60       1
   32      48       1
   33      35       1
   33      39       1
   33      46       1
   33      52       1
   33      76       1
   33      85       1
   33      88       1
   33      93       1
   34      40       1
   34      74       1
   35      43       1
   36      52       1
   36      65       1
   36      94       1
   37      38       1
   37      83       1
   38      80       1
   39      74       1
   39      97       1
   40      60       1
   40      74       1
   40      98       1
   42      46       1
   42      86       1
   43      76       1
   45      52       1
   46      70       1
   46      78       1
   47      89       1
   50      61       1
   50      73       1
   50      79       1
   51      92       1
   52      99       1
   54      59       1
   56      64       1
   56      68       1
   57      64       1
   58      81       1
   58      82       1
   59      87       1
   60      88       1
   61      63       1
   62      89       1
   64      74       1
   67      74       1
   68      99       1
   69      83       1
   69      87       1
   71      77       1
   73      74       1
   73      77       1
   74      80       1
   74      84       1
   74      92       1
   74      94       1
   74     100       1
   75      85       1
   75      86       1
   82      84       1
   82      90       1
   82      92       1
   83      89       1
   91      94       1
   94      95       1
