   50      85
    1       9       1
    1      16       1
    1      17       1
    1      18       1
    1      37       1
    2      12       1
    2      16       1
    3      29       1
    3      43       1
    4       5       1
    4      12       1
    4      14       1
    4      21       1
    4      32       1
    4      49       1
    5      10       1
    5      18       1
    5      19       1
    5      25       1
    5      26       1
    5      28       1
    5      35       1
    6      15       1
    6      26       1
    6      32       1
    7      16       1
    7      24       1
    7      34       1
    8      10       1
    8      30       1
    8      46       1
    9      11       1
    9      13       1
   10      21       1
   10      23       1
   10      24       1
   10      33       1
   10      48       1
   11      24       1
   11      27       1
   11      38       1
   12      22       1
   12      38       1
   12      45       1
   13      23       1
   13      32       1
   13      41       1
   14      26       1
   14      48       1
   15      18       1
   15      26       1
   16      44       1
   16      48       1
   17      25       1
   17      42       1
   17      46       1
   18      31       1
   19      40       1
   19      43       1
   20      22       1
   20      27       1
   21      34       1
   21      50       1
   22      24       1
   22      47       1
   23      44       1
   23      49       1
   24      46       1
   26      43       1
   27      35       1
   29      37       1
   31      38       1
   31      50       1
   32      38       1
   34      37       1
   34      46       1
   34      49       1
   36      42       1
   37      49       1
   38      49       1
   39      40       1
   41      49       1
   42      48       1
   44      47       1
   49      50       1
