  500     602
    1      82       1
    1     328       1
    1     456       1
    2     162       1
    3     196       1
    3     498       1
    4     228       1
    4     330       1
    4     337       1
    5      86       1
    5      94       1
    5     267       1
    5     298       1
    5     433       1
    5     461       1
    6      73       1
    6     390       1
    7     366       1
    8      56       1
    9     188       1
   10     183       1
   10     377       1
   10     381       1
   10     423       1
   11      18       1
   12      68       1
   12     114       1
   13      98       1
   13     142       1
   13     253       1
   13     309       1
   14     349       1
   14     366       1
   15     329       1
   15     500       1
   16     308       1
   16     350       1
   17     109       1
   17     162       1
   17     366       1
   17     494       1
   18      31       1
   18     445       1
   19     143       1
   19     201       1
   20     298       1
   20     395       1
   21     453       1
   21     482       1
   22     160       1
   22     331       1
   22     487       1
   23     329       1
   24     233       1
   25      96       1
   26     281       1
   27     192       1
   27     195       1
   27     283       1
   28      95       1
   28     157       1
   28     480       1
   29     323       1
   29     366       1
   30      97       1
   30      99       1
   31     130       1
   31     238       1
   31     359       1
   32     106       1
   32     140       1
   33      72       1
   33      75       1
   33     271       1
   33     454       1
   34     265       1
   34     450       1
   35     488       1
   36     164       1
   36     226       1
   37     101       1
   37     425       1
   38      68       1
   38     311       1
   39     140       1
   39     188       1
   39     236       1
   39     260       1
   39     261       1
   39     303       1
   39     312       1
   39     366       1
   39     482       1
   40     437       1
   41     247       1
   42     246       1
   43     107       1
   43     366       1
   43     477       1
   44     287       1
   44     326       1
   45     235       1
   45     421       1
   46     223       1
   47      54       1
   47     135       1
   47     245       1
   47     353       1
   48     123       1
   48     491       1
   49     349       1
   50      79       1
   51     422       1
   52     209       1
   52     477       1
   53     175       1
   53     282       1
   53     331       1
   55     298       1
   56     330       1
   57     384       1
   57     482       1
   58     283       1
   59     219       1
   60     122       1
   60     234       1
   60     283       1
   60     377       1
   61      79       1
   61     136       1
   61     158       1
   61     293       1
   61     299       1
   61     408       1
   62     362       1
   63     233       1
   64     120       1
   64     142       1
   64     168       1
   64     190       1
   65     415       1
   66     166       1
   66     357       1
   67     120       1
   67     417       1
   68     222       1
   69     253       1
   70     171       1
   71     133       1
   71     143       1
   72     320       1
   73     287       1
   73     329       1
   73     344       1
   73     459       1
   73     462       1
   73     470       1
   74     396       1
   75     106       1
   75     382       1
   76     454       1
   77     312       1
   78     368       1
   78     409       1
   78     410       1
   80     341       1
   80     364       1
   80     434       1
   81     444       1
   82     409       1
   83     312       1
   83     435       1
   84     236       1
   84     249       1
   85     261       1
   86     108       1
   87     105       1
   88     279       1
   88     459       1
   89     409       1
   90     102       1
   90     145       1
   91     444       1
   92     302       1
   93     153       1
   93     166       1
   93     366       1
   93     473       1
   95     120       1
   95     373       1
   95     444       1
   95     481       1
   95     486       1
   96     473       1
   96     489       1
   97     104       1
   97     148       1
  100     483       1
  101     102       1
  101     237       1
  102     206       1
  103     481       1
  104     405       1
  104     473       1
  104     499       1
  105     286       1
  105     329       1
  105     339       1
  107     171       1
  107     239       1
  107     248       1
  107     322       1
  109     289       1
  109     374       1
  110     227       1
  110     499       1
  111     286       1
  112     317       1
  112     332       1
  113     456       1
  114     163       1
  114     372       1
  115     132       1
  115     414       1
  116     424       1
  117     322       1
  118     426       1
  118     440       1
  119     266       1
  119     296       1
  119     361       1
  120     278       1
  121     388       1
  122     131       1
  122     139       1
  122     187       1
  122     351       1
  122     473       1
  123     183       1
  123     202       1
  123     233       1
  123     418       1
  123     492       1
  124     218       1
  125     202       1
  126     228       1
  127     453       1
  128     136       1
  128     222       1
  129     440       1
  130     237       1
  131     132       1
  131     136       1
  131     196       1
  131     242       1
  134     270       1
  134     296       1
  135     230       1
  136     181       1
  136     230       1
  136     312       1
  137     189       1
  137     248       1
  137     467       1
  138     158       1
  138     297       1
  139     155       1
  139     231       1
  139     369       1
  139     460       1
  141     265       1
  142     167       1
  142     314       1
  143     267       1
  143     427       1
  143     456       1
  144     365       1
  144     368       1
  145     191       1
  145     287       1
  145     435       1
  146     326       1
  146     366       1
  146     471       1
  147     450       1
  148     173       1
  148     425       1
  149     160       1
  150     217       1
  151     158       1
  151     198       1
  151     313       1
  151     335       1
  151     392       1
  152     366       1
  154     269       1
  154     279       1
  155     307       1
  155     333       1
  156     225       1
  156     336       1
  156     432       1
  156     455       1
  158     213       1
  158     304       1
  158     338       1
  158     464       1
  159     227       1
  159     338       1
  159     420       1
  159     476       1
  160     482       1
  161     192       1
  161     393       1
  162     429       1
  163     404       1
  163     425       1
  164     483       1
  165     234       1
  167     192       1
  167     406       1
  167     499       1
  168     252       1
  169     368       1
  170     358       1
  171     299       1
  171     371       1
  172     266       1
  174     192       1
  176     203       1
  177     253       1
  178     495       1
  179     185       1
  179     454       1
  180     207       1
  181     305       1
  181     395       1
  182     192       1
  183     206       1
  183     398       1
  184     244       1
  184     398       1
  185     312       1
  186     438       1
  186     474       1
  189     257       1
  189     326       1
  189     424       1
  189     462       1
  189     468       1
  190     416       1
  192     205       1
  193     423       1
  193     486       1
  194     477       1
  195     381       1
  195     421       1
  195     434       1
  196     365       1
  197     475       1
  197     476       1
  199     242       1
  200     280       1
  200     343       1
  201     372       1
  201     387       1
  202     223       1
  202     243       1
  203     495       1
  204     472       1
  206     284       1
  207     281       1
  207     390       1
  208     307       1
  208     482       1
  210     275       1
  211     347       1
  212     500       1
  213     321       1
  214     380       1
  214     443       1
  215     499       1
  216     413       1
  217     241       1
  217     390       1
  217     396       1
  217     478       1
  218     320       1
  218     396       1
  218     431       1
  219     389       1
  219     475       1
  220     486       1
  221     393       1
  222     261       1
  223     451       1
  224     226       1
  224     319       1
  225     437       1
  226     441       1
  226     472       1
  227     342       1
  229     398       1
  230     311       1
  230     348       1
  230     459       1
  230     486       1
  231     465       1
  231     482       1
  232     448       1
  234     302       1
  235     379       1
  235     471       1
  238     252       1
  238     267       1
  238     388       1
  238     488       1
  240     274       1
  241     477       1
  241     485       1
  242     432       1
  243     288       1
  245     410       1
  246     326       1
  247     317       1
  247     355       1
  247     366       1
  248     414       1
  249     410       1
  250     303       1
  251     273       1
  251     460       1
  253     376       1
  253     490       1
  254     303       1
  255     428       1
  255     473       1
  255     479       1
  256     376       1
  258     300       1
  259     388       1
  259     406       1
  259     458       1
  259     463       1
  260     271       1
  261     343       1
  262     320       1
  263     341       1
  263     389       1
  263     446       1
  263     489       1
  264     319       1
  265     294       1
  265     492       1
  267     334       1
  267     358       1
  267     443       1
  268     412       1
  269     296       1
  269     310       1
  272     410       1
  274     414       1
  275     323       1
  276     318       1
  276     330       1
  276     493       1
  277     395       1
  279     330       1
  279     357       1
  279     367       1
  279     412       1
  279     492       1
  280     348       1
  280     421       1
  281     365       1
  281     466       1
  282     399       1
  282     405       1
  282     470       1
  285     369       1
  285     470       1
  285     498       1
  286     307       1
  290     325       1
  290     428       1
  291     414       1
  291     470       1
  292     324       1
  293     374       1
  294     312       1
  295     434       1
  296     298       1
  296     303       1
  296     383       1
  296     483       1
  298     302       1
  298     431       1
  298     439       1
  299     457       1
  300     389       1
  300     452       1
  301     492       1
  302     425       1
  303     359       1
  306     477       1
  308     423       1
  310     314       1
  310     378       1
  310     385       1
  312     436       1
  315     440       1
  315     494       1
  316     369       1
  317     404       1
  317     469       1
  320     399       1
  322     357       1
  324     485       1
  326     474       1
  327     418       1
  328     429       1
  329     352       1
  329     492       1
  330     364       1
  330     484       1
  331     474       1
  334     488       1
  335     454       1
  335     499       1
  339     466       1
  340     355       1
  342     440       1
  345     372       1
  345     495       1
  346     439       1
  346     450       1
  347     483       1
  350     370       1
  350     375       1
  350     482       1
  351     497       1
  352     386       1
  352     467       1
  354     369       1
  356     460       1
  357     399       1
  360     489       1
  362     486       1
  363     433       1
  368     466       1
  368     482       1
  368     492       1
  368     499       1
  370     397       1
  371     407       1
  374     413       1
  376     458       1
  382     426       1
  382     488       1
  383     500       1
  385     438       1
  387     482       1
  388     411       1
  388     449       1
  388     492       1
  389     414       1
  391     447       1
  391     499       1
  394     449       1
  397     453       1
  398     403       1
  399     422       1
  400     402       1
  400     437       1
  401     470       1
  401     494       1
  402     403       1
  408     416       1
  409     449       1
  410     467       1
  410     496       1
  411     499       1
  412     463       1
  414     437       1
  414     492       1
  415     456       1
  416     482       1
  419     437       1
  422     448       1
  424     493       1
  430     456       1
  433     494       1
  434     455       1
  438     449       1
  440     444       1
  442     471       1
  448     488       1
  451     498       1
  460     490       1
  472     477       1
  476     499       1
  486     497       1
