  500     602
    1     182       1
    2     197       1
    3     140       1
    4      14       1
    5     470       1
    6     147       1
    6     368       1
    7     409       1
    7     490       1
    8      44       1
    8     138       1
    9      40       1
   10     203       1
   10     212       1
   10     238       1
   11     104       1
   11     137       1
   11     147       1
   11     364       1
   12      93       1
   12     172       1
   13     409       1
   14      86       1
   14     298       1
   15      23       1
   15      27       1
   16      23       1
   16     149       1
   16     254       1
   16     351       1
   17     197       1
   18      39       1
   18     135       1
   18     239       1
   18     304       1
   18     377       1
   19      36       1
   19     167       1
   19     212       1
   19     226       1
   19     496       1
   20      85       1
   20     375       1
   21     153       1
   21     340       1
   21     349       1
   21     362       1
   21     381       1
   21     458       1
   22     141       1
   22     279       1
   23     161       1
   23     464       1
   23     496       1
   24      41       1
   24      80       1
   24     196       1
   24     265       1
   24     441       1
   25     139       1
   25     263       1
   25     396       1
   26     239       1
   26     339       1
   26     394       1
   27     304       1
   28     337       1
   28     492       1
   29      39       1
   29     104       1
   29     212       1
   29     229       1
   29     292       1
   29     334       1
   29     358       1
   29     378       1
   30     125       1
   30     146       1
   31     282       1
   31     312       1
   31     369       1
   32     285       1
   32     434       1
   33     207       1
   33     266       1
   34     299       1
   34     365       1
   35     201       1
   35     331       1
   37     239       1
   38     368       1
   38     443       1
   39      58       1
   39      62       1
   39      66       1
   39     108       1
   39     124       1
   39     165       1
   39     243       1
   39     371       1
   39     409       1
   40     271       1
   40     482       1
   41     116       1
   42     312       1
   43     142       1
   43     214       1
   44      47       1
   44     169       1
   44     199       1
   44     211       1
   44     318       1
   44     394       1
   44     404       1
   44     412       1
   44     500       1
   45     333       1
   45     424       1
   46     153       1
   48     177       1
   48     178       1
   49     160       1
   49     166       1
   49     352       1
   50     120       1
   50     488       1
   51     218       1
   51     500       1
   52     263       1
   52     308       1
   53     150       1
   53     253       1
   54     203       1
   55      81       1
   55     156       1
   55     212       1
   55     316       1
   55     385       1
   55     459       1
   56     263       1
   56     368       1
   56     369       1
   57     179       1
   57     195       1
   57     326       1
   58      77       1
   59      73       1
   59     495       1
   60      88       1
   60     182       1
   61      97       1
   61     391       1
   62     294       1
   62     367       1
   62     498       1
   63     485       1
   64     361       1
   64     429       1
   65     172       1
   66      76       1
   66     153       1
   66     167       1
   66     209       1
   66     289       1
   66     306       1
   66     333       1
   67     282       1
   68     385       1
   69     403       1
   70     468       1
   71     179       1
   71     226       1
   71     264       1
   71     487       1
   71     493       1
   72     491       1
   73     152       1
   73     171       1
   73     191       1
   73     234       1
   73     360       1
   74     297       1
   74     314       1
   75     227       1
   75     335       1
   75     453       1
   76     121       1
   76     139       1
   76     164       1
   76     177       1
   76     280       1
   76     384       1
   78     254       1
   79     118       1
   79     267       1
   79     346       1
   80     470       1
   81     116       1
   81     355       1
   81     462       1
   82      88       1
   82     314       1
   82     491       1
   83     376       1
   83     464       1
   84     154       1
   84     378       1
   85     243       1
   85     247       1
   85     256       1
   85     313       1
   85     471       1
   86     198       1
   86     208       1
   86     307       1
   86     401       1
   86     431       1
   87     183       1
   87     222       1
   87     278       1
   89     180       1
   89     328       1
   89     398       1
   90     361       1
   90     421       1
   91     151       1
   91     439       1
   92     102       1
   92     342       1
   93     197       1
   93     255       1
   93     414       1
   94     151       1
   94     208       1
   94     244       1
   94     336       1
   94     443       1
   95     199       1
   95     224       1
   96     198       1
   96     351       1
   97     147       1
   97     202       1
   97     293       1
   97     312       1
   97     415       1
   98     492       1
   99     291       1
   99     317       1
   99     387       1
  100     171       1
  101     184       1
  101     303       1
  102     238       1
  102     426       1
  103     495       1
  104     160       1
  105     160       1
  105     474       1
  106     143       1
  106     290       1
  107     166       1
  108     162       1
  108     467       1
  109     229       1
  109     363       1
  109     437       1
  110     461       1
  111     162       1
  111     164       1
  111     277       1
  112     223       1
  112     231       1
  113     485       1
  114     264       1
  115     262       1
  115     417       1
  116     251       1
  117     488       1
  118     134       1
  118     344       1
  118     374       1
  118     419       1
  119     130       1
  122     136       1
  122     145       1
  122     369       1
  123     170       1
  124     438       1
  126     349       1
  126     428       1
  127     409       1
  128     155       1
  128     439       1
  129     258       1
  129     259       1
  130     246       1
  130     307       1
  130     443       1
  131     372       1
  132     198       1
  132     200       1
  133     403       1
  134     156       1
  135     281       1
  135     406       1
  136     449       1
  137     376       1
  138     144       1
  138     253       1
  138     462       1
  139     270       1
  139     456       1
  140     390       1
  140     435       1
  141     163       1
  141     397       1
  141     473       1
  142     397       1
  143     346       1
  144     477       1
  145     195       1
  146     300       1
  146     352       1
  146     376       1
  146     427       1
  146     434       1
  147     206       1
  147     298       1
  148     199       1
  148     333       1
  148     347       1
  148     348       1
  148     492       1
  149     311       1
  149     476       1
  150     447       1
  151     423       1
  153     155       1
  154     465       1
  155     180       1
  155     230       1
  155     295       1
  155     315       1
  155     350       1
  157     403       1
  158     455       1
  158     462       1
  159     246       1
  159     413       1
  160     365       1
  161     219       1
  161     260       1
  161     459       1
  162     204       1
  163     355       1
  164     205       1
  164     223       1
  164     400       1
  164     483       1
  165     268       1
  165     271       1
  165     330       1
  166     390       1
  167     234       1
  168     184       1
  168     192       1
  170     366       1
  171     228       1
  172     207       1
  173     197       1
  173     404       1
  173     477       1
  174     373       1
  174     496       1
  175     304       1
  175     341       1
  175     497       1
  176     346       1
  176     353       1
  178     180       1
  178     333       1
  178     439       1
  178     476       1
  179     325       1
  180     310       1
  181     367       1
  182     218       1
  183     280       1
  183     359       1
  184     261       1
  184     289       1
  184     384       1
  185     321       1
  185     483       1
  186     226       1
  187     420       1
  188     280       1
  189     352       1
  190     220       1
  190     363       1
  193     340       1
  194     255       1
  196     207       1
  197     314       1
  197     459       1
  197     482       1
  198     354       1
  200     216       1
  200     306       1
  200     335       1
  201     445       1
  201     495       1
  206     225       1
  207     218       1
  207     340       1
  207     403       1
  207     418       1
  209     487       1
  210     349       1
  211     319       1
  211     395       1
  211     495       1
  213     434       1
  213     445       1
  215     458       1
  216     217       1
  216     442       1
  217     229       1
  217     494       1
  218     245       1
  218     258       1
  218     429       1
  218     446       1
  218     459       1
  219     357       1
  219     494       1
  220     446       1
  221     369       1
  223     463       1
  224     274       1
  225     449       1
  229     416       1
  229     475       1
  230     235       1
  230     279       1
  230     452       1
  230     484       1
  230     485       1
  230     486       1
  232     381       1
  233     264       1
  234     290       1
  235     449       1
  236     376       1
  237     250       1
  238     372       1
  238     410       1
  238     469       1
  240     262       1
  240     459       1
  241     289       1
  242     409       1
  244     278       1
  246     448       1
  248     395       1
  249     447       1
  250     374       1
  252     318       1
  254     308       1
  256     387       1
  257     291       1
  259     423       1
  262     335       1
  264     397       1
  264     408       1
  264     480       1
  265     385       1
  265     440       1
  265     444       1
  267     357       1
  268     435       1
  269     396       1
  272     338       1
  273     374       1
  273     473       1
  274     352       1
  274     425       1
  275     324       1
  275     479       1
  276     443       1
  277     379       1
  278     387       1
  278     432       1
  280     285       1
  280     327       1
  282     445       1
  283     420       1
  284     328       1
  284     409       1
  284     421       1
  286     290       1
  287     345       1
  287     472       1
  288     374       1
  289     356       1
  289     431       1
  289     479       1
  289     483       1
  290     351       1
  290     364       1
  291     321       1
  292     371       1
  294     378       1
  295     488       1
  296     368       1
  296     419       1
  296     457       1
  298     448       1
  299     379       1
  301     450       1
  302     404       1
  303     472       1
  304     380       1
  305     416       1
  309     377       1
  309     394       1
  310     407       1
  311     428       1
  313     326       1
  315     405       1
  317     454       1
  317     456       1
  318     491       1
  319     382       1
  320     365       1
  321     328       1
  322     474       1
  323     424       1
  329     448       1
  330     472       1
  332     500       1
  333     448       1
  333     459       1
  336     486       1
  338     417       1
  338     485       1
  339     491       1
  343     431       1
  344     495       1
  346     450       1
  348     441       1
  349     420       1
  349     435       1
  349     460       1
  350     447       1
  352     425       1
  356     422       1
  356     470       1
  357     472       1
  358     448       1
  363     467       1
  366     486       1
  367     478       1
  369     397       1
  369     495       1
  370     466       1
  371     402       1
  372     379       1
  372     465       1
  373     462       1
  374     444       1
  379     408       1
  383     414       1
  383     460       1
  386     390       1
  388     415       1
  388     472       1
  389     416       1
  390     393       1
  392     420       1
  393     449       1
  397     443       1
  399     421       1
  411     449       1
  414     421       1
  418     468       1
  421     430       1
  431     451       1
  431     489       1
  433     500       1
  435     461       1
  436     459       1
  449     496       1
  451     481       1
  454     488       1
  454     489       1
  457     485       1
  457     493       1
  459     480       1
  462     499       1
  466     469       1
