  800     929
    1     164       1
    1     455       1
    2      87       1
    2     780       1
    3      26       1
    4     300       1
    4     345       1
    5     266       1
    5     360       1
    5     608       1
    6     450       1
    7     381       1
    7     467       1
    7     697       1
    8     610       1
    8     625       1
    8     655       1
    9      63       1
    9     380       1
    9     654       1
    9     743       1
   10     177       1
   10     366       1
   10     636       1
   11     308       1
   11     482       1
   12     677       1
   12     747       1
   13     165       1
   13     454       1
   14     129       1
   15     365       1
   15     476       1
   15     599       1
   15     736       1
   16     251       1
   16     260       1
   16     443       1
   16     625       1
   17      53       1
   17     347       1
   18     529       1
   19     226       1
   19     262       1
   19     495       1
   20      50       1
   20      77       1
   21      85       1
   21     342       1
   21     558       1
   22     159       1
   23     449       1
   23     497       1
   24      86       1
   24     554       1
   25     139       1
   26     417       1
   26     433       1
   27      96       1
   27     650       1
   28     227       1
   28     482       1
   28     511       1
   29     526       1
   30      96       1
   30     570       1
   31     166       1
   31     319       1
   32     345       1
   32     389       1
   32     501       1
   33     485       1
   34     437       1
   34     637       1
   34     742       1
   35     586       1
   36     530       1
   37     473       1
   38     783       1
   39     753       1
   40     323       1
   40     510       1
   41     197       1
   41     264       1
   42     600       1
   43     224       1
   43     264       1
   43     653       1
   44     457       1
   44     555       1
   45     389       1
   45     583       1
   46     331       1
   46     689       1
   47     748       1
   48     800       1
   49      73       1
   49     554       1
   49     725       1
   50     127       1
   50     736       1
   51     770       1
   52     115       1
   52     155       1
   52     205       1
   52     387       1
   52     396       1
   52     538       1
   52     772       1
   53     133       1
   53     215       1
   53     418       1
   54     224       1
   54     629       1
   54     656       1
   55     555       1
   56     548       1
   57     361       1
   57     608       1
   58     179       1
   58     383       1
   58     490       1
   59     150       1
   59     331       1
   59     433       1
   59     460       1
   60     302       1
   61     237       1
   62     626       1
   62     687       1
   62     745       1
   62     778       1
   64     565       1
   64     647       1
   64     697       1
   65     165       1
   66     494       1
   67     673       1
   68      81       1
   68     190       1
   68     470       1
   68     587       1
   69     125       1
   70     424       1
   70     557       1
   70     727       1
   71     472       1
   71     586       1
   72     552       1
   72     663       1
   73      80       1
   73     418       1
   74     592       1
   75     409       1
   76     236       1
   77     221       1
   77     352       1
   78     420       1
   78     439       1
   78     743       1
   79     496       1
   80     128       1
   80     133       1
   80     218       1
   80     247       1
   80     468       1
   80     471       1
   80     612       1
   81     217       1
   81     780       1
   82     499       1
   83     119       1
   83     737       1
   84     273       1
   85     649       1
   86     465       1
   88     287       1
   89     756       1
   90     528       1
   91     530       1
   92     509       1
   92     569       1
   93     269       1
   94     125       1
   94     369       1
   94     612       1
   95     435       1
   95     459       1
   96     177       1
   97     224       1
   97     452       1
   97     625       1
   97     773       1
   98     198       1
   99     232       1
   99     338       1
   99     359       1
   99     719       1
  100     613       1
  100     655       1
  100     680       1
  101     711       1
  102     386       1
  103     203       1
  103     209       1
  103     686       1
  104     765       1
  105     227       1
  106     146       1
  107     283       1
  107     433       1
  108     287       1
  108     315       1
  109     217       1
  110     364       1
  110     534       1
  111     329       1
  111     610       1
  111     729       1
  112     115       1
  112     608       1
  112     662       1
  112     677       1
  113     744       1
  113     781       1
  114     560       1
  116     619       1
  117     199       1
  117     365       1
  118     433       1
  119     425       1
  119     595       1
  120     349       1
  121     154       1
  121     356       1
  121     588       1
  122     720       1
  123     524       1
  123     538       1
  123     666       1
  124     256       1
  125     616       1
  126     145       1
  126     531       1
  127     527       1
  128     302       1
  128     511       1
  129     452       1
  130     342       1
  130     510       1
  131     483       1
  131     539       1
  131     584       1
  132     532       1
  132     605       1
  132     673       1
  133     225       1
  133     620       1
  133     669       1
  134     336       1
  134     382       1
  134     567       1
  135     180       1
  135     472       1
  135     528       1
  135     548       1
  136     386       1
  136     407       1
  136     706       1
  136     787       1
  137     736       1
  138     742       1
  139     150       1
  140     527       1
  141     340       1
  141     541       1
  141     671       1
  141     712       1
  141     724       1
  141     731       1
  142     388       1
  142     601       1
  143     334       1
  143     755       1
  144     153       1
  144     270       1
  144     326       1
  144     562       1
  144     693       1
  145     649       1
  146     560       1
  147     540       1
  148     319       1
  148     533       1
  149     215       1
  149     328       1
  151     195       1
  152     604       1
  153     500       1
  154     497       1
  154     715       1
  155     459       1
  156     600       1
  156     661       1
  157     350       1
  157     772       1
  158     564       1
  159     555       1
  160     278       1
  160     291       1
  160     295       1
  160     447       1
  160     768       1
  161     524       1
  161     665       1
  162     168       1
  162     592       1
  163     199       1
  163     628       1
  164     435       1
  164     460       1
  164     777       1
  164     784       1
  165     512       1
  165     578       1
  167     645       1
  167     712       1
  169     381       1
  170     205       1
  170     264       1
  170     382       1
  170     644       1
  171     189       1
  171     373       1
  172     341       1
  173     405       1
  174     200       1
  175     739       1
  176     276       1
  177     800       1
  178     632       1
  179     572       1
  179     672       1
  181     246       1
  182     503       1
  183     348       1
  184     314       1
  184     354       1
  184     517       1
  184     776       1
  185     638       1
  186     481       1
  186     524       1
  186     681       1
  187     645       1
  187     665       1
  188     588       1
  189     333       1
  189     372       1
  189     509       1
  189     656       1
  189     663       1
  191     289       1
  191     575       1
  192     284       1
  192     416       1
  192     765       1
  192     795       1
  193     369       1
  193     668       1
  193     703       1
  193     739       1
  194     476       1
  195     503       1
  195     732       1
  195     770       1
  196     332       1
  197     274       1
  198     273       1
  198     294       1
  198     307       1
  198     589       1
  200     351       1
  200     617       1
  200     691       1
  200     698       1
  201     548       1
  202     348       1
  202     537       1
  202     624       1
  202     792       1
  203     447       1
  203     584       1
  203     585       1
  203     702       1
  203     761       1
  204     586       1
  204     602       1
  205     399       1
  205     627       1
  206     575       1
  207     533       1
  208     322       1
  209     410       1
  209     713       1
  210     217       1
  211     233       1
  211     404       1
  211     442       1
  211     463       1
  211     645       1
  212     335       1
  213     235       1
  213     315       1
  214     495       1
  215     448       1
  215     571       1
  215     693       1
  216     697       1
  217     363       1
  219     246       1
  219     658       1
  220     542       1
  220     559       1
  222     693       1
  223     290       1
  223     613       1
  224     571       1
  225     365       1
  226     267       1
  228     550       1
  228     607       1
  228     765       1
  229     359       1
  230     783       1
  231     314       1
  231     405       1
  231     541       1
  232     344       1
  232     533       1
  233     631       1
  234     322       1
  235     265       1
  235     337       1
  235     456       1
  236     468       1
  237     359       1
  238     569       1
  239     473       1
  239     567       1
  240     757       1
  241     426       1
  242     642       1
  243     344       1
  243     679       1
  244     380       1
  244     530       1
  245     665       1
  246     369       1
  246     721       1
  247     491       1
  248     512       1
  248     729       1
  249     466       1
  249     555       1
  249     675       1
  250     283       1
  251     671       1
  252     380       1
  252     506       1
  252     720       1
  253     402       1
  253     529       1
  254     396       1
  255     297       1
  256     485       1
  256     577       1
  257     476       1
  257     510       1
  258     329       1
  258     392       1
  259     357       1
  259     449       1
  260     340       1
  261     412       1
  262     332       1
  262     502       1
  263     396       1
  263     648       1
  264     592       1
  266     776       1
  267     409       1
  268     277       1
  268     498       1
  269     394       1
  270     297       1
  270     555       1
  270     740       1
  271     507       1
  272     448       1
  273     279       1
  274     643       1
  275     622       1
  276     625       1
  276     672       1
  276     713       1
  278     386       1
  278     591       1
  279     576       1
  279     646       1
  279     722       1
  280     558       1
  281     750       1
  282     316       1
  282     593       1
  283     369       1
  284     527       1
  285     498       1
  286     339       1
  288     731       1
  289     515       1
  289     659       1
  290     394       1
  290     400       1
  290     408       1
  290     573       1
  290     682       1
  290     723       1
  292     438       1
  292     489       1
  292     620       1
  292     726       1
  293     404       1
  293     800       1
  296     362       1
  297     772       1
  298     452       1
  299     459       1
  301     696       1
  301     755       1
  302     753       1
  302     764       1
  303     415       1
  303     457       1
  303     515       1
  303     746       1
  304     577       1
  305     382       1
  305     398       1
  306     329       1
  306     678       1
  307     323       1
  308     369       1
  308     462       1
  309     332       1
  309     736       1
  310     524       1
  311     458       1
  312     523       1
  313     328       1
  313     764       1
  314     340       1
  314     348       1
  314     419       1
  314     434       1
  314     542       1
  314     619       1
  314     665       1
  315     376       1
  315     612       1
  315     710       1
  315     719       1
  316     336       1
  316     379       1
  316     446       1
  317     356       1
  317     419       1
  317     498       1
  318     579       1
  319     379       1
  320     463       1
  321     570       1
  322     421       1
  323     356       1
  323     780       1
  324     507       1
  325     580       1
  326     395       1
  327     368       1
  329     381       1
  329     458       1
  329     600       1
  330     390       1
  330     569       1
  331     370       1
  331     493       1
  332     409       1
  332     427       1
  332     595       1
  333     681       1
  333     763       1
  333     789       1
  334     497       1
  335     678       1
  339     404       1
  339     486       1
  339     586       1
  341     571       1
  341     782       1
  343     788       1
  344     645       1
  344     695       1
  346     729       1
  347     524       1
  349     396       1
  349     461       1
  349     751       1
  350     356       1
  350     423       1
  350     489       1
  351     426       1
  351     760       1
  352     745       1
  353     725       1
  355     540       1
  356     476       1
  356     494       1
  356     590       1
  356     612       1
  357     506       1
  357     623       1
  358     404       1
  359     769       1
  359     776       1
  361     506       1
  362     402       1
  362     580       1
  363     694       1
  363     776       1
  364     418       1
  364     623       1
  365     413       1
  365     487       1
  365     767       1
  367     692       1
  367     792       1
  368     540       1
  369     374       1
  369     409       1
  369     593       1
  369     615       1
  370     560       1
  371     755       1
  374     599       1
  375     507       1
  375     674       1
  376     449       1
  376     526       1
  377     745       1
  378     719       1
  379     748       1
  380     643       1
  381     389       1
  381     439       1
  381     556       1
  382     750       1
  384     421       1
  384     798       1
  385     432       1
  385     449       1
  388     449       1
  388     683       1
  388     702       1
  389     526       1
  390     496       1
  390     531       1
  390     655       1
  391     720       1
  392     453       1
  392     477       1
  392     526       1
  393     490       1
  393     794       1
  394     612       1
  397     464       1
  397     489       1
  399     410       1
  400     516       1
  401     757       1
  402     481       1
  403     414       1
  403     649       1
  404     686       1
  404     796       1
  405     704       1
  406     438       1
  406     575       1
  408     470       1
  408     598       1
  409     539       1
  411     434       1
  411     719       1
  412     555       1
  415     430       1
  415     555       1
  415     622       1
  415     753       1
  418     717       1
  419     527       1
  419     534       1
  419     614       1
  419     735       1
  419     793       1
  421     512       1
  422     526       1
  425     676       1
  426     800       1
  428     500       1
  428     542       1
  429     651       1
  429     667       1
  429     748       1
  431     485       1
  431     722       1
  432     627       1
  432     634       1
  433     506       1
  433     612       1
  433     671       1
  434     688       1
  435     438       1
  435     525       1
  435     527       1
  435     624       1
  436     549       1
  436     551       1
  437     517       1
  437     580       1
  437     748       1
  438     705       1
  439     606       1
  440     740       1
  441     575       1
  442     480       1
  444     460       1
  445     506       1
  449     524       1
  449     528       1
  450     723       1
  451     665       1
  453     514       1
  454     601       1
  458     462       1
  462     700       1
  464     563       1
  465     531       1
  465     608       1
  468     522       1
  468     699       1
  469     586       1
  470     489       1
  470     568       1
  472     514       1
  474     585       1
  475     685       1
  477     648       1
  478     604       1
  479     568       1
  479     636       1
  480     550       1
  482     725       1
  484     512       1
  485     517       1
  485     582       1
  488     798       1
  489     799       1
  492     531       1
  492     639       1
  493     708       1
  494     589       1
  494     786       1
  499     590       1
  501     609       1
  503     710       1
  504     625       1
  505     579       1
  506     538       1
  506     757       1
  507     738       1
  508     545       1
  508     788       1
  510     547       1
  512     706       1
  512     781       1
  513     746       1
  518     573       1
  519     682       1
  520     714       1
  521     691       1
  522     604       1
  523     590       1
  524     566       1
  524     698       1
  526     655       1
  526     674       1
  527     752       1
  527     759       1
  530     549       1
  530     558       1
  535     579       1
  536     681       1
  537     561       1
  540     626       1
  540     772       1
  541     596       1
  543     783       1
  544     578       1
  544     629       1
  546     605       1
  547     614       1
  547     776       1
  550     741       1
  550     800       1
  553     569       1
  558     759       1
  563     597       1
  564     672       1
  565     800       1
  567     786       1
  568     698       1
  569     689       1
  572     709       1
  574     717       1
  575     649       1
  575     738       1
  575     753       1
  575     800       1
  576     766       1
  578     749       1
  579     758       1
  579     773       1
  581     584       1
  581     657       1
  581     711       1
  581     798       1
  582     664       1
  589     714       1
  590     638       1
  592     603       1
  592     716       1
  593     594       1
  593     775       1
  599     617       1
  599     679       1
  600     762       1
  604     625       1
  609     626       1
  609     645       1
  609     673       1
  609     706       1
  609     709       1
  609     714       1
  609     734       1
  611     664       1
  612     625       1
  612     661       1
  612     753       1
  615     685       1
  617     618       1
  618     684       1
  621     790       1
  624     696       1
  624     779       1
  625     706       1
  627     645       1
  630     722       1
  632     669       1
  632     735       1
  633     756       1
  635     652       1
  635     686       1
  638     652       1
  638     746       1
  640     669       1
  640     784       1
  641     649       1
  642     799       1
  644     690       1
  645     783       1
  649     666       1
  649     709       1
  650     733       1
  650     800       1
  655     739       1
  655     788       1
  657     731       1
  660     720       1
  662     701       1
  663     719       1
  664     733       1
  665     728       1
  669     670       1
  673     790       1
  674     737       1
  678     763       1
  681     775       1
  693     744       1
  697     727       1
  699     765       1
  707     712       1
  711     763       1
  714     754       1
  718     730       1
  724     730       1
  724     788       1
  727     756       1
  730     759       1
  732     795       1
  736     763       1
  748     800       1
  753     771       1
  753     774       1
  755     799       1
  762     766       1
  763     792       1
  766     785       1
  773     795       1
  777     791       1
  778     797       1
