  200     266
    1      52       1
    1     132       1
    2      96       1
    2     169       1
    3     142       1
    3     166       1
    3     175       1
    4      53       1
    4     192       1
    5      50       1
    5      61       1
    5      75       1
    5      77       1
    5     113       1
    5     122       1
    6     124       1
    6     128       1
    7     158       1
    7     170       1
    8     198       1
    9      10       1
    9     123       1
   10     110       1
   10     199       1
   11      64       1
   11     194       1
   12      98       1
   12     183       1
   12     190       1
   13      86       1
   13     102       1
   13     168       1
   14      15       1
   14     168       1
   15      58       1
   15      95       1
   15     159       1
   16      73       1
   16     112       1
   17      63       1
   17     112       1
   18      66       1
   18     144       1
   19     176       1
   20      49       1
   20     151       1
   20     165       1
   21     165       1
   21     197       1
   22      43       1
   22     137       1
   22     182       1
   23      50       1
   23      71       1
   23     132       1
   24      58       1
   24     194       1
   25      99       1
   25     103       1
   25     129       1
   26      29       1
   26     163       1
   26     191       1
   27     129       1
   27     157       1
   28      30       1
   28      32       1
   29      38       1
   29      75       1
   29      94       1
   29     114       1
   30      63       1
   30      70       1
   30      89       1
   30     107       1
   30     153       1
   30     154       1
   30     185       1
   31     172       1
   31     193       1
   32      42       1
   33      35       1
   33      52       1
   33      55       1
   33      64       1
   33      83       1
   33      99       1
   33     122       1
   34      39       1
   34     177       1
   35      92       1
   36      40       1
   36      55       1
   36      58       1
   36     165       1
   36     178       1
   37      80       1
   38      41       1
   38      44       1
   38     174       1
   41      85       1
   41     105       1
   42      48       1
   42      77       1
   42     106       1
   43     103       1
   44     183       1
   45     180       1
   46     141       1
   47      80       1
   47      84       1
   47     124       1
   48     118       1
   48     140       1
   48     196       1
   48     200       1
   49      82       1
   50     128       1
   50     130       1
   50     173       1
   50     177       1
   51     127       1
   51     129       1
   53     128       1
   53     154       1
   54     151       1
   54     170       1
   54     181       1
   54     183       1
   54     187       1
   56      68       1
   56     101       1
   56     157       1
   57      91       1
   58     163       1
   58     168       1
   59     164       1
   59     177       1
   59     178       1
   60      94       1
   61      86       1
   61     135       1
   62     113       1
   62     122       1
   63     133       1
   64     136       1
   64     144       1
   64     197       1
   65     157       1
   66     120       1
   66     162       1
   67     159       1
   67     186       1
   67     199       1
   68      72       1
   68     192       1
   69     127       1
   70     108       1
   71     131       1
   71     200       1
   72     152       1
   72     163       1
   73     101       1
   73     190       1
   74     111       1
   75      86       1
   76     133       1
   76     153       1
   77      84       1
   77     160       1
   77     176       1
   77     200       1
   78     190       1
   79     122       1
   80     130       1
   81     183       1
   82      88       1
   82     110       1
   82     152       1
   83      91       1
   83     129       1
   84     144       1
   86      97       1
   87     182       1
   87     186       1
   88     123       1
   88     153       1
   88     185       1
   88     188       1
   88     195       1
   89     149       1
   90     111       1
   90     120       1
   93     192       1
   94     134       1
   94     186       1
   94     190       1
   94     200       1
   95     166       1
   96     128       1
   96     161       1
   97     113       1
  100     123       1
  101     107       1
  101     128       1
  101     140       1
  101     163       1
  102     110       1
  102     143       1
  103     118       1
  104     155       1
  106     141       1
  107     172       1
  107     192       1
  108     194       1
  109     198       1
  110     173       1
  110     182       1
  112     196       1
  115     195       1
  116     162       1
  116     171       1
  117     166       1
  117     181       1
  117     184       1
  118     143       1
  118     199       1
  119     146       1
  119     182       1
  120     141       1
  120     182       1
  120     192       1
  121     130       1
  122     148       1
  123     172       1
  124     177       1
  125     129       1
  126     140       1
  126     156       1
  128     141       1
  128     145       1
  130     158       1
  130     159       1
  130     166       1
  132     180       1
  134     175       1
  134     195       1
  138     151       1
  139     145       1
  139     149       1
  140     155       1
  143     146       1
  145     153       1
  145     163       1
  145     198       1
  147     156       1
  150     185       1
  162     167       1
  163     189       1
  164     186       1
  165     181       1
  166     178       1
  178     199       1
  179     182       1
  184     187       1
  192     197       1
