  600     711
    1      42       1
    1     511       1
    2       5       1
    2     327       1
    3     262       1
    3     519       1
    4     289       1
    4     456       1
    5     176       1
    6     453       1
    7      58       1
    7     396       1
    7     467       1
    8      13       1
    8     103       1
    9      89       1
   10     134       1
   11     219       1
   12     115       1
   12     582       1
   13      60       1
   13      96       1
   13     146       1
   13     169       1
   13     238       1
   13     583       1
   14     194       1
   14     453       1
   15     165       1
   15     544       1
   16     118       1
   16     126       1
   16     164       1
   16     174       1
   16     318       1
   17     100       1
   17     203       1
   17     239       1
   17     384       1
   17     405       1
   18      96       1
   18     400       1
   19     242       1
   19     285       1
   19     527       1
   19     566       1
   20      99       1
   20     320       1
   21     221       1
   21     225       1
   22     382       1
   22     500       1
   23     178       1
   23     375       1
   23     392       1
   23     592       1
   24     169       1
   24     264       1
   24     321       1
   24     590       1
   25      43       1
   25     210       1
   25     260       1
   25     442       1
   26      90       1
   26     571       1
   27     495       1
   28      59       1
   28     496       1
   28     525       1
   29      41       1
   29      70       1
   29     284       1
   29     503       1
   29     546       1
   30     208       1
   30     348       1
   31     503       1
   32     133       1
   32     248       1
   32     596       1
   33     478       1
   34      52       1
   34     470       1
   35     495       1
   36     121       1
   36     424       1
   36     426       1
   36     495       1
   36     512       1
   36     587       1
   37     141       1
   37     282       1
   38     178       1
   38     574       1
   39      82       1
   40     212       1
   41     136       1
   41     288       1
   41     322       1
   41     341       1
   42      97       1
   42     508       1
   43     213       1
   43     258       1
   44     194       1
   44     358       1
   45     126       1
   45     216       1
   45     225       1
   45     506       1
   46     148       1
   46     239       1
   46     275       1
   46     357       1
   46     504       1
   47     319       1
   48     261       1
   48     358       1
   48     470       1
   49     504       1
   49     517       1
   50     498       1
   51      83       1
   51     280       1
   51     300       1
   52     220       1
   52     332       1
   52     372       1
   52     479       1
   53     214       1
   53     243       1
   53     487       1
   54      63       1
   54      94       1
   55     349       1
   56     122       1
   57     232       1
   57     247       1
   57     486       1
   58     299       1
   59     236       1
   59     312       1
   59     326       1
   60     265       1
   60     322       1
   60     331       1
   61      71       1
   61     319       1
   61     598       1
   62      82       1
   62     250       1
   63     375       1
   63     501       1
   63     593       1
   64     495       1
   65     557       1
   66     154       1
   66     330       1
   67     582       1
   68     305       1
   68     330       1
   68     417       1
   68     533       1
   69     493       1
   70     327       1
   70     420       1
   72     138       1
   72     228       1
   73     500       1
   73     513       1
   74     584       1
   75     430       1
   76     179       1
   76     304       1
   76     355       1
   76     525       1
   77      99       1
   77     266       1
   77     498       1
   78     187       1
   79     500       1
   80     383       1
   80     398       1
   80     584       1
   81     161       1
   81     343       1
   82     122       1
   82     251       1
   82     393       1
   82     501       1
   82     531       1
   82     578       1
   84     127       1
   84     261       1
   84     278       1
   84     294       1
   84     500       1
   84     510       1
   84     519       1
   84     521       1
   84     561       1
   84     572       1
   85     454       1
   86      88       1
   86     202       1
   86     231       1
   86     489       1
   87     169       1
   88     595       1
   89     176       1
   90      93       1
   90     498       1
   91     479       1
   91     505       1
   92     280       1
   92     350       1
   92     505       1
   93     195       1
   93     282       1
   93     327       1
   94     162       1
   94     210       1
   95     288       1
   95     297       1
   95     409       1
   96     116       1
   97     246       1
   98     392       1
   98     457       1
   99     127       1
  101     242       1
  102     105       1
  102     335       1
  104     117       1
  105     122       1
  105     339       1
  105     530       1
  106     287       1
  106     391       1
  107     556       1
  107     598       1
  108     325       1
  109     422       1
  109     565       1
  109     600       1
  110     146       1
  111     464       1
  112     469       1
  113     199       1
  113     204       1
  114     199       1
  114     509       1
  115     298       1
  115     507       1
  117     453       1
  118     289       1
  118     296       1
  118     337       1
  118     399       1
  118     465       1
  118     483       1
  118     533       1
  119     292       1
  119     571       1
  119     573       1
  120     211       1
  120     298       1
  120     478       1
  121     575       1
  122     135       1
  122     161       1
  122     421       1
  122     477       1
  123     268       1
  123     492       1
  123     570       1
  124     526       1
  125     217       1
  125     595       1
  126     175       1
  127     292       1
  127     435       1
  128     348       1
  128     385       1
  128     449       1
  128     525       1
  129     441       1
  129     519       1
  130     321       1
  130     386       1
  131     281       1
  132     364       1
  133     390       1
  134     336       1
  134     450       1
  135     157       1
  135     315       1
  135     595       1
  136     151       1
  136     312       1
  136     347       1
  136     511       1
  137     173       1
  138     238       1
  138     497       1
  139     539       1
  139     597       1
  140     385       1
  141     241       1
  141     405       1
  141     509       1
  142     367       1
  142     424       1
  142     455       1
  143     343       1
  143     443       1
  143     448       1
  143     522       1
  143     536       1
  144     193       1
  144     196       1
  144     440       1
  144     454       1
  145     156       1
  145     401       1
  147     207       1
  147     316       1
  147     562       1
  148     253       1
  148     281       1
  148     551       1
  149     338       1
  149     538       1
  150     179       1
  150     299       1
  150     580       1
  152     232       1
  153     467       1
  154     265       1
  155     324       1
  155     487       1
  157     226       1
  158     383       1
  158     395       1
  158     476       1
  159     235       1
  159     510       1
  160     224       1
  160     376       1
  160     483       1
  160     573       1
  161     412       1
  161     534       1
  162     365       1
  163     243       1
  165     190       1
  165     283       1
  165     385       1
  165     493       1
  165     507       1
  166     321       1
  167     415       1
  167     547       1
  168     507       1
  168     514       1
  169     340       1
  170     289       1
  170     429       1
  171     196       1
  171     561       1
  172     174       1
  173     223       1
  174     301       1
  174     508       1
  175     416       1
  175     438       1
  176     365       1
  176     512       1
  177     565       1
  179     328       1
  179     428       1
  179     577       1
  180     417       1
  181     319       1
  181     397       1
  182     325       1
  183     358       1
  184     351       1
  184     387       1
  185     361       1
  185     491       1
  186     434       1
  186     446       1
  187     245       1
  187     412       1
  187     421       1
  188     490       1
  189     338       1
  190     377       1
  191     193       1
  191     304       1
  191     379       1
  191     393       1
  192     357       1
  193     224       1
  193     325       1
  193     355       1
  193     567       1
  194     586       1
  195     373       1
  197     350       1
  197     366       1
  197     590       1
  198     213       1
  198     217       1
  199     233       1
  199     304       1
  200     486       1
  201     207       1
  201     369       1
  202     302       1
  203     453       1
  203     585       1
  205     240       1
  205     248       1
  205     280       1
  205     574       1
  206     547       1
  207     567       1
  208     587       1
  209     454       1
  209     476       1
  210     212       1
  210     520       1
  211     264       1
  211     277       1
  211     408       1
  212     404       1
  212     526       1
  213     220       1
  213     227       1
  213     240       1
  214     251       1
  214     541       1
  215     583       1
  215     589       1
  218     295       1
  219     485       1
  219     505       1
  219     529       1
  219     572       1
  221     383       1
  222     318       1
  222     582       1
  223     477       1
  224     310       1
  224     432       1
  225     554       1
  226     360       1
  227     386       1
  227     392       1
  227     502       1
  228     422       1
  229     346       1
  229     558       1
  230     587       1
  231     443       1
  231     518       1
  231     532       1
  232     293       1
  232     355       1
  232     378       1
  233     384       1
  234     391       1
  235     268       1
  237     342       1
  237     576       1
  238     351       1
  239     294       1
  240     262       1
  240     274       1
  240     490       1
  240     559       1
  241     520       1
  243     286       1
  243     510       1
  243     556       1
  244     251       1
  245     279       1
  246     249       1
  246     265       1
  246     494       1
  247     311       1
  248     545       1
  250     271       1
  250     386       1
  252     522       1
  253     336       1
  254     259       1
  254     532       1
  255     439       1
  256     568       1
  257     497       1
  258     566       1
  259     275       1
  260     589       1
  261     319       1
  261     424       1
  261     537       1
  263     370       1
  263     598       1
  265     563       1
  267     455       1
  269     323       1
  270     519       1
  271     304       1
  271     419       1
  271     444       1
  272     344       1
  272     381       1
  273     400       1
  273     563       1
  276     309       1
  276     446       1
  276     512       1
  279     376       1
  280     532       1
  280     567       1
  282     326       1
  282     599       1
  283     294       1
  283     299       1
  283     386       1
  283     481       1
  284     430       1
  288     291       1
  288     462       1
  289     317       1
  289     449       1
  289     491       1
  289     553       1
  290     398       1
  290     473       1
  292     333       1
  292     431       1
  294     471       1
  294     555       1
  295     307       1
  295     581       1
  296     473       1
  297     461       1
  298     491       1
  299     459       1
  300     406       1
  301     448       1
  303     465       1
  306     421       1
  306     598       1
  308     521       1
  312     386       1
  313     501       1
  314     497       1
  315     427       1
  317     359       1
  318     442       1
  318     600       1
  319     482       1
  322     337       1
  322     381       1
  322     424       1
  322     434       1
  323     495       1
  324     327       1
  324     563       1
  325     427       1
  326     480       1
  326     494       1
  327     394       1
  329     409       1
  330     358       1
  330     529       1
  332     393       1
  333     386       1
  334     495       1
  334     499       1
  335     368       1
  336     393       1
  336     523       1
  337     393       1
  337     552       1
  338     408       1
  339     451       1
  340     425       1
  341     492       1
  343     469       1
  345     374       1
  345     568       1
  346     444       1
  349     429       1
  350     403       1
  351     581       1
  352     389       1
  353     447       1
  353     510       1
  354     402       1
  356     579       1
  357     544       1
  357     559       1
  360     423       1
  360     595       1
  361     557       1
  362     481       1
  362     552       1
  363     513       1
  363     564       1
  364     549       1
  364     590       1
  368     483       1
  371     519       1
  372     508       1
  373     428       1
  379     465       1
  380     460       1
  381     487       1
  383     400       1
  386     418       1
  386     528       1
  386     562       1
  386     570       1
  388     599       1
  389     454       1
  390     511       1
  391     535       1
  392     413       1
  392     463       1
  392     579       1
  393     411       1
  400     424       1
  400     466       1
  401     581       1
  402     450       1
  403     433       1
  406     557       1
  407     469       1
  407     523       1
  408     460       1
  408     597       1
  409     437       1
  410     502       1
  411     412       1
  414     590       1
  421     484       1
  422     512       1
  422     579       1
  423     597       1
  424     460       1
  424     535       1
  428     436       1
  428     466       1
  428     568       1
  429     542       1
  430     459       1
  433     473       1
  439     493       1
  439     552       1
  442     464       1
  443     541       1
  444     516       1
  445     507       1
  445     547       1
  445     582       1
  451     459       1
  452     592       1
  454     488       1
  455     550       1
  458     576       1
  460     468       1
  470     524       1
  472     525       1
  473     515       1
  474     493       1
  475     587       1
  480     594       1
  484     543       1
  486     573       1
  489     500       1
  489     560       1
  493     588       1
  496     540       1
  498     552       1
  501     506       1
  501     519       1
  507     548       1
  508     575       1
  512     581       1
  513     569       1
  515     560       1
  517     545       1
  519     559       1
  522     595       1
  529     558       1
  537     541       1
  537     552       1
  541     576       1
  549     556       1
  558     599       1
  560     583       1
  570     575       1
  576     591       1
  579     581       1
