  200     266
    1      11       1
    1     112       1
    1     136       1
    2     103       1
    3      23       1
    3     121       1
    3     181       1
    4      58       1
    4     175       1
    4     184       1
    5      43       1
    6      25       1
    6      34       1
    6      39       1
    6      62       1
    7      44       1
    7      88       1
    7     111       1
    8      22       1
    8     139       1
    9      85       1
    9      93       1
    9     117       1
   10      63       1
   10      96       1
   11      76       1
   11      96       1
   11     133       1
   11     173       1
   11     176       1
   12     183       1
   13     143       1
   13     200       1
   14     186       1
   15      33       1
   15      71       1
   15      82       1
   15     120       1
   15     143       1
   15     194       1
   16      49       1
   17     156       1
   18      48       1
   18      75       1
   18     103       1
   18     116       1
   18     160       1
   18     163       1
   18     164       1
   19     175       1
   19     183       1
   20      64       1
   20     122       1
   20     131       1
   21     134       1
   21     147       1
   21     181       1
   22     165       1
   23      82       1
   23      96       1
   23     139       1
   23     165       1
   23     181       1
   24      85       1
   24     150       1
   25      28       1
   25      45       1
   25      50       1
   25     115       1
   25     160       1
   26      35       1
   26      88       1
   26     105       1
   26     120       1
   26     147       1
   27      57       1
   27     118       1
   29     200       1
   30      44       1
   30     170       1
   31      94       1
   31     115       1
   32      65       1
   32     161       1
   33      90       1
   34     168       1
   35     196       1
   36     135       1
   36     196       1
   37      45       1
   37     107       1
   38      52       1
   38     122       1
   38     137       1
   40      59       1
   40     154       1
   40     156       1
   40     157       1
   41     161       1
   42     143       1
   42     148       1
   43      80       1
   43      81       1
   43     112       1
   45     118       1
   45     124       1
   46      79       1
   46     122       1
   46     167       1
   47     135       1
   48      71       1
   48     117       1
   49     157       1
   50      92       1
   50     110       1
   51     160       1
   52      56       1
   52      60       1
   52      75       1
   53      56       1
   53     128       1
   54     121       1
   55     178       1
   55     199       1
   56      64       1
   56      94       1
   56     169       1
   57      61       1
   58     134       1
   58     154       1
   58     170       1
   58     175       1
   59     107       1
   59     108       1
   59     190       1
   62     135       1
   62     145       1
   62     179       1
   63      75       1
   63     149       1
   63     181       1
   64     133       1
   66      74       1
   66      97       1
   66     126       1
   67     152       1
   67     188       1
   67     195       1
   68      92       1
   69      94       1
   69     122       1
   69     170       1
   70     154       1
   72     126       1
   72     127       1
   72     174       1
   73     132       1
   73     188       1
   73     189       1
   74     112       1
   74     177       1
   75      83       1
   75     149       1
   75     187       1
   76     101       1
   76     173       1
   77      87       1
   77     182       1
   77     191       1
   78     135       1
   79      93       1
   79     100       1
   79     118       1
   79     146       1
   79     198       1
   81      85       1
   81     193       1
   82     157       1
   82     168       1
   82     173       1
   82     183       1
   83     105       1
   84     118       1
   85     118       1
   85     127       1
   85     141       1
   85     182       1
   85     192       1
   85     197       1
   86     126       1
   86     181       1
   87      99       1
   87     143       1
   88      96       1
   89     119       1
   90     135       1
   90     178       1
   91     179       1
   93     150       1
   93     168       1
   95     141       1
   96     116       1
   96     152       1
   96     190       1
   97     105       1
   98     105       1
   99     133       1
  102     118       1
  102     164       1
  103     135       1
  103     142       1
  103     143       1
  103     168       1
  103     175       1
  103     177       1
  104     170       1
  105     185       1
  106     155       1
  108     109       1
  109     166       1
  109     173       1
  110     131       1
  112     168       1
  113     177       1
  114     181       1
  116     119       1
  117     174       1
  119     132       1
  120     176       1
  120     199       1
  121     181       1
  122     135       1
  122     164       1
  123     187       1
  125     158       1
  128     146       1
  129     175       1
  130     146       1
  130     159       1
  132     172       1
  133     189       1
  134     154       1
  135     138       1
  138     172       1
  140     197       1
  142     147       1
  143     166       1
  144     163       1
  150     179       1
  151     153       1
  153     177       1
  155     177       1
  156     190       1
  157     161       1
  157     180       1
  158     162       1
  158     197       1
  159     164       1
  163     171       1
  164     195       1
  167     188       1
  168     181       1
  175     186       1
  177     188       1
  182     187       1
  182     199       1
