  200     266
    1       2       1
    2      25       1
    2     123       1
    3      64       1
    3      91       1
    3     110       1
    3     175       1
    4      29       1
    4      48       1
    4      89       1
    4      92       1
    4     189       1
    5      43       1
    5     100       1
    5     109       1
    6     143       1
    7      14       1
    7      22       1
    7     169       1
    8      51       1
    8     181       1
    9     152       1
   10      46       1
   10     178       1
   11      12       1
   11      19       1
   11     130       1
   11     138       1
   12     142       1
   12     177       1
   13      18       1
   13      90       1
   13     152       1
   14      35       1
   14      70       1
   15     105       1
   15     144       1
   15     178       1
   16     179       1
   16     197       1
   17      71       1
   17     128       1
   17     152       1
   17     162       1
   17     170       1
   18      75       1
   19      37       1
   20      48       1
   20      52       1
   20      62       1
   21     153       1
   23      27       1
   23     115       1
   23     173       1
   24     145       1
   25     138       1
   26     111       1
   27     113       1
   28     156       1
   29      95       1
   29      98       1
   29     122       1
   30      49       1
   31     120       1
   32      73       1
   32     133       1
   32     167       1
   33     103       1
   33     178       1
   34     133       1
   34     182       1
   36      50       1
   36     176       1
   37      81       1
   38      90       1
   38     100       1
   39      61       1
   39     153       1
   40      90       1
   40     181       1
   41     101       1
   41     134       1
   41     153       1
   42     141       1
   42     191       1
   43      86       1
   43     119       1
   44     190       1
   45     197       1
   46      82       1
   46     187       1
   47     194       1
   48      50       1
   48     108       1
   48     160       1
   48     172       1
   49      80       1
   49     126       1
   49     160       1
   50     145       1
   50     151       1
   51      73       1
   51      99       1
   52      55       1
   52     123       1
   52     181       1
   52     186       1
   52     192       1
   52     199       1
   53     109       1
   54     116       1
   55     112       1
   55     117       1
   56     110       1
   57     105       1
   57     177       1
   58      97       1
   58     159       1
   59      62       1
   59     118       1
   60      62       1
   60      96       1
   60     167       1
   60     195       1
   61     130       1
   61     186       1
   62     176       1
   63      93       1
   63     154       1
   64      84       1
   64     118       1
   65      85       1
   65      88       1
   65     149       1
   65     153       1
   66     190       1
   67      73       1
   67      88       1
   68     166       1
   69     114       1
   69     118       1
   69     119       1
   69     169       1
   69     199       1
   70     116       1
   70     196       1
   71     141       1
   72     106       1
   72     121       1
   73     170       1
   74      78       1
   75     138       1
   76      88       1
   76     119       1
   77      84       1
   77     111       1
   78     109       1
   79     122       1
   79     144       1
   80     173       1
   81      84       1
   81     145       1
   81     176       1
   82     106       1
   82     127       1
   82     135       1
   82     136       1
   82     152       1
   82     154       1
   82     182       1
   82     185       1
   83     119       1
   86     118       1
   86     125       1
   87      96       1
   88     125       1
   88     199       1
   89     148       1
   89     156       1
   90     169       1
   90     191       1
   91      99       1
   91     175       1
   92     109       1
   92     143       1
   92     148       1
   92     149       1
   92     155       1
   92     169       1
   92     181       1
   92     184       1
   92     188       1
   93     104       1
   93     122       1
   94     157       1
   94     195       1
   95     144       1
   96     114       1
   96     150       1
   96     182       1
   97     112       1
   97     194       1
   98     132       1
   98     167       1
   98     171       1
  101     138       1
  102     121       1
  103     120       1
  103     189       1
  106     111       1
  106     160       1
  106     176       1
  107     122       1
  108     109       1
  108     180       1
  109     168       1
  110     160       1
  110     183       1
  111     114       1
  111     161       1
  112     149       1
  112     163       1
  113     115       1
  115     159       1
  117     181       1
  118     147       1
  120     188       1
  121     122       1
  123     131       1
  124     191       1
  126     130       1
  126     192       1
  129     142       1
  129     158       1
  130     172       1
  133     189       1
  134     162       1
  137     140       1
  137     149       1
  138     156       1
  138     168       1
  139     155       1
  139     163       1
  142     171       1
  143     190       1
  146     152       1
  146     158       1
  146     160       1
  146     197       1
  149     152       1
  149     200       1
  152     154       1
  155     165       1
  159     160       1
  162     200       1
  164     167       1
  165     180       1
  166     198       1
  173     184       1
  174     186       1
  174     193       1
  176     188       1
  177     186       1
  177     189       1
  177     198       1
  179     192       1
