  400     489
    1       5       1
    1      58       1
    1     137       1
    1     176       1
    1     220       1
    1     307       1
    2      33       1
    2      83       1
    2      99       1
    2     106       1
    2     184       1
    2     195       1
    2     376       1
    2     389       1
    3      64       1
    3     322       1
    3     344       1
    4     128       1
    4     325       1
    4     398       1
    5     271       1
    5     317       1
    5     388       1
    6      99       1
    6     103       1
    7     279       1
    8     232       1
    9     332       1
    9     386       1
   10     129       1
   10     204       1
   10     338       1
   11     201       1
   11     238       1
   12      21       1
   12     240       1
   13      96       1
   13     131       1
   13     153       1
   13     228       1
   13     400       1
   14     150       1
   14     172       1
   14     396       1
   15      19       1
   15     276       1
   15     294       1
   16      38       1
   16     253       1
   17      45       1
   17     165       1
   17     395       1
   18      56       1
   18     250       1
   18     253       1
   19      24       1
   20      77       1
   21     236       1
   21     270       1
   21     310       1
   22     170       1
   22     179       1
   22     284       1
   22     353       1
   23     378       1
   25     327       1
   25     399       1
   25     400       1
   26     263       1
   26     343       1
   27      28       1
   28     173       1
   28     328       1
   28     339       1
   29     155       1
   29     296       1
   29     359       1
   30     353       1
   31     369       1
   32     118       1
   32     182       1
   33     112       1
   33     133       1
   33     204       1
   33     216       1
   33     217       1
   33     329       1
   34      61       1
   34     326       1
   35      61       1
   35     258       1
   35     284       1
   35     378       1
   36     150       1
   37     117       1
   38     124       1
   38     191       1
   38     275       1
   38     371       1
   39     358       1
   40     384       1
   41      74       1
   41     252       1
   42      48       1
   42     253       1
   42     280       1
   43      88       1
   44     108       1
   44     150       1
   44     172       1
   44     176       1
   44     293       1
   44     315       1
   44     343       1
   44     386       1
   45     390       1
   46     107       1
   47     101       1
   47     178       1
   47     306       1
   47     334       1
   47     357       1
   49     204       1
   50     220       1
   51     356       1
   52     199       1
   52     227       1
   53     372       1
   54      55       1
   54      73       1
   54      98       1
   54     127       1
   54     266       1
   54     303       1
   55     163       1
   55     351       1
   55     385       1
   57     117       1
   57     129       1
   57     144       1
   57     193       1
   58     392       1
   59      96       1
   60      88       1
   60     192       1
   62     376       1
   63     171       1
   63     176       1
   63     379       1
   65      84       1
   65     139       1
   65     178       1
   65     291       1
   66     137       1
   67      91       1
   68     287       1
   69     199       1
   69     217       1
   69     295       1
   70      95       1
   70      96       1
   71      80       1
   72     260       1
   73     171       1
   74      91       1
   74     301       1
   74     382       1
   75     333       1
   76      77       1
   77     131       1
   77     379       1
   78     158       1
   78     177       1
   78     192       1
   78     208       1
   78     239       1
   78     336       1
   78     337       1
   79     250       1
   80      89       1
   80     398       1
   81     102       1
   81     303       1
   82     140       1
   82     207       1
   83     165       1
   84     316       1
   85     162       1
   86     128       1
   86     131       1
   87     134       1
   87     136       1
   87     389       1
   88     290       1
   90     265       1
   91     131       1
   91     170       1
   91     174       1
   91     203       1
   91     226       1
   91     308       1
   91     367       1
   91     393       1
   91     396       1
   92      94       1
   92     172       1
   93     173       1
   95     250       1
   95     303       1
   95     357       1
   96     269       1
   96     276       1
   96     277       1
   96     325       1
   96     341       1
   96     369       1
   97     137       1
   97     181       1
   97     201       1
   98     223       1
   99     281       1
   99     369       1
  100     276       1
  100     347       1
  102     207       1
  102     275       1
  103     144       1
  104     114       1
  104     197       1
  104     316       1
  104     400       1
  105     144       1
  107     110       1
  107     244       1
  107     393       1
  107     400       1
  109     200       1
  109     335       1
  109     363       1
  111     250       1
  111     321       1
  112     215       1
  112     251       1
  113     159       1
  113     289       1
  115     117       1
  116     287       1
  117     138       1
  117     142       1
  117     222       1
  117     312       1
  117     376       1
  118     375       1
  119     336       1
  120     297       1
  121     156       1
  121     178       1
  121     329       1
  122     232       1
  123     202       1
  125     388       1
  126     376       1
  127     379       1
  127     391       1
  128     139       1
  130     254       1
  130     256       1
  130     298       1
  131     257       1
  131     275       1
  132     145       1
  132     394       1
  133     288       1
  134     232       1
  134     342       1
  135     139       1
  135     158       1
  135     193       1
  137     338       1
  138     369       1
  141     195       1
  141     382       1
  142     362       1
  143     205       1
  143     283       1
  145     324       1
  146     328       1
  147     221       1
  148     337       1
  149     280       1
  149     289       1
  149     319       1
  149     390       1
  150     157       1
  150     210       1
  150     391       1
  151     313       1
  152     221       1
  153     190       1
  153     243       1
  153     262       1
  153     284       1
  154     155       1
  154     291       1
  155     232       1
  155     250       1
  156     300       1
  157     167       1
  158     183       1
  158     185       1
  158     355       1
  159     203       1
  160     239       1
  160     290       1
  161     213       1
  162     326       1
  162     393       1
  164     389       1
  165     294       1
  166     378       1
  168     328       1
  169     325       1
  169     370       1
  171     274       1
  172     175       1
  172     264       1
  172     282       1
  176     185       1
  176     195       1
  176     202       1
  176     280       1
  176     285       1
  176     369       1
  176     387       1
  179     207       1
  180     368       1
  181     283       1
  181     392       1
  182     217       1
  182     249       1
  182     313       1
  185     231       1
  185     278       1
  185     337       1
  185     353       1
  186     290       1
  187     257       1
  187     373       1
  188     260       1
  188     291       1
  189     224       1
  189     247       1
  189     357       1
  189     377       1
  190     218       1
  191     331       1
  192     259       1
  192     309       1
  193     316       1
  193     333       1
  194     275       1
  195     294       1
  195     351       1
  195     385       1
  196     206       1
  196     261       1
  196     289       1
  196     372       1
  196     399       1
  198     274       1
  198     354       1
  198     383       1
  201     319       1
  201     381       1
  203     318       1
  204     302       1
  205     279       1
  205     325       1
  206     352       1
  208     263       1
  208     310       1
  209     255       1
  209     290       1
  211     307       1
  212     262       1
  213     302       1
  214     376       1
  216     233       1
  216     272       1
  216     336       1
  217     225       1
  219     328       1
  220     307       1
  220     317       1
  221     300       1
  221     369       1
  222     344       1
  222     393       1
  223     267       1
  223     278       1
  223     351       1
  223     356       1
  224     342       1
  226     305       1
  227     228       1
  227     270       1
  228     265       1
  228     346       1
  228     360       1
  229     249       1
  230     268       1
  230     271       1
  233     350       1
  234     337       1
  235     286       1
  236     269       1
  237     286       1
  237     351       1
  237     364       1
  238     297       1
  238     387       1
  239     248       1
  240     253       1
  240     373       1
  241     260       1
  241     391       1
  242     398       1
  245     315       1
  246     378       1
  248     358       1
  251     367       1
  252     336       1
  255     318       1
  257     292       1
  260     369       1
  264     308       1
  265     335       1
  267     372       1
  268     328       1
  270     334       1
  270     359       1
  270     389       1
  273     353       1
  274     310       1
  276     389       1
  279     313       1
  287     314       1
  287     378       1
  287     397       1
  288     378       1
  290     302       1
  292     336       1
  293     350       1
  294     390       1
  296     322       1
  296     366       1
  298     367       1
  299     305       1
  299     358       1
  301     384       1
  302     317       1
  304     374       1
  305     352       1
  307     330       1
  310     311       1
  310     352       1
  314     324       1
  316     345       1
  320     391       1
  323     367       1
  324     349       1
  326     374       1
  327     365       1
  328     356       1
  328     386       1
  330     378       1
  338     391       1
  340     382       1
  343     392       1
  347     367       1
  348     377       1
  351     378       1
  356     376       1
  357     387       1
  360     368       1
  361     369       1
  361     394       1
  380     389       1
  383     398       1
