  100     144
    1      10       1
    1      40       1
    1      53       1
    2      24       1
    2      25       1
    2      31       1
    3      18       1
    3      38       1
    3      99       1
    4      95       1
    5      42       1
    5      65       1
    5      99       1
    6      16       1
    7       8       1
    7      45       1
    7      58       1
    7      61       1
    7      68       1
    8      37       1
    8      57       1
    8      85       1
    9      76       1
   10      14       1
   10      52       1
   10      74       1
   11      45       1
   11      98       1
   12      15       1
   12      29       1
   13      75       1
   14      33       1
   14      80       1
   15      52       1
   15      92       1
   16      31       1
   16      49       1
   16      99       1
   17      77       1
   17      94       1
   18      55       1
   18      84       1
   19      30       1
   19      45       1
   19      80       1
   19      81       1
   20      76       1
   20      86       1
   21      60       1
   21      70       1
   22      48       1
   23      28       1
   24      41       1
   24      44       1
   24      65       1
   24      67       1
   24      78       1
   25      56       1
   26      94       1
   27      42       1
   27      70       1
   28      37       1
   28      97       1
   29      43       1
   29      65       1
   29      81       1
   29      82       1
   30      42       1
   30      47       1
   32      51       1
   32      59       1
   32      91       1
   32      99       1
   33      82       1
   33      96       1
   34      36       1
   34      40       1
   34      48       1
   34      95       1
   35      38       1
   35      45       1
   35      79       1
   35      99       1
   36      84       1
   36      96       1
   37      77       1
   37      89       1
   39      48       1
   39      58       1
   39      70       1
   39      83       1
   40      96       1
   41      90       1
   41      93       1
   43      81       1
   44      68       1
   45      47       1
   45      48       1
   45      56       1
   45      82       1
   45      94       1
   46      51       1
   46      77       1
   47      85       1
   48      49       1
   48      53       1
   48      58       1
   48      83       1
   50      56       1
   51      88       1
   52      62       1
   52      76       1
   52      85       1
   52      86       1
   54      76       1
   54      89       1
   55      80       1
   56      98       1
   57      69       1
   57      72       1
   57      82       1
   58      65       1
   58      76       1
   60      63       1
   63      65       1
   63      91       1
   64      67       1
   64      82       1
   65      77       1
   65      99       1
   66      97       1
   67      71       1
   67      91       1
   68      76       1
   70      88       1
   71      92       1
   73      93       1
   75      90       1
   76      87       1
   78      89       1
   85      94       1
   91     100       1
   96      99       1
   97     100       1
