  300     380
    1      33       1
    1     107       1
    2     130       1
    2     283       1
    3     101       1
    3     118       1
    4     110       1
    4     179       1
    5     191       1
    5     209       1
    5     232       1
    6     252       1
    7     102       1
    7     243       1
    8      35       1
    8     179       1
    9     111       1
    9     213       1
   10     226       1
   10     235       1
   10     254       1
   11      70       1
   11     122       1
   11     159       1
   12     113       1
   13     197       1
   13     270       1
   14     134       1
   15      16       1
   16     110       1
   16     115       1
   16     197       1
   16     243       1
   17     107       1
   18     214       1
   19      40       1
   19      41       1
   19      52       1
   20     252       1
   21      27       1
   22     101       1
   23     137       1
   23     199       1
   24      57       1
   25     119       1
   25     281       1
   26      39       1
   26     203       1
   26     269       1
   27     257       1
   27     300       1
   28     111       1
   28     144       1
   29     271       1
   30      74       1
   30      75       1
   30     218       1
   30     229       1
   30     275       1
   31      51       1
   31     288       1
   32      60       1
   32     195       1
   32     205       1
   34      75       1
   34     104       1
   34     138       1
   34     167       1
   34     204       1
   36      52       1
   37      75       1
   37      82       1
   37     130       1
   37     158       1
   37     191       1
   38     175       1
   39      92       1
   39     278       1
   40     194       1
   41      68       1
   41      99       1
   41     277       1
   42     232       1
   43     101       1
   43     190       1
   44     149       1
   45      89       1
   45     231       1
   45     263       1
   45     294       1
   46      94       1
   47     213       1
   48      84       1
   48     295       1
   48     297       1
   49     170       1
   49     209       1
   50     277       1
   51     192       1
   52      79       1
   52     132       1
   52     154       1
   52     168       1
   52     267       1
   52     276       1
   53     131       1
   54     299       1
   55     167       1
   56     247       1
   57     133       1
   57     142       1
   57     275       1
   58     129       1
   58     190       1
   58     290       1
   58     292       1
   58     299       1
   59     114       1
   59     219       1
   59     275       1
   60     297       1
   61     271       1
   62     236       1
   63      93       1
   63     130       1
   63     237       1
   63     273       1
   64     108       1
   65      86       1
   65     156       1
   65     260       1
   66     129       1
   66     230       1
   67      88       1
   67     111       1
   67     149       1
   68      75       1
   68     282       1
   69     176       1
   70     209       1
   71     244       1
   72      94       1
   73     227       1
   74     180       1
   75     122       1
   75     192       1
   75     219       1
   76     148       1
   76     161       1
   77     254       1
   77     294       1
   78     175       1
   78     242       1
   79     147       1
   80     233       1
   81     258       1
   82     148       1
   83      87       1
   83      89       1
   83     166       1
   83     223       1
   83     270       1
   84     208       1
   85     103       1
   85     162       1
   85     199       1
   85     217       1
   85     284       1
   86      91       1
   86     118       1
   86     125       1
   86     134       1
   86     136       1
   86     192       1
   86     195       1
   87     130       1
   87     250       1
   89     142       1
   89     189       1
   89     210       1
   89     291       1
   90     213       1
   91     190       1
   92     220       1
   93     152       1
   94     128       1
   94     146       1
   94     162       1
   94     262       1
   95     113       1
   95     248       1
   95     264       1
   96     284       1
   97     275       1
   98     172       1
   98     219       1
   98     265       1
   99     146       1
   99     163       1
   99     184       1
  100     124       1
  101     191       1
  101     293       1
  102     149       1
  104     151       1
  105     129       1
  105     244       1
  106     192       1
  106     297       1
  107     233       1
  107     275       1
  108     120       1
  108     135       1
  109     178       1
  109     209       1
  110     164       1
  111     181       1
  111     255       1
  112     135       1
  112     151       1
  113     136       1
  113     156       1
  113     297       1
  114     173       1
  114     183       1
  115     127       1
  115     129       1
  115     143       1
  115     194       1
  115     242       1
  115     286       1
  116     184       1
  117     137       1
  118     292       1
  119     275       1
  119     285       1
  120     158       1
  120     222       1
  121     202       1
  121     220       1
  122     188       1
  123     135       1
  124     126       1
  124     294       1
  125     209       1
  128     129       1
  128     241       1
  128     275       1
  129     135       1
  129     251       1
  129     282       1
  130     220       1
  131     248       1
  132     253       1
  132     272       1
  133     193       1
  133     203       1
  134     215       1
  135     192       1
  135     236       1
  135     237       1
  135     247       1
  136     174       1
  136     220       1
  137     180       1
  137     297       1
  138     231       1
  138     288       1
  139     280       1
  140     230       1
  141     150       1
  141     182       1
  141     290       1
  144     230       1
  145     230       1
  146     198       1
  147     161       1
  147     269       1
  147     287       1
  149     277       1
  150     198       1
  151     252       1
  151     297       1
  152     207       1
  152     210       1
  153     265       1
  153     280       1
  154     177       1
  154     252       1
  154     284       1
  155     158       1
  157     176       1
  157     237       1
  157     296       1
  158     196       1
  160     288       1
  162     210       1
  162     271       1
  165     184       1
  167     183       1
  167     209       1
  168     203       1
  168     266       1
  169     246       1
  170     224       1
  170     229       1
  170     252       1
  171     234       1
  171     250       1
  171     271       1
  172     190       1
  173     230       1
  175     213       1
  175     239       1
  175     271       1
  177     189       1
  178     196       1
  179     198       1
  179     211       1
  179     241       1
  182     249       1
  182     278       1
  183     197       1
  183     234       1
  184     228       1
  185     258       1
  186     266       1
  187     228       1
  191     227       1
  191     261       1
  191     280       1
  194     244       1
  195     202       1
  195     221       1
  196     297       1
  197     224       1
  198     294       1
  199     295       1
  200     223       1
  201     213       1
  202     225       1
  204     251       1
  205     250       1
  206     234       1
  208     237       1
  209     277       1
  210     251       1
  212     229       1
  212     246       1
  212     256       1
  213     247       1
  214     239       1
  216     273       1
  219     284       1
  219     289       1
  219     294       1
  221     268       1
  222     247       1
  224     245       1
  226     227       1
  229     240       1
  229     262       1
  230     239       1
  231     295       1
  238     252       1
  239     269       1
  248     274       1
  248     280       1
  252     277       1
  252     279       1
  253     257       1
  253     296       1
  258     284       1
  259     277       1
  260     275       1
  269     283       1
  279     285       1
  280     287       1
  280     298       1
  281     294       1
