  400     489
    1     235       1
    2      20       1
    2     152       1
    2     396       1
    3     389       1
    4      32       1
    4     118       1
    5     338       1
    6      18       1
    7      45       1
    7     304       1
    8     358       1
    9     288       1
    9     384       1
    9     393       1
   10     128       1
   10     326       1
   10     368       1
   11     222       1
   11     361       1
   12      85       1
   12     185       1
   12     352       1
   13     127       1
   14      97       1
   14     172       1
   14     329       1
   14     356       1
   14     394       1
   15     111       1
   15     257       1
   16     159       1
   17     168       1
   17     182       1
   17     315       1
   18     268       1
   19     203       1
   20      29       1
   20     298       1
   21     290       1
   22      74       1
   22      80       1
   22     111       1
   22     121       1
   22     187       1
   22     205       1
   22     366       1
   22     381       1
   23      60       1
   23     333       1
   23     337       1
   24     106       1
   24     210       1
   24     288       1
   24     302       1
   24     359       1
   25      78       1
   25     100       1
   25     101       1
   25     233       1
   25     291       1
   25     295       1
   25     314       1
   25     378       1
   26      34       1
   27      85       1
   27     176       1
   27     181       1
   27     369       1
   28     137       1
   29      40       1
   30      94       1
   30     220       1
   30     283       1
   31     162       1
   31     215       1
   32      41       1
   32      86       1
   33     121       1
   33     304       1
   34      52       1
   35     109       1
   36     234       1
   37     386       1
   38      41       1
   38     157       1
   38     266       1
   38     368       1
   39     215       1
   39     238       1
   42     169       1
   43     256       1
   44      77       1
   44     160       1
   45      59       1
   45     177       1
   45     222       1
   46      86       1
   46     104       1
   47     350       1
   48     138       1
   48     221       1
   49      86       1
   49     383       1
   50      63       1
   50     244       1
   50     296       1
   51      52       1
   51     277       1
   51     340       1
   52     183       1
   52     314       1
   53      99       1
   54     287       1
   55     316       1
   55     367       1
   56     118       1
   56     134       1
   56     175       1
   57      77       1
   57     104       1
   57     284       1
   57     343       1
   58     310       1
   58     343       1
   59     200       1
   60     156       1
   61     249       1
   61     335       1
   62     291       1
   62     295       1
   63     317       1
   64     105       1
   64     394       1
   65      90       1
   65      91       1
   65     340       1
   65     379       1
   65     381       1
   66     234       1
   66     300       1
   67     329       1
   68      86       1
   69      77       1
   69     100       1
   69     381       1
   70      72       1
   70      82       1
   71     140       1
   71     143       1
   71     163       1
   71     202       1
   72     129       1
   72     228       1
   73     112       1
   73     113       1
   73     155       1
   73     196       1
   73     386       1
   73     389       1
   74     120       1
   74     241       1
   74     333       1
   75     201       1
   76     122       1
   76     199       1
   76     400       1
   77     215       1
   78     115       1
   78     376       1
   79     123       1
   79     129       1
   79     148       1
   79     378       1
   80     150       1
   81     255       1
   82     169       1
   83     249       1
   84     199       1
   86     230       1
   87     176       1
   88     149       1
   88     334       1
   89     140       1
   89     141       1
   89     237       1
   90     184       1
   90     224       1
   91     144       1
   92     184       1
   93     182       1
   94     177       1
   94     190       1
   94     255       1
   94     335       1
   95     133       1
   96     162       1
   96     185       1
   96     271       1
   97     172       1
   97     187       1
   98     119       1
   98     277       1
   98     282       1
   99     265       1
  100     264       1
  100     371       1
  100     385       1
  100     393       1
  102     287       1
  102     300       1
  103     334       1
  103     344       1
  103     346       1
  104     260       1
  104     289       1
  104     342       1
  104     382       1
  105     201       1
  105     390       1
  106     294       1
  107     216       1
  108     320       1
  109     332       1
  110     255       1
  111     225       1
  112     126       1
  112     169       1
  112     187       1
  112     218       1
  112     249       1
  112     317       1
  112     355       1
  113     154       1
  114     339       1
  115     292       1
  115     305       1
  116     131       1
  117     269       1
  118     193       1
  118     309       1
  118     386       1
  119     330       1
  119     337       1
  121     239       1
  121     341       1
  122     180       1
  122     251       1
  123     186       1
  124     394       1
  125     300       1
  126     197       1
  127     161       1
  127     178       1
  127     199       1
  128     320       1
  130     241       1
  130     262       1
  130     317       1
  131     165       1
  131     190       1
  131     254       1
  131     327       1
  132     288       1
  133     178       1
  134     286       1
  135     181       1
  136     158       1
  136     233       1
  136     241       1
  136     264       1
  136     265       1
  137     382       1
  138     233       1
  138     237       1
  138     257       1
  139     187       1
  140     191       1
  140     226       1
  140     296       1
  140     333       1
  142     168       1
  144     212       1
  145     147       1
  145     303       1
  146     150       1
  148     198       1
  148     247       1
  150     276       1
  151     200       1
  152     362       1
  153     379       1
  155     159       1
  155     213       1
  155     316       1
  155     368       1
  157     278       1
  158     178       1
  160     175       1
  161     299       1
  162     325       1
  163     303       1
  164     229       1
  164     261       1
  164     390       1
  165     296       1
  166     316       1
  167     246       1
  167     285       1
  169     308       1
  170     355       1
  170     357       1
  170     367       1
  171     301       1
  172     182       1
  172     209       1
  172     238       1
  172     332       1
  172     395       1
  172     398       1
  173     283       1
  173     306       1
  173     349       1
  174     233       1
  175     239       1
  176     209       1
  176     223       1
  176     328       1
  177     242       1
  177     359       1
  177     364       1
  178     229       1
  178     267       1
  178     373       1
  179     384       1
  180     259       1
  181     224       1
  181     236       1
  182     185       1
  182     272       1
  183     299       1
  184     241       1
  185     214       1
  185     216       1
  185     221       1
  185     319       1
  185     379       1
  185     393       1
  188     198       1
  188     371       1
  189     385       1
  190     380       1
  191     294       1
  192     336       1
  192     391       1
  193     287       1
  194     360       1
  195     398       1
  196     350       1
  196     351       1
  200     348       1
  201     204       1
  203     213       1
  204     384       1
  206     321       1
  207     352       1
  208     308       1
  208     381       1
  209     263       1
  209     313       1
  210     243       1
  210     333       1
  211     396       1
  212     314       1
  215     259       1
  217     242       1
  217     364       1
  219     273       1
  221     268       1
  221     392       1
  223     231       1
  223     279       1
  224     256       1
  224     264       1
  224     312       1
  224     342       1
  226     250       1
  226     293       1
  226     326       1
  227     340       1
  229     255       1
  229     359       1
  229     381       1
  230     335       1
  230     342       1
  230     351       1
  232     250       1
  234     386       1
  235     309       1
  237     318       1
  239     286       1
  240     385       1
  242     353       1
  245     296       1
  246     288       1
  246     365       1
  246     374       1
  247     265       1
  247     289       1
  248     310       1
  251     301       1
  252     376       1
  253     284       1
  253     318       1
  255     259       1
  257     337       1
  258     366       1
  259     320       1
  259     383       1
  260     363       1
  264     372       1
  265     342       1
  266     276       1
  267     280       1
  269     393       1
  270     386       1
  271     272       1
  272     396       1
  273     315       1
  273     393       1
  274     294       1
  274     339       1
  275     290       1
  278     287       1
  279     350       1
  281     358       1
  283     394       1
  284     344       1
  285     366       1
  288     320       1
  288     322       1
  289     387       1
  290     306       1
  293     310       1
  293     370       1
  296     303       1
  296     338       1
  296     386       1
  296     388       1
  297     303       1
  297     360       1
  301     333       1
  302     348       1
  303     324       1
  303     382       1
  306     342       1
  306     393       1
  307     393       1
  309     391       1
  311     316       1
  316     355       1
  318     322       1
  320     337       1
  321     393       1
  323     360       1
  325     375       1
  327     398       1
  328     344       1
  330     392       1
  331     378       1
  332     367       1
  335     397       1
  342     352       1
  345     392       1
  347     357       1
  348     377       1
  354     386       1
  355     398       1
  356     388       1
  357     358       1
  357     385       1
  358     378       1
  366     375       1
  374     385       1
  377     394       1
  386     389       1
  386     393       1
  386     396       1
  386     399       1
