  500     602
    1     208       1
    2      29       1
    2     137       1
    2     250       1
    2     413       1
    2     485       1
    3     337       1
    4      93       1
    5     117       1
    6      20       1
    6      96       1
    6     176       1
    7     323       1
    7     343       1
    7     462       1
    8      35       1
    8     108       1
    8     237       1
    8     268       1
    8     370       1
    8     427       1
    8     488       1
    9      55       1
    9     222       1
    9     242       1
   10     327       1
   11     152       1
   11     166       1
   11     304       1
   11     366       1
   11     450       1
   12     417       1
   13     185       1
   13     442       1
   14     247       1
   14     456       1
   15      86       1
   15     261       1
   16     288       1
   17      37       1
   18      46       1
   18     351       1
   19      81       1
   19     107       1
   19     341       1
   19     363       1
   20     157       1
   20     348       1
   20     475       1
   21     155       1
   22     192       1
   22     339       1
   22     473       1
   23     183       1
   24     113       1
   24     120       1
   25     317       1
   25     399       1
   26      91       1
   27      46       1
   27     321       1
   28     347       1
   29     353       1
   29     361       1
   29     492       1
   30     340       1
   31     483       1
   32     294       1
   33      42       1
   33     115       1
   33     433       1
   33     498       1
   34      53       1
   34      88       1
   34     117       1
   34     213       1
   34     223       1
   34     361       1
   34     369       1
   36     220       1
   36     404       1
   36     431       1
   37     140       1
   38     248       1
   38     341       1
   39      82       1
   39     145       1
   39     300       1
   39     302       1
   39     433       1
   40     135       1
   40     184       1
   41      59       1
   41      81       1
   41      82       1
   41      87       1
   41     148       1
   41     356       1
   42     494       1
   43      73       1
   43     105       1
   43     183       1
   44      64       1
   45      70       1
   46     119       1
   46     463       1
   47     318       1
   48     435       1
   49     340       1
   50     357       1
   50     382       1
   51     445       1
   51     497       1
   52      96       1
   52     160       1
   53     114       1
   53     476       1
   54     364       1
   55     268       1
   56     144       1
   56     302       1
   57     124       1
   57     136       1
   57     299       1
   57     440       1
   58      65       1
   59     106       1
   59     179       1
   59     330       1
   59     371       1
   59     472       1
   60     351       1
   60     482       1
   61     118       1
   61     120       1
   61     204       1
   61     490       1
   62     168       1
   62     266       1
   63      96       1
   63     105       1
   63     238       1
   63     284       1
   63     356       1
   63     358       1
   63     408       1
   63     466       1
   64     125       1
   64     327       1
   64     466       1
   65      77       1
   66      87       1
   66     232       1
   67     112       1
   68     264       1
   69      70       1
   69     298       1
   69     409       1
   71      81       1
   71     222       1
   71     283       1
   72     327       1
   72     421       1
   74     302       1
   75     166       1
   75     423       1
   75     484       1
   76     130       1
   76     171       1
   76     330       1
   77     295       1
   77     408       1
   78     212       1
   78     239       1
   79     418       1
   80      90       1
   80     226       1
   81     124       1
   81     152       1
   81     189       1
   82     178       1
   82     345       1
   82     381       1
   82     454       1
   83     180       1
   84     216       1
   84     281       1
   85     272       1
   86     100       1
   86     322       1
   87     151       1
   87     456       1
   88     369       1
   88     476       1
   89     112       1
   90     360       1
   91     162       1
   91     297       1
   91     454       1
   92     410       1
   92     416       1
   93     121       1
   93     289       1
   94     294       1
   94     307       1
   94     311       1
   94     382       1
   95     199       1
   95     372       1
   96     138       1
   96     221       1
   97     153       1
   98     246       1
   98     404       1
   99     167       1
   99     174       1
   99     330       1
   99     483       1
   99     487       1
  100     290       1
  100     385       1
  101     234       1
  101     281       1
  102     344       1
  103     138       1
  103     495       1
  104     392       1
  105     175       1
  105     269       1
  105     335       1
  105     408       1
  106     279       1
  107     440       1
  108     456       1
  108     473       1
  109     270       1
  110     129       1
  110     469       1
  111     392       1
  112     402       1
  114     224       1
  114     486       1
  114     489       1
  115     327       1
  115     343       1
  116     451       1
  116     496       1
  117     233       1
  118     350       1
  119     212       1
  120     293       1
  121     450       1
  122     246       1
  123     235       1
  124     265       1
  124     423       1
  126     193       1
  127     250       1
  128     135       1
  128     358       1
  128     441       1
  129     315       1
  129     336       1
  129     379       1
  129     412       1
  130     257       1
  131     289       1
  131     458       1
  132     263       1
  132     389       1
  133     460       1
  134     321       1
  134     324       1
  135     219       1
  136     227       1
  139     293       1
  140     268       1
  140     426       1
  141     240       1
  142     143       1
  142     218       1
  142     439       1
  143     278       1
  144     185       1
  144     411       1
  144     483       1
  145     374       1
  146     230       1
  146     329       1
  146     372       1
  147     264       1
  147     373       1
  149     433       1
  150     267       1
  150     398       1
  151     193       1
  151     374       1
  153     366       1
  154     319       1
  154     356       1
  154     404       1
  154     443       1
  155     238       1
  155     346       1
  156     418       1
  156     470       1
  158     443       1
  159     223       1
  160     257       1
  160     390       1
  161     481       1
  162     276       1
  163     229       1
  163     343       1
  164     310       1
  164     338       1
  164     459       1
  165     376       1
  166     169       1
  166     173       1
  166     343       1
  166     364       1
  166     463       1
  167     206       1
  167     339       1
  167     435       1
  167     474       1
  170     172       1
  170     217       1
  170     311       1
  171     297       1
  171     419       1
  172     468       1
  175     377       1
  176     264       1
  176     274       1
  176     412       1
  176     481       1
  177     305       1
  177     384       1
  180     340       1
  180     480       1
  181     286       1
  181     312       1
  182     220       1
  182     280       1
  182     303       1
  182     340       1
  182     390       1
  182     401       1
  183     207       1
  183     293       1
  183     435       1
  185     401       1
  186     194       1
  186     209       1
  186     236       1
  187     281       1
  187     292       1
  187     301       1
  187     308       1
  187     497       1
  188     389       1
  189     208       1
  189     394       1
  190     230       1
  191     481       1
  192     420       1
  193     463       1
  193     493       1
  195     249       1
  196     200       1
  196     208       1
  196     227       1
  197     312       1
  198     277       1
  198     447       1
  198     456       1
  199     404       1
  199     445       1
  201     344       1
  201     454       1
  202     274       1
  202     347       1
  202     360       1
  203     265       1
  204     213       1
  205     460       1
  206     222       1
  206     271       1
  210     318       1
  210     495       1
  211     297       1
  211     457       1
  212     496       1
  213     282       1
  213     464       1
  214     262       1
  214     417       1
  215     220       1
  215     337       1
  215     352       1
  215     483       1
  217     399       1
  222     444       1
  223     482       1
  224     362       1
  224     373       1
  225     228       1
  225     326       1
  225     443       1
  226     291       1
  226     403       1
  228     431       1
  228     489       1
  230     245       1
  230     349       1
  230     355       1
  230     439       1
  230     475       1
  231     303       1
  232     387       1
  235     277       1
  236     287       1
  236     312       1
  236     383       1
  237     409       1
  238     270       1
  239     429       1
  240     474       1
  241     267       1
  242     397       1
  243     441       1
  244     254       1
  246     270       1
  246     328       1
  249     348       1
  249     426       1
  249     477       1
  250     268       1
  250     312       1
  250     382       1
  250     413       1
  251     495       1
  252     496       1
  253     304       1
  253     329       1
  254     330       1
  254     460       1
  255     277       1
  256     446       1
  258     468       1
  259     277       1
  260     402       1
  260     427       1
  261     275       1
  261     311       1
  261     425       1
  262     356       1
  266     318       1
  266     381       1
  266     449       1
  267     288       1
  267     481       1
  268     299       1
  268     317       1
  268     404       1
  268     451       1
  270     437       1
  271     350       1
  272     433       1
  273     491       1
  274     354       1
  276     478       1
  276     479       1
  276     495       1
  277     454       1
  282     332       1
  282     383       1
  282     438       1
  285     473       1
  286     295       1
  286     367       1
  286     398       1
  287     326       1
  288     456       1
  289     461       1
  289     474       1
  291     327       1
  293     486       1
  294     399       1
  295     474       1
  295     499       1
  296     352       1
  302     317       1
  302     410       1
  302     495       1
  305     446       1
  306     404       1
  306     424       1
  307     323       1
  309     388       1
  310     392       1
  310     404       1
  311     359       1
  311     429       1
  313     485       1
  314     391       1
  314     396       1
  315     481       1
  316     372       1
  316     401       1
  317     458       1
  318     356       1
  318     374       1
  318     448       1
  318     488       1
  320     341       1
  320     491       1
  321     458       1
  322     443       1
  323     467       1
  324     334       1
  324     413       1
  325     384       1
  325     407       1
  326     363       1
  327     347       1
  327     379       1
  327     389       1
  327     427       1
  331     439       1
  333     384       1
  333     426       1
  336     432       1
  337     393       1
  337     395       1
  337     476       1
  340     436       1
  340     438       1
  340     471       1
  340     491       1
  341     440       1
  342     491       1
  342     498       1
  343     469       1
  347     463       1
  349     356       1
  351     471       1
  354     450       1
  355     450       1
  358     368       1
  362     415       1
  362     428       1
  363     394       1
  365     443       1
  368     415       1
  370     393       1
  371     418       1
  374     408       1
  375     378       1
  376     461       1
  376     474       1
  378     454       1
  380     486       1
  381     433       1
  382     406       1
  384     410       1
  386     404       1
  386     405       1
  387     416       1
  388     483       1
  389     447       1
  389     452       1
  390     417       1
  396     435       1
  400     498       1
  403     431       1
  404     457       1
  404     482       1
  413     431       1
  414     434       1
  414     455       1
  417     499       1
  420     434       1
  422     472       1
  423     484       1
  427     468       1
  430     473       1
  431     454       1
  432     487       1
  434     436       1
  435     473       1
  439     453       1
  441     478       1
  444     457       1
  451     470       1
  454     497       1
  455     463       1
  465     488       1
  473     476       1
  475     500       1
