  800     929
    1     283       1
    1     506       1
    2     557       1
    3     575       1
    3     731       1
    4     176       1
    4     729       1
    4     757       1
    5     299       1
    5     461       1
    6      40       1
    7      63       1
    7     792       1
    8     298       1
    9     258       1
   10      28       1
   10     289       1
   11     377       1
   12     377       1
   12     551       1
   13      60       1
   14     120       1
   14     216       1
   15      44       1
   15      50       1
   15     247       1
   15     275       1
   15     324       1
   15     637       1
   15     683       1
   16     161       1
   16     165       1
   17     341       1
   17     681       1
   18     201       1
   19     505       1
   20     669       1
   21     361       1
   21     438       1
   22     118       1
   22     299       1
   22     304       1
   23      74       1
   23     177       1
   23     246       1
   23     685       1
   24     630       1
   25     173       1
   25     563       1
   25     730       1
   26     380       1
   26     555       1
   27     440       1
   27     520       1
   27     690       1
   28     149       1
   29      58       1
   29     754       1
   30     248       1
   30     408       1
   30     632       1
   31     635       1
   32     720       1
   33     524       1
   34     138       1
   35     300       1
   35     583       1
   36     474       1
   36     737       1
   37     192       1
   37     492       1
   38      81       1
   38     469       1
   38     589       1
   39     292       1
   39     366       1
   40     177       1
   40     181       1
   40     193       1
   40     403       1
   41     450       1
   41     570       1
   41     718       1
   42     398       1
   42     432       1
   43     476       1
   43     768       1
   45     243       1
   46     121       1
   46     652       1
   47     514       1
   48     629       1
   49     268       1
   49     388       1
   49     453       1
   50     444       1
   50     704       1
   51     234       1
   51     604       1
   52     426       1
   53     259       1
   54     799       1
   55     244       1
   56     325       1
   56     342       1
   57     443       1
   58      81       1
   58     115       1
   58     487       1
   59     167       1
   59     588       1
   60     138       1
   60     317       1
   61     234       1
   62     136       1
   62     321       1
   63     395       1
   64     507       1
   65     408       1
   65     524       1
   65     752       1
   66     260       1
   66     452       1
   67     776       1
   68     483       1
   69     219       1
   69     280       1
   69     496       1
   70     119       1
   70     339       1
   70     341       1
   70     734       1
   71     193       1
   71     491       1
   72     158       1
   72     207       1
   73     276       1
   74     462       1
   74     655       1
   75     312       1
   75     703       1
   76     502       1
   76     541       1
   77      99       1
   77     182       1
   77     313       1
   77     617       1
   78     306       1
   79     151       1
   79     281       1
   79     375       1
   79     378       1
   80     179       1
   80     232       1
   80     257       1
   80     646       1
   81     255       1
   81     454       1
   81     506       1
   81     720       1
   82     706       1
   82     777       1
   83     448       1
   83     604       1
   84     209       1
   84     217       1
   85     622       1
   86     209       1
   86     236       1
   86     544       1
   86     658       1
   87     459       1
   88     521       1
   88     628       1
   88     657       1
   89     152       1
   89     370       1
   89     481       1
   90     163       1
   91     198       1
   91     606       1
   91     699       1
   92     110       1
   92     587       1
   92     735       1
   93     591       1
   94     186       1
   94     535       1
   94     770       1
   95     236       1
   96     376       1
   96     431       1
   96     482       1
   97     608       1
   97     688       1
   97     709       1
   98     450       1
   99     105       1
   99     260       1
   99     383       1
  100     463       1
  100     782       1
  101     365       1
  101     448       1
  102     195       1
  103     348       1
  103     401       1
  104     419       1
  106     178       1
  106     429       1
  106     500       1
  106     536       1
  107     229       1
  108     451       1
  108     513       1
  109     429       1
  109     525       1
  109     612       1
  110     587       1
  111     611       1
  112     122       1
  113     709       1
  114     573       1
  115     116       1
  115     554       1
  116     477       1
  116     496       1
  117     158       1
  117     570       1
  119     396       1
  119     408       1
  119     450       1
  119     457       1
  120     129       1
  120     164       1
  121     395       1
  122     315       1
  123     387       1
  123     452       1
  123     675       1
  124     494       1
  124     587       1
  124     753       1
  125     232       1
  125     526       1
  125     645       1
  125     648       1
  125     706       1
  126     420       1
  127     504       1
  127     514       1
  127     516       1
  128     161       1
  129     786       1
  130     796       1
  131     243       1
  131     535       1
  132     321       1
  132     786       1
  133     734       1
  134     612       1
  135     204       1
  135     380       1
  135     708       1
  135     746       1
  136     199       1
  136     252       1
  136     338       1
  137     230       1
  137     349       1
  137     697       1
  138     275       1
  138     565       1
  138     590       1
  139     421       1
  140     466       1
  141     536       1
  141     564       1
  142     428       1
  143     301       1
  144     381       1
  145     194       1
  145     360       1
  145     506       1
  146     333       1
  147     219       1
  147     303       1
  148     288       1
  148     298       1
  149     543       1
  150     552       1
  151     275       1
  151     439       1
  151     519       1
  152     442       1
  152     531       1
  152     725       1
  152     780       1
  153     736       1
  154     158       1
  154     601       1
  154     702       1
  154     717       1
  155     361       1
  156     265       1
  156     724       1
  157     644       1
  158     329       1
  158     657       1
  158     727       1
  159     465       1
  160     309       1
  160     767       1
  161     185       1
  161     419       1
  161     537       1
  161     546       1
  161     629       1
  161     671       1
  161     679       1
  162     420       1
  162     664       1
  163     374       1
  163     586       1
  164     281       1
  165     235       1
  166     432       1
  167     598       1
  168     184       1
  168     296       1
  168     451       1
  169     556       1
  169     579       1
  170     344       1
  171     707       1
  172     491       1
  172     780       1
  174     385       1
  174     533       1
  174     548       1
  175     275       1
  175     683       1
  176     363       1
  176     366       1
  177     217       1
  177     292       1
  177     389       1
  177     530       1
  178     502       1
  178     558       1
  178     670       1
  180     565       1
  181     310       1
  183     333       1
  183     502       1
  183     618       1
  184     339       1
  184     376       1
  184     470       1
  184     483       1
  184     527       1
  184     624       1
  184     713       1
  184     721       1
  185     411       1
  186     454       1
  187     208       1
  188     191       1
  188     311       1
  188     534       1
  188     655       1
  189     608       1
  190     315       1
  190     362       1
  190     544       1
  191     330       1
  194     270       1
  194     287       1
  194     742       1
  195     439       1
  195     452       1
  195     653       1
  196     391       1
  196     625       1
  197     646       1
  199     234       1
  199     329       1
  199     410       1
  199     506       1
  199     514       1
  200     468       1
  201     700       1
  202     344       1
  203     264       1
  203     676       1
  203     727       1
  203     753       1
  204     277       1
  204     638       1
  204     735       1
  204     765       1
  205     488       1
  206     311       1
  206     698       1
  206     733       1
  207     759       1
  208     450       1
  209     580       1
  210     505       1
  210     602       1
  211     291       1
  211     509       1
  212     498       1
  212     737       1
  213     466       1
  214     285       1
  214     616       1
  215     584       1
  215     657       1
  216     355       1
  216     395       1
  218     389       1
  219     380       1
  219     725       1
  220     586       1
  221     307       1
  221     458       1
  221     714       1
  222     239       1
  223     720       1
  224     238       1
  224     306       1
  224     760       1
  225     676       1
  226     668       1
  227     653       1
  228     706       1
  229     290       1
  229     376       1
  229     400       1
  229     695       1
  230     344       1
  231     586       1
  232     244       1
  232     397       1
  232     783       1
  233     679       1
  233     776       1
  234     331       1
  235     327       1
  235     674       1
  235     737       1
  237     413       1
  237     427       1
  237     465       1
  239     524       1
  239     633       1
  240     245       1
  240     584       1
  240     760       1
  241     654       1
  241     663       1
  242     386       1
  242     606       1
  242     765       1
  243     346       1
  243     441       1
  245     470       1
  247     525       1
  248     286       1
  249     461       1
  250     425       1
  251     659       1
  253     365       1
  253     544       1
  253     784       1
  254     425       1
  254     717       1
  255     322       1
  255     736       1
  256     431       1
  257     627       1
  258     329       1
  258     478       1
  258     484       1
  259     799       1
  260     407       1
  260     781       1
  261     556       1
  261     584       1
  261     669       1
  261     800       1
  262     442       1
  263     603       1
  266     591       1
  267     768       1
  268     277       1
  268     354       1
  269     293       1
  269     780       1
  270     465       1
  271     417       1
  272     427       1
  272     794       1
  273     655       1
  274     421       1
  275     329       1
  275     356       1
  275     427       1
  275     486       1
  275     708       1
  276     608       1
  278     356       1
  278     582       1
  279     352       1
  279     758       1
  280     496       1
  281     321       1
  281     499       1
  282     718       1
  284     476       1
  285     612       1
  286     405       1
  286     460       1
  288     372       1
  288     623       1
  289     505       1
  292     323       1
  292     496       1
  294     416       1
  295     300       1
  295     379       1
  297     514       1
  298     556       1
  298     560       1
  298     655       1
  298     696       1
  300     762       1
  300     795       1
  301     324       1
  302     740       1
  304     423       1
  304     595       1
  304     677       1
  304     736       1
  305     382       1
  308     522       1
  308     624       1
  309     447       1
  309     780       1
  310     656       1
  312     681       1
  312     772       1
  313     514       1
  313     556       1
  313     559       1
  313     594       1
  314     572       1
  314     642       1
  314     713       1
  316     420       1
  318     738       1
  319     440       1
  319     501       1
  319     506       1
  320     353       1
  320     571       1
  320     775       1
  321     739       1
  322     366       1
  322     720       1
  323     706       1
  324     428       1
  325     514       1
  326     517       1
  327     527       1
  328     638       1
  329     355       1
  329     679       1
  329     768       1
  330     681       1
  331     508       1
  332     535       1
  334     409       1
  335     364       1
  335     371       1
  335     721       1
  336     637       1
  336     721       1
  337     579       1
  337     598       1
  337     686       1
  338     562       1
  340     732       1
  341     510       1
  342     477       1
  343     499       1
  343     530       1
  343     763       1
  344     506       1
  345     559       1
  346     347       1
  346     486       1
  346     692       1
  347     456       1
  348     721       1
  350     506       1
  350     699       1
  351     622       1
  351     710       1
  352     644       1
  353     702       1
  354     483       1
  354     586       1
  355     505       1
  355     543       1
  355     553       1
  356     424       1
  356     635       1
  356     779       1
  357     444       1
  358     569       1
  358     591       1
  358     725       1
  359     607       1
  361     535       1
  363     785       1
  365     670       1
  367     786       1
  368     428       1
  368     780       1
  369     499       1
  372     399       1
  373     382       1
  373     398       1
  373     482       1
  376     479       1
  377     619       1
  377     663       1
  379     421       1
  379     575       1
  379     701       1
  381     392       1
  381     780       1
  383     528       1
  384     711       1
  386     569       1
  388     617       1
  390     432       1
  390     641       1
  393     524       1
  394     637       1
  395     410       1
  395     411       1
  395     564       1
  395     764       1
  401     796       1
  402     655       1
  404     410       1
  406     529       1
  407     588       1
  407     679       1
  408     566       1
  408     576       1
  408     606       1
  408     657       1
  409     509       1
  410     745       1
  411     636       1
  412     637       1
  414     681       1
  415     631       1
  416     443       1
  416     483       1
  416     577       1
  416     650       1
  416     694       1
  417     586       1
  418     611       1
  420     692       1
  421     672       1
  422     555       1
  425     769       1
  426     589       1
  426     635       1
  428     617       1
  429     626       1
  430     576       1
  432     558       1
  432     664       1
  432     778       1
  433     653       1
  434     511       1
  434     625       1
  435     604       1
  436     544       1
  436     743       1
  437     489       1
  437     664       1
  437     687       1
  437     788       1
  438     567       1
  439     649       1
  439     748       1
  442     682       1
  442     706       1
  443     597       1
  444     723       1
  445     796       1
  446     653       1
  447     515       1
  448     749       1
  449     727       1
  451     463       1
  451     669       1
  451     732       1
  452     487       1
  453     650       1
  455     553       1
  456     607       1
  458     501       1
  459     603       1
  460     556       1
  461     612       1
  463     490       1
  463     700       1
  464     590       1
  464     640       1
  465     665       1
  466     617       1
  467     694       1
  468     512       1
  468     741       1
  469     504       1
  469     556       1
  471     487       1
  472     628       1
  472     645       1
  473     479       1
  473     564       1
  473     646       1
  473     661       1
  474     586       1
  475     623       1
  476     686       1
  477     683       1
  478     610       1
  479     799       1
  480     600       1
  482     657       1
  483     611       1
  483     679       1
  484     666       1
  485     655       1
  486     517       1
  486     535       1
  486     786       1
  488     622       1
  488     657       1
  489     795       1
  491     582       1
  492     763       1
  493     557       1
  493     632       1
  494     639       1
  495     617       1
  495     620       1
  496     581       1
  497     655       1
  501     561       1
  501     592       1
  503     657       1
  503     741       1
  505     794       1
  506     530       1
  506     619       1
  506     796       1
  507     637       1
  509     550       1
  509     680       1
  510     738       1
  511     792       1
  512     606       1
  513     684       1
  514     545       1
  514     573       1
  514     761       1
  514     773       1
  515     742       1
  516     688       1
  518     779       1
  520     633       1
  523     524       1
  523     703       1
  524     670       1
  524     714       1
  527     789       1
  529     681       1
  532     676       1
  533     635       1
  533     795       1
  536     665       1
  538     602       1
  539     655       1
  539     660       1
  540     548       1
  541     547       1
  542     674       1
  542     721       1
  544     550       1
  544     552       1
  544     556       1
  545     777       1
  546     759       1
  549     561       1
  550     792       1
  551     723       1
  552     647       1
  552     673       1
  553     715       1
  553     774       1
  554     568       1
  556     681       1
  557     619       1
  558     631       1
  558     780       1
  559     635       1
  562     669       1
  562     791       1
  564     576       1
  565     607       1
  566     625       1
  569     751       1
  573     613       1
  574     614       1
  574     649       1
  576     755       1
  578     737       1
  579     599       1
  579     660       1
  583     605       1
  583     619       1
  583     678       1
  584     652       1
  585     671       1
  590     621       1
  593     600       1
  593     736       1
  596     690       1
  596     780       1
  599     704       1
  600     617       1
  603     780       1
  605     702       1
  605     785       1
  607     672       1
  607     787       1
  608     655       1
  608     742       1
  609     720       1
  610     665       1
  611     612       1
  611     651       1
  612     744       1
  613     772       1
  615     684       1
  615     725       1
  616     636       1
  622     677       1
  623     655       1
  627     646       1
  627     676       1
  630     683       1
  631     668       1
  633     724       1
  633     768       1
  634     647       1
  635     728       1
  635     731       1
  636     782       1
  637     707       1
  637     710       1
  639     706       1
  639     757       1
  640     678       1
  641     748       1
  642     646       1
  642     771       1
  643     655       1
  643     747       1
  643     752       1
  644     755       1
  647     691       1
  647     758       1
  650     780       1
  651     726       1
  655     675       1
  655     692       1
  657     790       1
  659     739       1
  661     693       1
  662     725       1
  667     796       1
  675     694       1
  677     789       1
  689     796       1
  697     716       1
  699     746       1
  701     720       1
  701     737       1
  705     759       1
  706     736       1
  711     719       1
  711     745       1
  712     740       1
  712     773       1
  720     730       1
  721     758       1
  721     760       1
  722     763       1
  723     793       1
  728     756       1
  741     746       1
  750     782       1
  766     786       1
  767     797       1
  774     798       1
  777     800       1
  780     791       1
