  600     711
    1      29       1
    1      82       1
    1      88       1
    1     109       1
    1     183       1
    1     509       1
    1     572       1
    2      78       1
    2     379       1
    2     389       1
    3     129       1
    3     250       1
    4     506       1
    5     495       1
    6     269       1
    6     365       1
    7     455       1
    8      57       1
    8     157       1
    9      52       1
    9      75       1
    9     282       1
   10     359       1
   11     357       1
   12     134       1
   12     178       1
   12     220       1
   12     428       1
   12     490       1
   13     331       1
   13     429       1
   13     439       1
   14     200       1
   14     344       1
   15     383       1
   15     386       1
   15     427       1
   15     560       1
   16     358       1
   16     418       1
   16     434       1
   17     169       1
   17     183       1
   18      25       1
   18     238       1
   18     546       1
   19      65       1
   19     125       1
   19     133       1
   19     139       1
   19     358       1
   19     365       1
   20     164       1
   21     552       1
   22      35       1
   22     147       1
   22     367       1
   23      66       1
   23     206       1
   23     396       1
   24     336       1
   24     348       1
   24     486       1
   25     227       1
   25     284       1
   25     568       1
   26     207       1
   26     341       1
   26     382       1
   27      67       1
   27     598       1
   28     261       1
   28     321       1
   29      86       1
   29     251       1
   29     313       1
   29     322       1
   29     350       1
   29     459       1
   29     499       1
   30     417       1
   30     418       1
   31      67       1
   31     368       1
   31     411       1
   32     368       1
   33      56       1
   34     131       1
   34     445       1
   34     507       1
   35     418       1
   36     144       1
   37     233       1
   37     267       1
   37     360       1
   37     384       1
   37     426       1
   38     186       1
   38     511       1
   39     225       1
   39     317       1
   39     451       1
   39     554       1
   40     130       1
   40     273       1
   41     268       1
   41     315       1
   41     593       1
   42     146       1
   42     148       1
   42     508       1
   42     514       1
   43     555       1
   44     418       1
   45      61       1
   45     106       1
   46      72       1
   47     110       1
   48     165       1
   48     310       1
   48     477       1
   48     537       1
   48     597       1
   49     537       1
   50     435       1
   50     450       1
   50     534       1
   50     558       1
   51      75       1
   51      80       1
   51     595       1
   52     592       1
   53     294       1
   53     439       1
   54      76       1
   54     271       1
   54     276       1
   54     592       1
   55     111       1
   55     517       1
   56      77       1
   57     159       1
   57     411       1
   58      89       1
   58     349       1
   58     503       1
   59     252       1
   59     419       1
   59     563       1
   60     124       1
   60     464       1
   62     498       1
   63     109       1
   64      74       1
   64     188       1
   64     288       1
   64     404       1
   65      79       1
   65     268       1
   65     295       1
   65     310       1
   65     401       1
   65     585       1
   66     277       1
   66     391       1
   66     433       1
   67     333       1
   68     120       1
   68     356       1
   68     537       1
   69     238       1
   70     193       1
   70     349       1
   70     473       1
   71     341       1
   72     323       1
   72     459       1
   72     480       1
   72     493       1
   72     497       1
   72     556       1
   73     510       1
   75     230       1
   75     231       1
   75     494       1
   76     149       1
   76     153       1
   76     492       1
   77     155       1
   77     168       1
   77     510       1
   79     181       1
   80     166       1
   80     338       1
   80     433       1
   81     279       1
   81     494       1
   82     210       1
   82     220       1
   82     524       1
   83     367       1
   83     420       1
   84     268       1
   84     385       1
   84     420       1
   85     539       1
   85     543       1
   87     270       1
   89     121       1
   89     292       1
   90     172       1
   91     436       1
   92     130       1
   92     176       1
   92     593       1
   93     575       1
   94     323       1
   95     245       1
   95     335       1
   95     416       1
   95     562       1
   96     156       1
   96     228       1
   97     334       1
   98     325       1
   99     229       1
   99     248       1
   99     383       1
  100     121       1
  100     297       1
  100     499       1
  101     566       1
  102     116       1
  102     131       1
  102     168       1
  102     529       1
  103     156       1
  103     175       1
  103     351       1
  103     491       1
  104     164       1
  105     217       1
  105     226       1
  105     538       1
  106     222       1
  106     357       1
  106     556       1
  107     339       1
  108     444       1
  108     455       1
  109     129       1
  109     596       1
  110     276       1
  110     363       1
  112     420       1
  112     555       1
  113     552       1
  114     254       1
  115     183       1
  115     376       1
  117     177       1
  117     346       1
  117     564       1
  118     344       1
  119     380       1
  120     386       1
  122     342       1
  122     386       1
  122     578       1
  123     447       1
  123     459       1
  123     507       1
  125     495       1
  126     199       1
  126     287       1
  126     425       1
  127     209       1
  127     254       1
  127     322       1
  127     330       1
  127     441       1
  128     271       1
  128     366       1
  129     195       1
  129     531       1
  130     268       1
  130     461       1
  130     512       1
  130     547       1
  132     459       1
  134     166       1
  134     366       1
  134     523       1
  134     587       1
  135     200       1
  135     384       1
  135     393       1
  135     425       1
  135     581       1
  136     358       1
  136     417       1
  137     466       1
  138     240       1
  139     316       1
  139     352       1
  139     421       1
  140     272       1
  140     426       1
  141     497       1
  142     507       1
  143     199       1
  143     268       1
  143     460       1
  144     267       1
  145     413       1
  145     498       1
  146     448       1
  147     198       1
  147     218       1
  147     362       1
  150     324       1
  151     156       1
  151     501       1
  152     319       1
  152     396       1
  152     481       1
  152     582       1
  154     271       1
  156     265       1
  156     376       1
  157     304       1
  158     399       1
  158     500       1
  158     598       1
  160     243       1
  160     258       1
  160     412       1
  160     478       1
  160     586       1
  161     296       1
  161     384       1
  161     522       1
  162     324       1
  162     503       1
  163     172       1
  163     382       1
  163     543       1
  164     311       1
  165     423       1
  166     268       1
  166     337       1
  167     506       1
  167     516       1
  167     576       1
  168     249       1
  168     520       1
  168     556       1
  169     344       1
  169     397       1
  170     426       1
  170     429       1
  171     410       1
  171     414       1
  172     491       1
  173     548       1
  173     556       1
  174     184       1
  174     570       1
  177     221       1
  179     308       1
  179     427       1
  179     446       1
  179     496       1
  180     379       1
  182     359       1
  182     388       1
  183     234       1
  183     414       1
  183     472       1
  185     197       1
  185     282       1
  186     472       1
  186     507       1
  187     216       1
  187     270       1
  187     325       1
  187     373       1
  187     400       1
  188     566       1
  189     200       1
  189     575       1
  190     382       1
  191     289       1
  191     377       1
  192     205       1
  192     278       1
  192     314       1
  192     384       1
  194     288       1
  195     494       1
  196     236       1
  196     547       1
  198     594       1
  200     354       1
  200     502       1
  201     370       1
  201     409       1
  201     463       1
  202     368       1
  203     297       1
  204     506       1
  205     224       1
  205     441       1
  206     299       1
  207     236       1
  207     403       1
  208     334       1
  209     333       1
  209     367       1
  210     438       1
  211     250       1
  212     482       1
  213     357       1
  213     396       1
  214     568       1
  215     516       1
  217     290       1
  218     445       1
  219     397       1
  220     516       1
  223     310       1
  226     320       1
  226     577       1
  226     594       1
  227     345       1
  227     397       1
  227     450       1
  227     536       1
  227     554       1
  229     503       1
  231     569       1
  232     353       1
  232     594       1
  233     596       1
  234     477       1
  235     261       1
  235     368       1
  235     437       1
  237     425       1
  238     430       1
  239     527       1
  240     485       1
  240     598       1
  241     264       1
  241     295       1
  241     430       1
  241     436       1
  241     521       1
  242     334       1
  242     547       1
  243     370       1
  243     526       1
  244     276       1
  244     360       1
  246     550       1
  246     591       1
  247     351       1
  248     270       1
  248     286       1
  250     304       1
  250     307       1
  250     407       1
  250     430       1
  250     445       1
  250     462       1
  250     470       1
  251     581       1
  252     287       1
  253     280       1
  255     599       1
  256     430       1
  257     415       1
  259     347       1
  259     600       1
  260     383       1
  260     599       1
  261     262       1
  261     402       1
  261     493       1
  262     324       1
  263     281       1
  263     439       1
  263     555       1
  264     300       1
  264     445       1
  264     531       1
  265     527       1
  265     592       1
  266     551       1
  268     287       1
  268     291       1
  268     425       1
  269     365       1
  270     442       1
  270     466       1
  270     487       1
  271     293       1
  274     320       1
  275     455       1
  276     306       1
  276     411       1
  276     479       1
  280     338       1
  280     364       1
  282     318       1
  282     425       1
  282     552       1
  283     296       1
  285     313       1
  289     305       1
  292     310       1
  292     311       1
  292     498       1
  293     330       1
  293     537       1
  294     477       1
  294     510       1
  297     551       1
  298     540       1
  300     470       1
  301     530       1
  302     385       1
  303     316       1
  305     453       1
  306     473       1
  307     467       1
  309     551       1
  310     324       1
  310     403       1
  311     360       1
  311     472       1
  312     591       1
  313     508       1
  316     541       1
  317     464       1
  317     532       1
  318     580       1
  322     371       1
  322     377       1
  323     346       1
  323     379       1
  324     553       1
  324     579       1
  325     492       1
  326     559       1
  327     381       1
  327     575       1
  328     402       1
  328     576       1
  329     360       1
  332     375       1
  332     425       1
  332     571       1
  334     372       1
  334     405       1
  334     569       1
  335     557       1
  339     536       1
  340     452       1
  340     544       1
  341     429       1
  341     548       1
  342     498       1
  343     414       1
  346     412       1
  346     472       1
  346     501       1
  346     504       1
  347     582       1
  348     487       1
  348     576       1
  351     415       1
  352     422       1
  352     538       1
  353     387       1
  353     517       1
  354     489       1
  355     507       1
  356     428       1
  356     488       1
  356     516       1
  357     454       1
  358     396       1
  358     533       1
  359     403       1
  359     556       1
  359     591       1
  359     592       1
  360     545       1
  361     592       1
  369     572       1
  371     584       1
  372     416       1
  374     520       1
  374     549       1
  378     559       1
  379     438       1
  379     442       1
  379     457       1
  380     401       1
  380     444       1
  383     443       1
  386     415       1
  386     416       1
  386     431       1
  390     441       1
  392     465       1
  393     519       1
  393     559       1
  394     566       1
  395     397       1
  396     448       1
  396     568       1
  397     566       1
  398     502       1
  401     578       1
  402     543       1
  405     542       1
  405     546       1
  406     520       1
  408     414       1
  409     537       1
  411     544       1
  412     432       1
  412     517       1
  414     532       1
  416     459       1
  416     574       1
  417     569       1
  418     449       1
  424     554       1
  425     481       1
  425     482       1
  425     493       1
  425     508       1
  429     524       1
  430     468       1
  431     558       1
  432     565       1
  433     550       1
  433     598       1
  439     544       1
  439     561       1
  440     570       1
  445     547       1
  449     499       1
  449     545       1
  450     493       1
  452     528       1
  453     566       1
  455     553       1
  455     560       1
  456     502       1
  458     493       1
  459     487       1
  459     538       1
  460     465       1
  461     496       1
  462     479       1
  466     543       1
  468     587       1
  469     589       1
  470     518       1
  471     497       1
  471     577       1
  474     483       1
  475     598       1
  476     499       1
  477     496       1
  480     484       1
  480     589       1
  480     600       1
  483     505       1
  483     506       1
  485     555       1
  486     497       1
  491     547       1
  495     515       1
  497     525       1
  498     505       1
  499     508       1
  500     567       1
  505     597       1
  506     552       1
  506     562       1
  508     530       1
  508     537       1
  512     573       1
  513     593       1
  515     542       1
  516     552       1
  517     556       1
  519     553       1
  522     540       1
  535     584       1
  537     590       1
  539     597       1
  540     588       1
  561     583       1
  570     594       1
  592     600       1
