  500     602
    1     188       1
    1     368       1
    2      88       1
    2     435       1
    2     494       1
    3     179       1
    3     486       1
    4     102       1
    4     122       1
    4     264       1
    5     190       1
    5     289       1
    5     460       1
    5     479       1
    6      91       1
    6     124       1
    6     238       1
    6     484       1
    7      70       1
    8     128       1
    8     172       1
    8     229       1
    8     481       1
    9     228       1
    9     366       1
   10      72       1
   10     186       1
   10     403       1
   10     456       1
   11     162       1
   12     421       1
   13     177       1
   14     144       1
   14     288       1
   15     430       1
   16      86       1
   17      53       1
   17      93       1
   18      50       1
   18      80       1
   18     134       1
   18     300       1
   18     337       1
   19     213       1
   19     369       1
   19     467       1
   20     396       1
   20     434       1
   21      36       1
   21     110       1
   21     308       1
   21     341       1
   21     360       1
   22     151       1
   23      79       1
   23     109       1
   23     268       1
   23     374       1
   23     423       1
   24     419       1
   24     474       1
   25     212       1
   25     362       1
   25     369       1
   26     257       1
   26     495       1
   27      62       1
   27     107       1
   27     294       1
   27     489       1
   28      40       1
   29      39       1
   29     354       1
   30     162       1
   31      86       1
   31     142       1
   31     179       1
   31     423       1
   31     437       1
   31     496       1
   32     347       1
   33     113       1
   34      41       1
   34     118       1
   35      52       1
   35      77       1
   35     447       1
   36     272       1
   36     497       1
   37     317       1
   37     423       1
   38      65       1
   38     239       1
   38     319       1
   39     103       1
   39     104       1
   40     139       1
   41     456       1
   42     251       1
   42     385       1
   42     400       1
   43     172       1
   43     237       1
   43     430       1
   44      78       1
   44     377       1
   45      63       1
   45     325       1
   45     495       1
   46     106       1
   47     262       1
   48     252       1
   49     183       1
   50     240       1
   50     265       1
   50     403       1
   51     330       1
   52     232       1
   54     245       1
   54     348       1
   55     213       1
   55     378       1
   56      94       1
   56     381       1
   56     425       1
   57     310       1
   58     160       1
   58     237       1
   58     432       1
   59     139       1
   59     420       1
   60      70       1
   61     294       1
   62     221       1
   62     414       1
   63     156       1
   64     179       1
   64     292       1
   64     315       1
   64     391       1
   66     164       1
   67     265       1
   68     400       1
   69     143       1
   69     220       1
   69     412       1
   70      90       1
   70     165       1
   70     222       1
   70     239       1
   70     286       1
   71     289       1
   72     445       1
   72     463       1
   73     217       1
   74     281       1
   75     188       1
   76     279       1
   77      88       1
   77     172       1
   77     313       1
   77     469       1
   80     473       1
   81     187       1
   81     199       1
   82     228       1
   83     191       1
   83     252       1
   83     401       1
   83     462       1
   83     496       1
   84     149       1
   84     247       1
   85     299       1
   86     353       1
   87     105       1
   87     407       1
   87     467       1
   89     134       1
   89     296       1
   89     331       1
   91     202       1
   91     241       1
   92     185       1
   92     417       1
   92     434       1
   93     128       1
   93     179       1
   93     290       1
   93     300       1
   93     317       1
   93     345       1
   93     372       1
   93     383       1
   93     395       1
   94     133       1
   94     491       1
   95     250       1
   95     310       1
   96     333       1
   96     439       1
   97     275       1
   98     147       1
   98     446       1
   99     219       1
  100     369       1
  100     491       1
  101     423       1
  102     386       1
  104     153       1
  104     186       1
  104     317       1
  104     320       1
  104     350       1
  104     359       1
  104     396       1
  104     452       1
  104     465       1
  104     471       1
  105     279       1
  106     139       1
  106     206       1
  106     235       1
  106     324       1
  107     317       1
  107     457       1
  108     180       1
  109     141       1
  110     281       1
  110     295       1
  110     395       1
  110     431       1
  111     138       1
  111     143       1
  111     192       1
  111     262       1
  111     304       1
  111     356       1
  111     455       1
  112     125       1
  112     172       1
  112     327       1
  112     461       1
  112     467       1
  113     303       1
  113     380       1
  113     458       1
  113     498       1
  114     219       1
  114     455       1
  115     167       1
  115     232       1
  115     346       1
  116     120       1
  116     241       1
  117     200       1
  117     374       1
  118     264       1
  118     445       1
  119     155       1
  119     179       1
  120     164       1
  120     203       1
  121     128       1
  121     453       1
  122     239       1
  122     276       1
  122     323       1
  122     431       1
  123     284       1
  124     193       1
  124     224       1
  125     250       1
  125     421       1
  126     209       1
  126     268       1
  126     393       1
  127     191       1
  128     175       1
  128     457       1
  129     208       1
  129     347       1
  130     234       1
  131     219       1
  131     247       1
  131     321       1
  131     468       1
  132     452       1
  134     147       1
  134     267       1
  134     301       1
  134     353       1
  134     439       1
  134     479       1
  135     139       1
  135     248       1
  136     263       1
  136     446       1
  137     281       1
  139     297       1
  139     300       1
  139     449       1
  140     236       1
  140     261       1
  140     359       1
  141     215       1
  141     293       1
  142     282       1
  143     243       1
  145     439       1
  146     152       1
  146     277       1
  147     269       1
  147     280       1
  147     454       1
  148     394       1
  148     449       1
  149     174       1
  149     378       1
  150     495       1
  151     197       1
  151     210       1
  152     298       1
  152     342       1
  153     201       1
  153     268       1
  153     270       1
  153     408       1
  154     173       1
  154     500       1
  155     476       1
  155     488       1
  157     395       1
  158     305       1
  158     431       1
  159     442       1
  160     245       1
  161     325       1
  161     491       1
  162     239       1
  162     362       1
  162     397       1
  163     444       1
  163     462       1
  164     174       1
  164     196       1
  164     281       1
  165     304       1
  165     367       1
  165     385       1
  166     448       1
  166     492       1
  167     229       1
  167     323       1
  168     482       1
  169     475       1
  170     449       1
  171     492       1
  172     179       1
  172     317       1
  173     216       1
  173     255       1
  173     328       1
  173     402       1
  174     184       1
  174     288       1
  176     352       1
  176     438       1
  176     453       1
  177     441       1
  178     297       1
  179     447       1
  180     225       1
  180     234       1
  180     279       1
  180     351       1
  180     483       1
  181     355       1
  181     457       1
  181     487       1
  182     247       1
  182     392       1
  182     438       1
  182     465       1
  182     477       1
  183     252       1
  184     410       1
  185     431       1
  187     329       1
  187     423       1
  187     434       1
  188     285       1
  188     297       1
  188     488       1
  189     213       1
  189     255       1
  189     427       1
  191     403       1
  191     412       1
  192     245       1
  194     237       1
  194     424       1
  195     216       1
  195     478       1
  196     390       1
  196     409       1
  197     281       1
  197     377       1
  197     476       1
  198     259       1
  201     277       1
  202     374       1
  203     352       1
  203     369       1
  204     336       1
  204     377       1
  205     300       1
  207     251       1
  208     231       1
  208     322       1
  208     376       1
  209     242       1
  209     351       1
  209     365       1
  210     263       1
  211     335       1
  211     426       1
  212     307       1
  213     326       1
  214     262       1
  214     373       1
  214     490       1
  215     259       1
  215     266       1
  215     445       1
  216     274       1
  216     330       1
  216     472       1
  217     311       1
  217     369       1
  218     406       1
  218     448       1
  219     252       1
  219     330       1
  219     360       1
  220     308       1
  221     282       1
  221     426       1
  222     448       1
  223     393       1
  224     456       1
  225     371       1
  226     439       1
  227     274       1
  227     387       1
  227     439       1
  228     235       1
  229     417       1
  230     267       1
  232     281       1
  233     234       1
  233     343       1
  233     425       1
  234     395       1
  234     490       1
  234     495       1
  235     246       1
  235     283       1
  235     313       1
  237     265       1
  238     349       1
  239     300       1
  239     361       1
  241     403       1
  241     416       1
  244     322       1
  244     482       1
  244     483       1
  245     334       1
  247     454       1
  249     491       1
  250     360       1
  250     436       1
  250     500       1
  251     284       1
  251     483       1
  253     342       1
  254     393       1
  255     426       1
  256     334       1
  256     339       1
  257     427       1
  258     289       1
  258     455       1
  260     497       1
  261     287       1
  261     288       1
  264     495       1
  265     278       1
  266     480       1
  268     466       1
  269     281       1
  271     358       1
  273     434       1
  275     356       1
  275     374       1
  275     449       1
  276     300       1
  277     311       1
  280     309       1
  281     287       1
  281     384       1
  282     455       1
  284     296       1
  287     363       1
  288     300       1
  289     364       1
  290     477       1
  291     405       1
  291     452       1
  292     419       1
  292     441       1
  293     479       1
  294     314       1
  294     413       1
  296     398       1
  297     428       1
  297     499       1
  298     396       1
  299     374       1
  299     466       1
  299     493       1
  300     330       1
  300     422       1
  300     459       1
  302     395       1
  303     465       1
  304     338       1
  304     475       1
  305     338       1
  305     387       1
  306     362       1
  308     326       1
  308     344       1
  312     355       1
  313     389       1
  314     404       1
  314     499       1
  316     403       1
  318     378       1
  322     357       1
  325     443       1
  325     465       1
  327     488       1
  328     369       1
  328     443       1
  329     451       1
  330     395       1
  331     480       1
  332     349       1
  332     408       1
  337     429       1
  340     496       1
  340     499       1
  345     380       1
  345     460       1
  346     449       1
  346     499       1
  347     369       1
  349     375       1
  353     414       1
  355     464       1
  358     473       1
  359     379       1
  361     388       1
  362     433       1
  363     384       1
  363     415       1
  363     456       1
  364     393       1
  370     431       1
  370     438       1
  377     494       1
  379     439       1
  380     492       1
  382     413       1
  386     431       1
  394     431       1
  396     444       1
  397     477       1
  399     465       1
  402     470       1
  407     423       1
  411     450       1
  411     483       1
  413     440       1
  418     429       1
  442     486       1
  450     471       1
  450     496       1
  453     479       1
  463     485       1
