  400     489
    1      61       1
    2      77       1
    2     142       1
    2     197       1
    3      56       1
    3      99       1
    3     189       1
    4      52       1
    5      94       1
    5     238       1
    5     358       1
    5     374       1
    6     105       1
    7     223       1
    7     230       1
    7     244       1
    7     382       1
    8       9       1
    8      48       1
    8      95       1
    8     156       1
    8     166       1
    8     231       1
    8     261       1
    8     297       1
    9      16       1
   10     110       1
   11      75       1
   11     179       1
   11     311       1
   12     141       1
   12     142       1
   12     298       1
   13      22       1
   13     125       1
   13     208       1
   13     272       1
   14     228       1
   15     151       1
   15     330       1
   16     165       1
   17     319       1
   17     383       1
   18      44       1
   19     146       1
   19     177       1
   20     154       1
   20     218       1
   21     351       1
   22      91       1
   22     144       1
   22     266       1
   23     363       1
   24      58       1
   25     238       1
   26     152       1
   26     320       1
   26     330       1
   27      70       1
   27     141       1
   27     189       1
   27     194       1
   27     371       1
   28      41       1
   28      72       1
   28      92       1
   28     278       1
   28     393       1
   29     142       1
   29     193       1
   30     248       1
   31     229       1
   31     279       1
   32     127       1
   32     338       1
   33     218       1
   33     318       1
   34      50       1
   34      85       1
   34      89       1
   34     160       1
   34     229       1
   34     263       1
   34     279       1
   34     315       1
   34     321       1
   34     364       1
   35     323       1
   36     251       1
   36     323       1
   37     137       1
   37     324       1
   38      58       1
   38     217       1
   38     360       1
   39     154       1
   40      45       1
   40     151       1
   40     153       1
   41      55       1
   41     112       1
   41     160       1
   42     140       1
   42     148       1
   43     315       1
   44     249       1
   44     281       1
   45      54       1
   45      64       1
   45      97       1
   45     122       1
   46     112       1
   47      80       1
   47     193       1
   47     308       1
   47     361       1
   48     176       1
   49     301       1
   50     318       1
   51     295       1
   52      70       1
   52     380       1
   53     152       1
   54     201       1
   54     274       1
   55     300       1
   57     266       1
   58      61       1
   58     109       1
   58     234       1
   59     275       1
   60     153       1
   60     393       1
   61     203       1
   62     177       1
   62     252       1
   62     266       1
   63     101       1
   64     163       1
   64     316       1
   65     306       1
   65     374       1
   66      92       1
   66     218       1
   67     213       1
   68      74       1
   68     153       1
   69     157       1
   69     253       1
   70      81       1
   70     141       1
   71     113       1
   71     144       1
   71     207       1
   71     264       1
   72     347       1
   73     100       1
   75     267       1
   75     284       1
   76     102       1
   76     371       1
   78     178       1
   78     382       1
   79     365       1
   79     370       1
   80     143       1
   80     151       1
   80     220       1
   82      84       1
   82     211       1
   83     234       1
   85     119       1
   85     383       1
   86     248       1
   87     271       1
   88     125       1
   88     326       1
   89     207       1
   89     353       1
   90     164       1
   91     103       1
   91     378       1
   92     149       1
   92     333       1
   93     283       1
   94     342       1
   94     373       1
   94     380       1
   95     240       1
   95     285       1
   96     250       1
   97     233       1
   98     297       1
   98     362       1
   99     167       1
   99     268       1
   99     299       1
  100     246       1
  100     319       1
  100     345       1
  101     238       1
  101     244       1
  101     367       1
  102     267       1
  103     379       1
  104     240       1
  104     249       1
  105     134       1
  106     231       1
  106     391       1
  107     153       1
  108     116       1
  108     171       1
  108     186       1
  109     127       1
  109     169       1
  109     303       1
  110     211       1
  110     267       1
  111     172       1
  111     246       1
  112     276       1
  114     212       1
  115     259       1
  117     172       1
  118     144       1
  119     285       1
  120     164       1
  120     270       1
  121     157       1
  121     357       1
  121     400       1
  123     211       1
  123     214       1
  124     368       1
  124     377       1
  126     341       1
  128     139       1
  128     153       1
  129     138       1
  129     315       1
  130     281       1
  130     292       1
  131     178       1
  131     200       1
  131     382       1
  132     298       1
  133     198       1
  133     273       1
  134     364       1
  135     191       1
  135     227       1
  135     250       1
  135     359       1
  135     374       1
  136     147       1
  136     154       1
  136     199       1
  137     211       1
  137     226       1
  138     393       1
  139     192       1
  139     241       1
  139     273       1
  139     297       1
  140     213       1
  140     252       1
  140     255       1
  140     368       1
  140     390       1
  141     236       1
  141     271       1
  141     319       1
  141     374       1
  142     211       1
  142     304       1
  143     155       1
  143     250       1
  143     343       1
  144     289       1
  144     337       1
  145     163       1
  146     225       1
  146     236       1
  146     308       1
  146     320       1
  146     363       1
  147     368       1
  148     196       1
  149     287       1
  149     297       1
  150     189       1
  150     396       1
  151     228       1
  151     334       1
  151     390       1
  152     302       1
  153     182       1
  153     287       1
  154     201       1
  154     202       1
  155     308       1
  155     394       1
  156     376       1
  157     277       1
  158     263       1
  159     183       1
  159     228       1
  160     187       1
  160     340       1
  160     390       1
  161     330       1
  162     358       1
  164     256       1
  164     338       1
  164     362       1
  164     387       1
  164     393       1
  166     181       1
  166     264       1
  166     289       1
  166     320       1
  168     355       1
  170     301       1
  172     225       1
  172     295       1
  173     243       1
  173     334       1
  174     216       1
  174     313       1
  175     285       1
  176     247       1
  180     181       1
  180     221       1
  180     234       1
  180     253       1
  181     302       1
  182     203       1
  183     206       1
  183     256       1
  184     352       1
  185     312       1
  185     348       1
  186     187       1
  186     223       1
  186     373       1
  187     204       1
  187     266       1
  187     398       1
  188     195       1
  190     263       1
  191     291       1
  191     325       1
  195     361       1
  196     220       1
  196     311       1
  196     323       1
  198     353       1
  201     209       1
  201     231       1
  201     275       1
  202     252       1
  204     315       1
  205     266       1
  205     341       1
  206     357       1
  207     399       1
  208     225       1
  208     240       1
  209     242       1
  210     370       1
  212     304       1
  212     385       1
  215     266       1
  216     242       1
  219     302       1
  219     344       1
  221     302       1
  222     291       1
  224     276       1
  225     280       1
  226     298       1
  226     357       1
  226     360       1
  231     279       1
  231     336       1
  232     330       1
  235     251       1
  235     316       1
  236     291       1
  236     390       1
  237     250       1
  238     260       1
  238     326       1
  238     397       1
  239     342       1
  239     374       1
  240     385       1
  241     315       1
  243     342       1
  244     396       1
  245     317       1
  245     358       1
  247     279       1
  248     342       1
  249     289       1
  250     268       1
  250     339       1
  252     331       1
  252     354       1
  252     373       1
  254     269       1
  254     279       1
  254     357       1
  255     258       1
  257     291       1
  258     264       1
  259     351       1
  259     380       1
  260     373       1
  262     388       1
  265     283       1
  266     309       1
  267     386       1
  268     346       1
  271     388       1
  273     361       1
  276     379       1
  276     395       1
  278     398       1
  279     363       1
  279     387       1
  279     397       1
  282     305       1
  283     351       1
  283     382       1
  285     310       1
  285     314       1
  286     334       1
  286     392       1
  287     398       1
  288     377       1
  290     333       1
  292     351       1
  292     368       1
  293     346       1
  294     375       1
  296     392       1
  296     399       1
  297     335       1
  301     393       1
  305     351       1
  305     379       1
  307     394       1
  308     325       1
  312     342       1
  313     351       1
  316     366       1
  317     343       1
  317     378       1
  318     370       1
  318     396       1
  319     340       1
  322     383       1
  326     372       1
  327     355       1
  328     361       1
  329     374       1
  332     362       1
  333     352       1
  333     374       1
  336     398       1
  337     381       1
  341     375       1
  344     350       1
  349     369       1
  349     370       1
  351     391       1
  355     393       1
  356     390       1
  360     361       1
  360     365       1
  361     364       1
  361     384       1
  363     377       1
  372     389       1
  374     392       1
  376     380       1
  382     392       1
