  600     711
    1     219       1
    1     568       1
    2     241       1
    3     277       1
    4     418       1
    5      48       1
    5      49       1
    5     451       1
    5     589       1
    6     245       1
    6     285       1
    6     390       1
    6     511       1
    7     276       1
    7     330       1
    8     274       1
    8     290       1
    8     534       1
    9     143       1
    9     295       1
    9     306       1
   10     215       1
   10     421       1
   11     189       1
   12      38       1
   12     169       1
   12     195       1
   13     270       1
   13     361       1
   14     234       1
   14     242       1
   14     314       1
   14     409       1
   15     346       1
   15     540       1
   16      56       1
   16     263       1
   17     245       1
   18     238       1
   19      80       1
   19     205       1
   19     316       1
   19     464       1
   19     565       1
   20     173       1
   20     476       1
   21     442       1
   22     344       1
   22     505       1
   22     585       1
   23      39       1
   23      61       1
   23     306       1
   23     490       1
   24     444       1
   24     517       1
   25     359       1
   25     549       1
   26      72       1
   26     265       1
   26     522       1
   27      83       1
   27     185       1
   28     123       1
   28     582       1
   29     381       1
   30     171       1
   31      97       1
   31     371       1
   31     531       1
   32     107       1
   32     249       1
   32     599       1
   33      94       1
   33     118       1
   34     216       1
   34     580       1
   35     156       1
   36     148       1
   36     330       1
   37      67       1
   37     124       1
   37     155       1
   38     411       1
   39     250       1
   39     425       1
   39     438       1
   39     519       1
   39     533       1
   40     198       1
   41     186       1
   42     173       1
   42     438       1
   43     325       1
   43     569       1
   44     582       1
   45     420       1
   45     574       1
   46      58       1
   47     450       1
   47     531       1
   47     542       1
   48     329       1
   50     497       1
   50     514       1
   51     306       1
   52     533       1
   52     587       1
   53      63       1
   53     183       1
   53     493       1
   54     464       1
   55     241       1
   56     109       1
   56     203       1
   56     557       1
   57     176       1
   57     265       1
   57     326       1
   57     476       1
   58     146       1
   58     404       1
   58     536       1
   59     289       1
   60      61       1
   61     460       1
   61     485       1
   62     193       1
   62     530       1
   63     470       1
   64     202       1
   64     517       1
   65     106       1
   65     197       1
   66     104       1
   66     189       1
   66     267       1
   66     381       1
   66     395       1
   67     142       1
   67     292       1
   68     400       1
   69     125       1
   69     280       1
   70     116       1
   71     321       1
   72     275       1
   73     520       1
   74     210       1
   74     381       1
   75     500       1
   76     229       1
   76     260       1
   76     370       1
   77     578       1
   78     172       1
   79     405       1
   79     524       1
   79     558       1
   79     586       1
   80     184       1
   80     458       1
   81     153       1
   81     222       1
   81     368       1
   81     417       1
   81     492       1
   82     166       1
   82     330       1
   83     165       1
   84     319       1
   85     105       1
   85     461       1
   86     159       1
   86     317       1
   86     482       1
   86     508       1
   87     541       1
   88     368       1
   88     415       1
   89     256       1
   89     351       1
   90     330       1
   90     555       1
   91     322       1
   91     339       1
   92     161       1
   92     367       1
   93     357       1
   93     600       1
   95     167       1
   95     187       1
   95     383       1
   95     394       1
   95     516       1
   96     338       1
   96     418       1
   97     353       1
   98     108       1
   99     464       1
   99     491       1
   99     504       1
  100     422       1
  100     458       1
  101     372       1
  101     535       1
  102     526       1
  103     210       1
  103     307       1
  104     157       1
  105     131       1
  105     217       1
  105     271       1
  105     399       1
  106     288       1
  106     401       1
  107     180       1
  108     317       1
  108     422       1
  109     156       1
  109     464       1
  109     471       1
  109     580       1
  110     120       1
  110     370       1
  110     524       1
  111     421       1
  111     502       1
  112     544       1
  113     407       1
  113     410       1
  114     146       1
  115     582       1
  116     320       1
  116     392       1
  116     501       1
  116     524       1
  117     279       1
  117     313       1
  117     330       1
  118     145       1
  118     201       1
  118     320       1
  119     297       1
  120     434       1
  121     334       1
  121     598       1
  122     278       1
  126     508       1
  127     159       1
  128     152       1
  128     370       1
  128     398       1
  128     582       1
  129     165       1
  129     214       1
  129     409       1
  130     395       1
  130     506       1
  131     309       1
  131     425       1
  131     549       1
  132     326       1
  132     394       1
  133     253       1
  134     192       1
  134     394       1
  134     454       1
  135     330       1
  135     419       1
  135     547       1
  136     418       1
  137     185       1
  138     287       1
  138     351       1
  139     420       1
  140     438       1
  140     466       1
  141     286       1
  142     289       1
  142     429       1
  143     562       1
  144     172       1
  144     190       1
  145     186       1
  146     431       1
  146     514       1
  147     528       1
  148     430       1
  148     549       1
  149     180       1
  149     264       1
  149     296       1
  149     330       1
  149     445       1
  149     530       1
  150     193       1
  150     305       1
  151     392       1
  153     307       1
  153     310       1
  153     369       1
  153     528       1
  153     564       1
  154     209       1
  154     307       1
  154     367       1
  155     182       1
  155     213       1
  155     314       1
  155     338       1
  156     280       1
  156     385       1
  156     421       1
  156     517       1
  157     297       1
  157     562       1
  158     299       1
  158     335       1
  158     384       1
  158     503       1
  158     558       1
  159     350       1
  160     214       1
  160     322       1
  160     433       1
  161     180       1
  161     450       1
  162     496       1
  163     322       1
  163     364       1
  163     544       1
  164     587       1
  166     579       1
  167     191       1
  167     224       1
  168     199       1
  168     400       1
  169     270       1
  169     335       1
  170     395       1
  171     197       1
  171     464       1
  171     595       1
  172     497       1
  173     394       1
  174     411       1
  175     523       1
  176     199       1
  177     481       1
  178     406       1
  179     428       1
  181     307       1
  181     360       1
  183     560       1
  185     300       1
  186     222       1
  186     451       1
  188     195       1
  188     446       1
  188     525       1
  189     226       1
  189     307       1
  189     376       1
  189     453       1
  189     594       1
  191     348       1
  192     196       1
  192     223       1
  192     289       1
  192     370       1
  192     464       1
  192     530       1
  193     382       1
  193     544       1
  194     266       1
  194     306       1
  195     416       1
  196     329       1
  196     335       1
  196     338       1
  196     439       1
  197     482       1
  198     370       1
  198     373       1
  198     571       1
  199     300       1
  200     265       1
  202     299       1
  202     379       1
  202     389       1
  202     576       1
  204     326       1
  205     555       1
  206     315       1
  207     558       1
  208     592       1
  209     225       1
  210     243       1
  210     346       1
  211     378       1
  212     232       1
  212     580       1
  213     220       1
  214     274       1
  214     329       1
  214     540       1
  215     218       1
  215     477       1
  216     283       1
  217     426       1
  219     567       1
  221     348       1
  221     392       1
  223     588       1
  224     251       1
  226     332       1
  227     250       1
  227     307       1
  227     411       1
  228     361       1
  230     380       1
  231     354       1
  231     555       1
  233     592       1
  235     265       1
  235     373       1
  235     456       1
  236     576       1
  237     377       1
  237     416       1
  237     560       1
  238     414       1
  238     580       1
  239     478       1
  240     365       1
  241     286       1
  241     317       1
  241     454       1
  241     543       1
  243     394       1
  244     265       1
  244     442       1
  244     500       1
  245     397       1
  246     362       1
  246     524       1
  246     527       1
  247     255       1
  247     447       1
  248     499       1
  249     320       1
  249     581       1
  252     525       1
  253     265       1
  253     338       1
  253     342       1
  253     355       1
  253     573       1
  254     296       1
  255     404       1
  256     317       1
  257     463       1
  258     582       1
  259     270       1
  261     481       1
  261     519       1
  261     550       1
  262     276       1
  262     436       1
  262     510       1
  263     295       1
  263     502       1
  264     425       1
  265     309       1
  265     414       1
  266     520       1
  267     489       1
  268     314       1
  269     309       1
  272     358       1
  272     444       1
  272     527       1
  273     512       1
  275     442       1
  276     404       1
  277     362       1
  277     429       1
  278     325       1
  278     337       1
  278     469       1
  278     577       1
  279     583       1
  280     542       1
  281     289       1
  281     332       1
  281     334       1
  281     345       1
  281     365       1
  281     406       1
  282     387       1
  282     407       1
  283     533       1
  283     537       1
  284     369       1
  284     523       1
  286     557       1
  289     371       1
  289     386       1
  289     448       1
  289     465       1
  290     545       1
  290     565       1
  290     567       1
  291     338       1
  293     393       1
  294     418       1
  295     296       1
  295     452       1
  296     464       1
  296     518       1
  296     520       1
  297     317       1
  297     481       1
  298     498       1
  300     352       1
  301     541       1
  302     482       1
  303     344       1
  303     434       1
  304     361       1
  304     474       1
  305     351       1
  306     328       1
  306     377       1
  306     430       1
  306     525       1
  307     410       1
  307     530       1
  307     541       1
  308     367       1
  309     441       1
  310     467       1
  311     479       1
  312     341       1
  312     490       1
  312     499       1
  314     377       1
  314     505       1
  314     510       1
  315     338       1
  316     478       1
  317     320       1
  317     328       1
  317     381       1
  317     418       1
  317     464       1
  317     511       1
  318     359       1
  319     394       1
  319     546       1
  320     385       1
  320     388       1
  320     498       1
  321     347       1
  321     455       1
  321     489       1
  322     505       1
  323     557       1
  324     368       1
  325     375       1
  325     449       1
  325     568       1
  325     589       1
  325     596       1
  326     554       1
  327     510       1
  328     420       1
  329     437       1
  329     556       1
  330     421       1
  330     440       1
  330     480       1
  330     484       1
  330     496       1
  330     548       1
  330     592       1
  331     451       1
  331     540       1
  333     522       1
  335     479       1
  335     505       1
  335     574       1
  336     411       1
  337     418       1
  338     596       1
  339     561       1
  340     348       1
  341     408       1
  342     475       1
  343     549       1
  344     399       1
  349     413       1
  353     457       1
  356     398       1
  357     530       1
  359     504       1
  359     509       1
  362     567       1
  363     566       1
  364     563       1
  366     554       1
  368     459       1
  369     443       1
  370     474       1
  370     560       1
  371     523       1
  374     465       1
  376     381       1
  377     424       1
  378     535       1
  378     575       1
  380     421       1
  380     500       1
  381     408       1
  381     428       1
  381     567       1
  382     496       1
  386     432       1
  388     401       1
  388     428       1
  390     474       1
  391     478       1
  393     553       1
  394     413       1
  395     473       1
  396     402       1
  396     455       1
  397     530       1
  397     535       1
  400     487       1
  402     435       1
  402     541       1
  403     411       1
  406     562       1
  407     425       1
  408     527       1
  412     541       1
  414     565       1
  415     440       1
  416     553       1
  416     590       1
  419     516       1
  419     597       1
  423     488       1
  427     457       1
  428     432       1
  430     487       1
  433     472       1
  436     465       1
  444     593       1
  447     505       1
  451     509       1
  451     512       1
  451     530       1
  451     593       1
  455     503       1
  455     552       1
  457     468       1
  457     470       1
  457     484       1
  459     507       1
  461     500       1
  462     539       1
  463     490       1
  464     495       1
  464     559       1
  470     515       1
  471     505       1
  471     553       1
  474     521       1
  474     591       1
  475     532       1
  477     593       1
  479     487       1
  479     582       1
  482     567       1
  482     572       1
  482     586       1
  483     496       1
  483     599       1
  486     511       1
  487     497       1
  488     530       1
  488     566       1
  493     544       1
  493     578       1
  494     543       1
  499     519       1
  513     565       1
  514     533       1
  514     570       1
  521     539       1
  526     555       1
  529     571       1
  534     551       1
  538     554       1
  545     563       1
  567     584       1
  580     586       1
  582     600       1
