  800     929
    1     247       1
    1     421       1
    2     228       1
    3     381       1
    4      94       1
    4     148       1
    4     163       1
    4     302       1
    4     488       1
    4     504       1
    4     526       1
    4     538       1
    5     728       1
    6     249       1
    6     324       1
    7     257       1
    7     477       1
    7     555       1
    7     601       1
    7     781       1
    8     333       1
    8     429       1
    9     539       1
   10     179       1
   10     396       1
   10     582       1
   11     706       1
   12      31       1
   13     516       1
   14     363       1
   14     620       1
   15     533       1
   15     766       1
   15     771       1
   16     359       1
   16     440       1
   17     323       1
   17     508       1
   17     509       1
   18     501       1
   19     210       1
   19     330       1
   19     633       1
   20     611       1
   21      26       1
   21      64       1
   21     575       1
   21     736       1
   21     788       1
   22      71       1
   22     790       1
   23     136       1
   24      70       1
   24     408       1
   24     770       1
   25      98       1
   25     618       1
   27     163       1
   27     630       1
   28     373       1
   28     745       1
   29     219       1
   29     430       1
   29     463       1
   29     666       1
   30     374       1
   30     612       1
   30     676       1
   31      68       1
   32     505       1
   33     324       1
   34      49       1
   34     137       1
   34     329       1
   34     386       1
   34     428       1
   35     201       1
   36     337       1
   37     291       1
   37     495       1
   38     302       1
   38     491       1
   39     140       1
   40      46       1
   40     286       1
   40     603       1
   40     790       1
   41     102       1
   41     256       1
   42     126       1
   42     549       1
   43     365       1
   43     438       1
   44     355       1
   44     532       1
   44     563       1
   44     582       1
   45      79       1
   46     558       1
   46     629       1
   46     689       1
   46     733       1
   47     578       1
   48     138       1
   48     262       1
   48     395       1
   48     416       1
   48     481       1
   49     583       1
   49     624       1
   49     742       1
   49     780       1
   50     218       1
   50     286       1
   50     399       1
   50     613       1
   50     799       1
   51     379       1
   51     683       1
   52     154       1
   52     585       1
   53      67       1
   54     468       1
   55     284       1
   56     504       1
   57     499       1
   58     229       1
   59     335       1
   60     749       1
   61     150       1
   61     239       1
   62     169       1
   62     534       1
   62     739       1
   63     120       1
   63     361       1
   65     134       1
   65     586       1
   66     176       1
   66     257       1
   67     479       1
   67     684       1
   68     585       1
   69      74       1
   70     567       1
   71     612       1
   72     289       1
   72     505       1
   72     668       1
   73      87       1
   74     291       1
   74     566       1
   75     790       1
   76     161       1
   76     615       1
   76     621       1
   77     123       1
   77     285       1
   78     102       1
   78     298       1
   78     352       1
   78     359       1
   78     496       1
   78     702       1
   79     796       1
   80     325       1
   80     393       1
   81     577       1
   82     114       1
   83      98       1
   83     162       1
   84     586       1
   85     231       1
   85     332       1
   86     159       1
   86     251       1
   86     690       1
   86     794       1
   87     251       1
   87     526       1
   87     549       1
   88     220       1
   88     452       1
   88     695       1
   89     385       1
   89     391       1
   89     540       1
   90     142       1
   90     757       1
   91     163       1
   91     278       1
   91     722       1
   92     219       1
   92     400       1
   92     488       1
   92     623       1
   92     665       1
   92     698       1
   92     772       1
   92     784       1
   93     177       1
   93     211       1
   93     637       1
   93     771       1
   95     151       1
   96     511       1
   97     237       1
   97     745       1
   98     604       1
   99     262       1
   99     468       1
  100     138       1
  100     370       1
  100     428       1
  100     694       1
  101     163       1
  101     331       1
  101     365       1
  101     496       1
  101     701       1
  101     731       1
  103     576       1
  104     113       1
  105     460       1
  106     297       1
  107     454       1
  108     405       1
  108     738       1
  109     408       1
  110     264       1
  110     493       1
  110     667       1
  110     789       1
  111     347       1
  111     581       1
  111     663       1
  112     359       1
  113     420       1
  113     691       1
  113     794       1
  114     631       1
  114     737       1
  115     139       1
  115     695       1
  116     533       1
  116     552       1
  117     658       1
  118     263       1
  119     272       1
  120     250       1
  120     526       1
  120     546       1
  120     795       1
  121     392       1
  122     541       1
  122     609       1
  123     165       1
  123     359       1
  124     530       1
  125     140       1
  125     211       1
  125     291       1
  125     294       1
  125     364       1
  125     396       1
  125     788       1
  126     360       1
  126     497       1
  127     526       1
  127     729       1
  128     458       1
  128     698       1
  129     142       1
  129     408       1
  129     421       1
  129     571       1
  130     133       1
  130     226       1
  130     306       1
  131     316       1
  132     564       1
  132     668       1
  134     364       1
  135     623       1
  136     284       1
  136     478       1
  137     476       1
  137     492       1
  138     255       1
  138     488       1
  139     741       1
  140     176       1
  141     277       1
  141     324       1
  142     221       1
  142     418       1
  143     258       1
  144     346       1
  144     356       1
  144     610       1
  145     413       1
  146     237       1
  146     295       1
  147     376       1
  147     616       1
  148     297       1
  148     351       1
  148     379       1
  148     399       1
  148     468       1
  149     362       1
  149     559       1
  150     191       1
  150     213       1
  150     590       1
  151     408       1
  151     661       1
  151     765       1
  152     368       1
  152     434       1
  152     653       1
  153     505       1
  154     531       1
  155     535       1
  156     561       1
  156     674       1
  157     487       1
  157     583       1
  158     497       1
  159     565       1
  160     422       1
  160     458       1
  160     787       1
  161     404       1
  161     789       1
  163     211       1
  163     381       1
  163     398       1
  163     657       1
  163     685       1
  163     687       1
  164     192       1
  164     528       1
  165     261       1
  165     401       1
  165     440       1
  165     555       1
  166     341       1
  167     207       1
  167     458       1
  167     542       1
  168     285       1
  169     178       1
  169     684       1
  170     174       1
  170     641       1
  170     776       1
  171     772       1
  172     384       1
  173     231       1
  174     209       1
  174     277       1
  174     280       1
  174     337       1
  174     478       1
  174     588       1
  174     717       1
  174     725       1
  175     634       1
  176     675       1
  177     564       1
  177     760       1
  178     207       1
  180     302       1
  181     744       1
  181     763       1
  182     276       1
  182     460       1
  182     490       1
  182     495       1
  182     504       1
  183     308       1
  184     606       1
  185     496       1
  186     680       1
  186     791       1
  187     284       1
  187     629       1
  188     634       1
  189     329       1
  190     330       1
  193     633       1
  193     701       1
  194     430       1
  195     458       1
  195     555       1
  196     679       1
  197     247       1
  197     442       1
  197     769       1
  198     653       1
  199     520       1
  199     600       1
  200     522       1
  201     287       1
  201     448       1
  201     617       1
  201     775       1
  202     562       1
  202     621       1
  203     752       1
  204     300       1
  204     463       1
  204     795       1
  205     605       1
  206     654       1
  206     667       1
  208     303       1
  208     473       1
  208     478       1
  208     606       1
  208     656       1
  210     524       1
  210     611       1
  211     435       1
  211     565       1
  211     600       1
  211     709       1
  211     739       1
  212     624       1
  212     747       1
  214     248       1
  214     330       1
  214     388       1
  215     347       1
  216     592       1
  217     556       1
  217     631       1
  217     679       1
  217     739       1
  219     638       1
  219     652       1
  220     583       1
  222     430       1
  223     415       1
  224     620       1
  224     762       1
  225     341       1
  226     338       1
  226     501       1
  226     590       1
  226     643       1
  227     701       1
  228     518       1
  229     384       1
  230     740       1
  231     299       1
  231     354       1
  231     451       1
  231     504       1
  231     739       1
  231     797       1
  232     565       1
  232     610       1
  233     525       1
  233     560       1
  233     613       1
  234     646       1
  235     630       1
  236     784       1
  237     621       1
  237     622       1
  238     449       1
  239     282       1
  239     629       1
  240     297       1
  241     583       1
  242     456       1
  242     574       1
  243     458       1
  244     587       1
  244     746       1
  245     330       1
  245     357       1
  245     420       1
  245     723       1
  246     396       1
  247     526       1
  249     258       1
  249     439       1
  249     662       1
  252     413       1
  252     453       1
  253     634       1
  254     283       1
  254     291       1
  254     530       1
  254     758       1
  254     759       1
  257     402       1
  259     328       1
  259     628       1
  260     425       1
  260     530       1
  260     621       1
  261     632       1
  262     279       1
  262     483       1
  262     685       1
  263     392       1
  263     394       1
  263     476       1
  265     319       1
  266     572       1
  266     706       1
  267     506       1
  267     510       1
  268     271       1
  268     451       1
  269     274       1
  269     331       1
  269     558       1
  270     313       1
  270     430       1
  272     318       1
  273     321       1
  273     769       1
  274     446       1
  274     670       1
  275     531       1
  275     657       1
  277     334       1
  277     343       1
  277     642       1
  277     789       1
  278     610       1
  279     665       1
  280     596       1
  281     537       1
  282     408       1
  282     742       1
  284     308       1
  284     351       1
  284     753       1
  285     340       1
  285     372       1
  285     458       1
  285     557       1
  287     661       1
  288     293       1
  288     507       1
  288     777       1
  289     476       1
  289     706       1
  290     671       1
  290     770       1
  291     485       1
  291     576       1
  291     639       1
  291     671       1
  292     592       1
  293     547       1
  293     740       1
  294     658       1
  294     793       1
  296     361       1
  297     369       1
  299     707       1
  301     445       1
  301     629       1
  302     691       1
  302     704       1
  304     318       1
  304     502       1
  304     731       1
  305     679       1
  307     448       1
  309     663       1
  310     342       1
  310     497       1
  311     443       1
  311     586       1
  311     695       1
  311     697       1
  312     785       1
  314     356       1
  315     387       1
  315     734       1
  316     439       1
  316     487       1
  316     688       1
  317     458       1
  317     522       1
  317     536       1
  317     584       1
  318     383       1
  318     542       1
  318     634       1
  319     573       1
  319     585       1
  320     598       1
  320     611       1
  322     637       1
  324     474       1
  324     486       1
  326     378       1
  326     668       1
  327     383       1
  327     489       1
  328     720       1
  328     748       1
  331     709       1
  332     714       1
  333     581       1
  334     646       1
  335     521       1
  335     530       1
  335     757       1
  336     450       1
  337     380       1
  337     749       1
  338     344       1
  339     481       1
  340     511       1
  341     411       1
  341     479       1
  341     649       1
  342     455       1
  342     471       1
  342     515       1
  342     775       1
  343     353       1
  345     527       1
  346     597       1
  348     498       1
  348     549       1
  349     523       1
  349     599       1
  350     554       1
  351     602       1
  351     619       1
  354     697       1
  355     506       1
  355     708       1
  355     728       1
  356     388       1
  356     424       1
  358     454       1
  358     667       1
  358     721       1
  359     385       1
  359     487       1
  360     558       1
  360     597       1
  360     612       1
  361     585       1
  362     666       1
  364     412       1
  364     618       1
  364     741       1
  365     586       1
  366     593       1
  367     623       1
  371     592       1
  374     647       1
  374     789       1
  375     583       1
  375     773       1
  376     498       1
  376     535       1
  376     633       1
  376     666       1
  377     731       1
  378     544       1
  379     793       1
  382     539       1
  383     510       1
  384     603       1
  386     507       1
  386     667       1
  387     555       1
  387     785       1
  389     523       1
  390     432       1
  390     698       1
  393     793       1
  394     442       1
  396     491       1
  397     765       1
  398     657       1
  399     414       1
  399     417       1
  399     689       1
  400     688       1
  401     484       1
  401     749       1
  402     548       1
  403     471       1
  403     762       1
  403     788       1
  403     798       1
  404     703       1
  406     606       1
  407     761       1
  408     581       1
  408     752       1
  409     513       1
  409     541       1
  410     789       1
  411     500       1
  411     503       1
  413     630       1
  413     756       1
  414     575       1
  414     682       1
  415     790       1
  417     626       1
  418     764       1
  419     712       1
  421     585       1
  422     443       1
  423     478       1
  426     580       1
  427     704       1
  429     554       1
  430     436       1
  430     778       1
  431     446       1
  433     503       1
  434     529       1
  434     672       1
  435     509       1
  436     607       1
  436     613       1
  437     467       1
  437     661       1
  437     721       1
  438     502       1
  438     550       1
  438     598       1
  439     455       1
  439     594       1
  441     668       1
  444     711       1
  447     689       1
  449     704       1
  450     458       1
  450     502       1
  450     784       1
  451     646       1
  452     730       1
  455     710       1
  455     761       1
  456     619       1
  457     618       1
  459     577       1
  461     692       1
  462     629       1
  463     705       1
  464     568       1
  464     593       1
  465     620       1
  466     767       1
  467     664       1
  468     622       1
  469     496       1
  470     493       1
  470     593       1
  470     768       1
  471     644       1
  471     674       1
  471     685       1
  471     750       1
  472     784       1
  475     540       1
  477     651       1
  478     551       1
  478     699       1
  480     760       1
  481     570       1
  482     762       1
  484     687       1
  486     701       1
  487     527       1
  487     665       1
  487     681       1
  487     701       1
  488     503       1
  488     645       1
  488     732       1
  488     789       1
  490     627       1
  490     680       1
  493     610       1
  494     709       1
  494     744       1
  496     505       1
  496     557       1
  496     660       1
  496     747       1
  498     626       1
  499     501       1
  499     693       1
  501     505       1
  501     531       1
  501     660       1
  501     724       1
  503     584       1
  504     520       1
  504     541       1
  512     519       1
  514     578       1
  514     790       1
  515     743       1
  516     534       1
  516     591       1
  516     744       1
  517     659       1
  517     721       1
  517     767       1
  518     708       1
  519     529       1
  520     792       1
  523     667       1
  524     766       1
  527     564       1
  528     600       1
  530     635       1
  530     796       1
  533     624       1
  534     651       1
  537     695       1
  538     640       1
  539     585       1
  539     664       1
  541     633       1
  543     590       1
  543     692       1
  544     577       1
  545     788       1
  545     792       1
  548     779       1
  551     621       1
  553     721       1
  555     634       1
  557     682       1
  558     575       1
  558     577       1
  559     623       1
  559     727       1
  564     592       1
  565     569       1
  566     707       1
  574     605       1
  574     766       1
  576     608       1
  576     686       1
  578     648       1
  579     710       1
  580     685       1
  581     739       1
  582     612       1
  583     611       1
  583     685       1
  585     655       1
  585     750       1
  586     625       1
  587     677       1
  587     739       1
  589     788       1
  592     726       1
  595     699       1
  596     774       1
  600     605       1
  600     700       1
  606     711       1
  612     634       1
  612     772       1
  612     791       1
  613     643       1
  614     691       1
  617     636       1
  619     754       1
  619     780       1
  620     738       1
  621     640       1
  623     669       1
  623     719       1
  623     796       1
  624     776       1
  627     786       1
  628     713       1
  633     724       1
  634     674       1
  635     673       1
  635     756       1
  637     751       1
  640     716       1
  640     770       1
  641     745       1
  641     782       1
  642     650       1
  648     739       1
  652     712       1
  653     685       1
  658     720       1
  663     672       1
  664     784       1
  665     779       1
  667     718       1
  672     728       1
  673     684       1
  677     774       1
  678     689       1
  684     739       1
  686     696       1
  686     736       1
  694     768       1
  704     740       1
  708     784       1
  712     766       1
  715     750       1
  727     740       1
  735     750       1
  737     740       1
  745     775       1
  755     800       1
  783     789       1
  791     800       1
