  200     266
    1      66       1
    1     183       1
    2      19       1
    2      99       1
    2     166       1
    3      21       1
    3      26       1
    3     164       1
    4      32       1
    4      51       1
    5     112       1
    6      19       1
    6      86       1
    6     110       1
    7     155       1
    8      63       1
    9     116       1
   10      16       1
   10      68       1
   11      17       1
   11     170       1
   11     184       1
   12      20       1
   12      54       1
   13      38       1
   14      29       1
   14      46       1
   14     131       1
   15      52       1
   15     143       1
   16      17       1
   16      20       1
   16      33       1
   16     138       1
   16     169       1
   16     179       1
   17      52       1
   17      78       1
   17      84       1
   17     111       1
   17     119       1
   17     156       1
   17     185       1
   18     145       1
   19     103       1
   19     195       1
   20      29       1
   20      85       1
   20      86       1
   20     109       1
   20     158       1
   21     134       1
   22      99       1
   22     119       1
   23      97       1
   23     118       1
   23     171       1
   24      58       1
   24      89       1
   24     153       1
   24     175       1
   24     188       1
   25     117       1
   25     137       1
   26      81       1
   26     133       1
   26     187       1
   27     124       1
   27     140       1
   28      69       1
   28     142       1
   29     136       1
   30      70       1
   31      35       1
   32      44       1
   32      86       1
   33     108       1
   33     109       1
   33     161       1
   33     170       1
   34      76       1
   34      78       1
   34      86       1
   35      46       1
   35     101       1
   35     105       1
   35     123       1
   35     139       1
   36      98       1
   36     104       1
   37     121       1
   37     183       1
   38      68       1
   38     182       1
   39     174       1
   40     125       1
   41      85       1
   41     145       1
   42      49       1
   42      53       1
   43      48       1
   44      95       1
   44     106       1
   44     137       1
   45     102       1
   45     182       1
   47     165       1
   48     127       1
   48     190       1
   49      90       1
   49     185       1
   50      64       1
   50      95       1
   50     103       1
   50     119       1
   50     121       1
   50     166       1
   50     188       1
   51      55       1
   51     156       1
   52      82       1
   52     155       1
   52     168       1
   52     173       1
   53     175       1
   54      63       1
   55     121       1
   56     118       1
   56     119       1
   57     128       1
   59      93       1
   60      64       1
   61     106       1
   61     154       1
   62      84       1
   62     111       1
   62     135       1
   63      96       1
   64     128       1
   64     133       1
   64     140       1
   64     163       1
   65     109       1
   67     119       1
   68     139       1
   68     167       1
   69     119       1
   69     182       1
   70      75       1
   70     139       1
   71     148       1
   72     127       1
   72     167       1
   73     105       1
   74     178       1
   74     191       1
   75      84       1
   77     148       1
   79     144       1
   80     120       1
   80     198       1
   81      91       1
   81     138       1
   82     196       1
   83     106       1
   85     134       1
   85     182       1
   87      93       1
   87     164       1
   87     200       1
   88     156       1
   89     175       1
   90     122       1
   91      98       1
   91     120       1
   91     160       1
   91     179       1
   92     118       1
   93     101       1
   93     130       1
   93     139       1
   93     197       1
   94     133       1
   94     135       1
   96     109       1
   96     200       1
   98     191       1
   98     192       1
   99     150       1
   99     152       1
  100     119       1
  100     144       1
  100     146       1
  102     136       1
  103     107       1
  103     112       1
  103     152       1
  104     109       1
  105     183       1
  106     107       1
  106     125       1
  106     134       1
  106     159       1
  106     178       1
  107     190       1
  108     144       1
  108     173       1
  109     151       1
  111     118       1
  111     148       1
  111     162       1
  111     177       1
  111     196       1
  113     121       1
  114     117       1
  114     139       1
  115     191       1
  116     154       1
  117     137       1
  117     147       1
  118     125       1
  118     160       1
  118     193       1
  119     153       1
  119     164       1
  121     181       1
  122     125       1
  124     197       1
  126     131       1
  127     150       1
  129     140       1
  129     165       1
  130     153       1
  131     185       1
  131     194       1
  132     180       1
  132     200       1
  133     140       1
  134     148       1
  135     157       1
  136     148       1
  138     197       1
  138     198       1
  139     154       1
  141     175       1
  145     156       1
  146     187       1
  147     177       1
  149     181       1
  151     176       1
  155     182       1
  155     199       1
  156     165       1
  157     171       1
  157     179       1
  158     165       1
  159     165       1
  162     174       1
  162     195       1
  164     172       1
  164     194       1
  165     180       1
  166     178       1
  172     186       1
  180     191       1
  189     190       1
