  500     602
    1     150       1
    1     285       1
    2      38       1
    2      39       1
    2      90       1
    2     366       1
    3     380       1
    3     470       1
    4      13       1
    4      79       1
    4     413       1
    4     421       1
    4     481       1
    5      84       1
    5     314       1
    5     319       1
    5     431       1
    6     378       1
    7     116       1
    7     462       1
    8     203       1
    8     209       1
    9     363       1
    9     474       1
   10     345       1
   10     407       1
   10     488       1
   11      34       1
   11      43       1
   11     398       1
   12     175       1
   12     207       1
   12     299       1
   13      87       1
   13      97       1
   13     213       1
   13     278       1
   13     289       1
   13     358       1
   13     429       1
   14     330       1
   14     487       1
   15     278       1
   15     473       1
   16     273       1
   16     294       1
   17     465       1
   18      55       1
   18     479       1
   19      68       1
   19     353       1
   20     124       1
   20     311       1
   20     432       1
   20     499       1
   21      69       1
   21     378       1
   22     486       1
   23     208       1
   23     308       1
   23     497       1
   24     440       1
   24     492       1
   25      61       1
   25     196       1
   25     203       1
   25     267       1
   25     342       1
   25     395       1
   25     433       1
   26     430       1
   26     439       1
   27     319       1
   27     424       1
   27     449       1
   28     202       1
   29     174       1
   29     224       1
   30     318       1
   31      60       1
   32     146       1
   32     481       1
   33     462       1
   34      95       1
   34     112       1
   34     177       1
   35     260       1
   35     274       1
   35     282       1
   36     418       1
   37     321       1
   37     428       1
   39      81       1
   39     194       1
   39     397       1
   40     147       1
   40     167       1
   40     230       1
   40     273       1
   40     439       1
   41     147       1
   41     400       1
   42     204       1
   42     382       1
   44     179       1
   44     232       1
   45     298       1
   45     464       1
   46     426       1
   47     236       1
   47     417       1
   48     321       1
   48     375       1
   49     456       1
   50     192       1
   51     450       1
   52     399       1
   52     478       1
   52     495       1
   53     422       1
   54     255       1
   54     328       1
   54     399       1
   55     295       1
   56      99       1
   57      66       1
   57     225       1
   57     287       1
   57     362       1
   57     382       1
   57     445       1
   57     495       1
   58     460       1
   59     340       1
   59     427       1
   60     216       1
   62     489       1
   63     354       1
   64     210       1
   64     368       1
   65      97       1
   66     234       1
   66     293       1
   66     379       1
   67     404       1
   68     406       1
   70     204       1
   71     135       1
   71     191       1
   71     202       1
   72     120       1
   72     131       1
   73     241       1
   74     242       1
   74     371       1
   74     396       1
   75      93       1
   75     299       1
   75     412       1
   75     428       1
   76      94       1
   76      95       1
   76     120       1
   76     157       1
   77     159       1
   78     115       1
   78     163       1
   78     167       1
   78     190       1
   78     378       1
   79     370       1
   79     378       1
   79     439       1
   80     141       1
   80     260       1
   80     276       1
   81      82       1
   81     249       1
   81     311       1
   83     260       1
   83     384       1
   84      86       1
   84     121       1
   84     364       1
   84     425       1
   85     423       1
   86     420       1
   86     455       1
   86     488       1
   87     265       1
   87     332       1
   88     216       1
   89     420       1
   90     443       1
   91     171       1
   91     227       1
   91     449       1
   92     294       1
   93     289       1
   93     372       1
   93     461       1
   94     373       1
   94     384       1
   94     426       1
   95     182       1
   95     191       1
   95     235       1
   95     322       1
   95     378       1
   96     131       1
   96     267       1
   98     101       1
   99     276       1
   99     414       1
  100     335       1
  100     478       1
  101     305       1
  101     321       1
  102     180       1
  102     480       1
  103     180       1
  103     363       1
  104     167       1
  104     392       1
  105     232       1
  105     239       1
  106     154       1
  107     289       1
  108     211       1
  109     342       1
  110     255       1
  110     393       1
  111     317       1
  111     388       1
  111     465       1
  112     183       1
  112     484       1
  113     306       1
  113     381       1
  114     126       1
  114     442       1
  115     336       1
  115     354       1
  115     368       1
  115     423       1
  116     362       1
  117     402       1
  118     128       1
  118     263       1
  118     368       1
  119     266       1
  119     355       1
  119     389       1
  120     138       1
  120     221       1
  120     346       1
  120     380       1
  121     217       1
  121     402       1
  122     321       1
  123     155       1
  123     467       1
  124     432       1
  125     437       1
  126     294       1
  127     132       1
  127     233       1
  127     484       1
  128     160       1
  129     179       1
  130     146       1
  130     454       1
  131     434       1
  131     452       1
  132     273       1
  133     256       1
  133     282       1
  134     137       1
  136     278       1
  137     146       1
  137     165       1
  138     457       1
  139     197       1
  139     237       1
  139     445       1
  140     422       1
  142     392       1
  142     428       1
  142     437       1
  143     259       1
  143     313       1
  143     352       1
  144     281       1
  144     288       1
  144     480       1
  145     194       1
  145     429       1
  146     222       1
  146     240       1
  146     264       1
  146     298       1
  147     159       1
  147     329       1
  147     401       1
  147     464       1
  148     364       1
  148     440       1
  149     312       1
  150     158       1
  151     450       1
  152     358       1
  153     422       1
  153     436       1
  153     490       1
  154     387       1
  155     406       1
  156     487       1
  158     237       1
  158     425       1
  160     260       1
  160     416       1
  161     424       1
  161     482       1
  162     274       1
  164     239       1
  164     254       1
  165     374       1
  166     338       1
  166     381       1
  167     222       1
  167     294       1
  168     188       1
  168     356       1
  169     268       1
  170     249       1
  171     284       1
  171     359       1
  172     302       1
  172     394       1
  172     450       1
  173     265       1
  174     295       1
  174     337       1
  174     385       1
  176     423       1
  178     251       1
  178     402       1
  179     483       1
  180     351       1
  181     434       1
  183     214       1
  184     395       1
  185     304       1
  185     446       1
  186     363       1
  187     487       1
  187     496       1
  189     196       1
  189     234       1
  190     369       1
  190     390       1
  190     402       1
  191     193       1
  191     253       1
  191     375       1
  192     419       1
  192     434       1
  192     487       1
  193     305       1
  194     268       1
  194     323       1
  194     378       1
  195     327       1
  196     216       1
  196     268       1
  196     350       1
  196     441       1
  198     344       1
  199     331       1
  200     322       1
  200     365       1
  200     415       1
  201     307       1
  202     235       1
  202     338       1
  203     226       1
  203     451       1
  204     349       1
  204     460       1
  205     415       1
  206     322       1
  207     221       1
  207     249       1
  207     419       1
  208     299       1
  209     247       1
  209     248       1
  211     362       1
  211     482       1
  212     219       1
  212     298       1
  212     458       1
  214     278       1
  215     243       1
  215     337       1
  215     468       1
  215     477       1
  216     247       1
  216     344       1
  216     438       1
  216     480       1
  217     272       1
  218     354       1
  218     369       1
  220     270       1
  220     383       1
  220     407       1
  220     453       1
  222     225       1
  222     232       1
  222     274       1
  222     280       1
  222     283       1
  222     289       1
  223     324       1
  223     363       1
  224     384       1
  225     332       1
  228     311       1
  229     493       1
  230     316       1
  231     451       1
  232     340       1
  232     345       1
  232     462       1
  233     395       1
  234     266       1
  234     450       1
  238     291       1
  238     483       1
  239     274       1
  239     409       1
  239     480       1
  241     262       1
  241     319       1
  241     378       1
  241     486       1
  244     354       1
  245     299       1
  246     251       1
  246     292       1
  246     308       1
  246     483       1
  248     439       1
  250     432       1
  252     255       1
  254     387       1
  257     291       1
  258     275       1
  258     464       1
  259     360       1
  261     272       1
  263     273       1
  264     382       1
  264     445       1
  265     282       1
  265     316       1
  266     422       1
  267     491       1
  268     299       1
  268     321       1
  268     430       1
  268     432       1
  269     332       1
  269     348       1
  271     480       1
  273     325       1
  274     422       1
  274     440       1
  275     429       1
  276     312       1
  277     402       1
  279     285       1
  279     402       1
  279     456       1
  280     317       1
  281     310       1
  281     487       1
  284     286       1
  284     489       1
  286     420       1
  287     347       1
  287     498       1
  289     291       1
  289     351       1
  289     468       1
  290     452       1
  292     498       1
  294     442       1
  296     421       1
  297     378       1
  298     307       1
  298     376       1
  299     456       1
  300     309       1
  300     330       1
  300     422       1
  301     330       1
  301     360       1
  303     455       1
  304     361       1
  305     391       1
  305     466       1
  306     383       1
  306     386       1
  307     489       1
  308     369       1
  308     448       1
  310     363       1
  310     435       1
  313     359       1
  315     324       1
  316     469       1
  318     420       1
  318     449       1
  319     410       1
  320     326       1
  320     438       1
  322     396       1
  323     411       1
  323     500       1
  327     346       1
  328     370       1
  328     402       1
  331     495       1
  333     376       1
  334     433       1
  337     468       1
  339     361       1
  341     464       1
  343     410       1
  350     436       1
  352     383       1
  353     403       1
  355     445       1
  356     401       1
  357     378       1
  359     472       1
  360     396       1
  363     417       1
  364     440       1
  365     389       1
  366     377       1
  367     401       1
  367     424       1
  367     482       1
  368     435       1
  371     417       1
  371     463       1
  376     396       1
  379     404       1
  379     445       1
  380     449       1
  382     477       1
  383     432       1
  383     444       1
  383     460       1
  387     456       1
  390     492       1
  391     411       1
  393     419       1
  393     485       1
  393     497       1
  394     499       1
  395     493       1
  396     427       1
  397     459       1
  400     405       1
  402     496       1
  404     452       1
  406     418       1
  406     433       1
  406     435       1
  408     420       1
  410     444       1
  416     490       1
  420     466       1
  421     494       1
  428     473       1
  434     496       1
  435     500       1
  442     453       1
  442     463       1
  442     475       1
  446     447       1
  446     462       1
  455     468       1
  455     500       1
  466     467       1
  471     496       1
  473     476       1
  487     489       1
