  600     711
    1     124       1
    1     273       1
    1     346       1
    1     366       1
    1     392       1
    1     475       1
    2     185       1
    3      88       1
    3     199       1
    3     262       1
    3     462       1
    3     495       1
    4      97       1
    5     189       1
    5     333       1
    5     454       1
    6      74       1
    6     116       1
    6     180       1
    6     265       1
    7     148       1
    7     203       1
    8     389       1
    9     253       1
    9     384       1
   10      59       1
   10     182       1
   11     342       1
   12      26       1
   12     416       1
   12     462       1
   13     143       1
   13     566       1
   14     562       1
   14     593       1
   15     505       1
   15     542       1
   16      52       1
   16      64       1
   17      20       1
   17     166       1
   17     378       1
   17     580       1
   18      26       1
   18     533       1
   19     495       1
   21     277       1
   21     562       1
   22      36       1
   23     285       1
   23     416       1
   23     525       1
   24     266       1
   25      84       1
   25     119       1
   25     333       1
   25     407       1
   26     468       1
   27     538       1
   28     586       1
   29      84       1
   29     171       1
   30     192       1
   31     134       1
   32     115       1
   33     446       1
   33     468       1
   34     519       1
   34     573       1
   34     591       1
   35     119       1
   36     314       1
   37     440       1
   37     489       1
   37     552       1
   38     308       1
   38     596       1
   39      59       1
   39     211       1
   39     344       1
   39     560       1
   40     327       1
   40     540       1
   40     561       1
   41     444       1
   42     147       1
   42     163       1
   42     411       1
   42     475       1
   42     483       1
   43     104       1
   44      89       1
   44     192       1
   45     290       1
   46      95       1
   46     122       1
   46     245       1
   47     249       1
   47     263       1
   48     230       1
   48     250       1
   49     151       1
   49     294       1
   49     545       1
   50     198       1
   50     235       1
   50     363       1
   51     428       1
   52     106       1
   52     451       1
   53     444       1
   54      63       1
   54     469       1
   54     551       1
   55     164       1
   55     576       1
   56     575       1
   57     166       1
   57     335       1
   57     374       1
   57     479       1
   58     111       1
   58     172       1
   58     232       1
   58     437       1
   59      79       1
   59     259       1
   59     507       1
   59     539       1
   59     564       1
   60     320       1
   61      94       1
   61     309       1
   61     537       1
   62     243       1
   64      98       1
   64     259       1
   64     354       1
   64     476       1
   64     504       1
   65     174       1
   65     449       1
   66     360       1
   66     361       1
   67     178       1
   67     430       1
   68     102       1
   68     584       1
   69     398       1
   69     505       1
   69     516       1
   70     118       1
   70     121       1
   70     192       1
   70     419       1
   71     415       1
   72     527       1
   73     467       1
   74     275       1
   75     167       1
   75     273       1
   76     504       1
   76     520       1
   77     143       1
   77     306       1
   77     406       1
   78     184       1
   78     497       1
   78     516       1
   79     278       1
   79     297       1
   79     352       1
   80     344       1
   80     347       1
   81     283       1
   81     310       1
   81     472       1
   81     526       1
   81     534       1
   82     260       1
   83     280       1
   83     330       1
   84     110       1
   84     360       1
   84     421       1
   84     444       1
   84     465       1
   85     318       1
   85     512       1
   86     483       1
   87     455       1
   88     389       1
   88     502       1
   89     582       1
   90     187       1
   91     598       1
   92     198       1
   93     140       1
   93     185       1
   93     197       1
   93     350       1
   93     504       1
   94     295       1
   94     432       1
   94     447       1
   95     423       1
   96     174       1
   96     520       1
   97     428       1
   98     289       1
   98     544       1
   99     111       1
  100     523       1
  101     212       1
  101     404       1
  101     523       1
  102     298       1
  102     307       1
  102     468       1
  103     336       1
  104     122       1
  104     364       1
  104     532       1
  105     155       1
  105     171       1
  105     465       1
  105     522       1
  106     345       1
  107     111       1
  107     256       1
  107     267       1
  107     461       1
  108     177       1
  109     339       1
  109     450       1
  109     493       1
  110     190       1
  111     166       1
  111     231       1
  111     269       1
  111     468       1
  111     470       1
  112     214       1
  113     273       1
  114     161       1
  115     323       1
  115     326       1
  115     467       1
  116     154       1
  116     230       1
  116     334       1
  117     201       1
  117     221       1
  118     136       1
  118     371       1
  118     442       1
  119     173       1
  119     224       1
  119     501       1
  120     172       1
  122     313       1
  122     329       1
  122     392       1
  123     155       1
  123     240       1
  123     441       1
  123     461       1
  123     519       1
  124     363       1
  125     126       1
  125     490       1
  125     578       1
  126     136       1
  126     247       1
  126     251       1
  126     357       1
  126     385       1
  126     504       1
  127     356       1
  127     598       1
  128     154       1
  128     206       1
  129     440       1
  130     597       1
  131     223       1
  131     263       1
  132     235       1
  132     576       1
  133     311       1
  134     161       1
  134     172       1
  134     598       1
  135     260       1
  135     385       1
  136     222       1
  137     386       1
  137     443       1
  138     263       1
  139     403       1
  140     258       1
  140     382       1
  140     388       1
  140     579       1
  141     477       1
  142     462       1
  143     349       1
  144     300       1
  144     461       1
  145     584       1
  146     386       1
  147     324       1
  147     417       1
  148     169       1
  149     280       1
  149     581       1
  150     392       1
  150     429       1
  151     251       1
  151     271       1
  151     340       1
  151     449       1
  152     415       1
  153     204       1
  153     266       1
  153     361       1
  153     546       1
  154     253       1
  154     404       1
  154     430       1
  154     600       1
  155     192       1
  155     325       1
  156     547       1
  157     336       1
  157     597       1
  157     600       1
  158     426       1
  158     551       1
  159     355       1
  160     166       1
  160     379       1
  160     586       1
  161     592       1
  162     393       1
  162     500       1
  163     455       1
  164     201       1
  165     326       1
  165     376       1
  165     589       1
  166     209       1
  166     596       1
  167     539       1
  167     560       1
  168     503       1
  168     536       1
  169     432       1
  170     292       1
  170     317       1
  170     497       1
  172     208       1
  172     344       1
  173     304       1
  173     453       1
  174     455       1
  174     459       1
  174     575       1
  174     590       1
  175     230       1
  176     540       1
  177     243       1
  177     465       1
  177     468       1
  177     598       1
  178     515       1
  178     565       1
  179     590       1
  180     274       1
  180     479       1
  181     472       1
  183     220       1
  183     493       1
  183     569       1
  183     588       1
  183     599       1
  184     202       1
  184     486       1
  185     455       1
  186     522       1
  187     311       1
  187     415       1
  187     420       1
  187     435       1
  188     269       1
  191     392       1
  193     582       1
  194     582       1
  195     311       1
  195     351       1
  196     322       1
  197     285       1
  197     290       1
  197     301       1
  197     338       1
  197     427       1
  198     346       1
  198     526       1
  200     569       1
  201     453       1
  201     482       1
  202     217       1
  202     354       1
  203     459       1
  205     287       1
  205     413       1
  205     495       1
  206     307       1
  207     387       1
  207     537       1
  209     213       1
  209     400       1
  209     528       1
  210     423       1
  213     548       1
  214     215       1
  215     268       1
  215     285       1
  215     299       1
  215     484       1
  215     487       1
  216     377       1
  216     465       1
  218     496       1
  218     564       1
  219     564       1
  220     264       1
  221     412       1
  223     266       1
  223     372       1
  225     503       1
  226     531       1
  227     239       1
  227     548       1
  228     487       1
  228     521       1
  229     329       1
  229     437       1
  229     493       1
  231     454       1
  231     535       1
  232     275       1
  232     456       1
  232     465       1
  233     288       1
  233     350       1
  234     515       1
  235     338       1
  236     250       1
  237     438       1
  238     259       1
  239     554       1
  241     257       1
  241     280       1
  241     313       1
  242     552       1
  243     535       1
  244     328       1
  244     590       1
  246     281       1
  247     270       1
  247     312       1
  248     322       1
  249     541       1
  250     395       1
  252     283       1
  253     530       1
  253     587       1
  254     483       1
  255     272       1
  255     307       1
  255     434       1
  255     582       1
  259     310       1
  259     537       1
  260     435       1
  260     540       1
  261     513       1
  262     293       1
  262     411       1
  266     305       1
  266     423       1
  267     434       1
  267     491       1
  269     508       1
  269     574       1
  270     407       1
  270     430       1
  270     513       1
  270     517       1
  273     510       1
  273     514       1
  274     444       1
  275     403       1
  275     507       1
  275     531       1
  276     353       1
  276     368       1
  277     452       1
  278     301       1
  279     326       1
  279     546       1
  280     302       1
  280     327       1
  280     512       1
  280     577       1
  281     413       1
  281     519       1
  282     363       1
  284     418       1
  284     460       1
  286     345       1
  286     353       1
  290     353       1
  291     464       1
  293     517       1
  294     338       1
  296     398       1
  296     493       1
  297     348       1
  297     365       1
  297     521       1
  297     552       1
  297     583       1
  298     405       1
  298     428       1
  299     471       1
  301     388       1
  301     462       1
  301     598       1
  303     340       1
  304     408       1
  304     514       1
  305     380       1
  305     478       1
  305     594       1
  307     358       1
  307     425       1
  307     553       1
  308     332       1
  310     319       1
  310     446       1
  310     586       1
  311     410       1
  311     465       1
  311     568       1
  314     322       1
  315     459       1
  316     526       1
  317     551       1
  318     380       1
  318     406       1
  318     458       1
  319     580       1
  320     445       1
  320     519       1
  321     400       1
  321     481       1
  322     462       1
  323     359       1
  326     432       1
  327     563       1
  328     558       1
  329     446       1
  330     344       1
  331     406       1
  333     372       1
  337     462       1
  338     466       1
  339     560       1
  340     465       1
  341     364       1
  341     559       1
  342     344       1
  342     371       1
  343     462       1
  344     598       1
  345     431       1
  348     390       1
  350     541       1
  351     512       1
  352     367       1
  353     438       1
  354     567       1
  355     383       1
  357     459       1
  358     394       1
  359     570       1
  361     450       1
  362     404       1
  362     416       1
  363     375       1
  364     425       1
  364     500       1
  365     506       1
  367     501       1
  368     542       1
  369     427       1
  370     476       1
  370     488       1
  371     389       1
  371     433       1
  372     510       1
  373     525       1
  376     536       1
  377     509       1
  380     410       1
  380     475       1
  381     478       1
  382     511       1
  383     464       1
  383     504       1
  385     499       1
  386     513       1
  386     549       1
  390     492       1
  391     539       1
  392     415       1
  392     432       1
  392     513       1
  393     556       1
  396     537       1
  397     422       1
  397     499       1
  399     544       1
  401     460       1
  401     470       1
  402     526       1
  403     475       1
  404     426       1
  407     493       1
  407     598       1
  409     418       1
  409     477       1
  411     494       1
  411     555       1
  412     576       1
  413     564       1
  414     432       1
  415     465       1
  419     444       1
  422     507       1
  423     460       1
  423     539       1
  424     579       1
  425     448       1
  425     598       1
  430     485       1
  430     552       1
  432     473       1
  432     482       1
  432     551       1
  433     513       1
  433     562       1
  436     438       1
  439     572       1
  442     557       1
  442     571       1
  443     465       1
  452     530       1
  452     535       1
  452     566       1
  453     496       1
  457     558       1
  457     595       1
  458     459       1
  463     475       1
  465     540       1
  468     533       1
  469     516       1
  470     543       1
  474     476       1
  474     589       1
  476     524       1
  477     517       1
  480     544       1
  481     597       1
  482     525       1
  483     503       1
  483     547       1
  494     498       1
  502     550       1
  504     538       1
  506     600       1
  509     514       1
  510     540       1
  510     585       1
  512     557       1
  515     569       1
  517     529       1
  518     548       1
  521     545       1
  521     571       1
  527     544       1
  530     533       1
  549     564       1
  552     599       1
  556     569       1
  558     562       1
  561     584       1
  570     572       1
  591     598       1
