  100     144
    1      20       1
    1      61       1
    1     100       1
    2      18       1
    2      64       1
    2      74       1
    2     100       1
    3      53       1
    4      52       1
    4      70       1
    5      69       1
    5      75       1
    6      41       1
    6      56       1
    6      63       1
    7      22       1
    7      37       1
    7      88       1
    7      90       1
    7     100       1
    8      37       1
    8      50       1
    9      35       1
    9      87       1
   10      22       1
   10      30       1
   11      58       1
   11      62       1
   12      25       1
   12      45       1
   12      96       1
   13      63       1
   14      39       1
   14      60       1
   14      69       1
   15      21       1
   15      54       1
   15      79       1
   16      40       1
   16      75       1
   16      77       1
   16      86       1
   16      89       1
   17      18       1
   17      73       1
   18      35       1
   18      37       1
   18      52       1
   18      65       1
   19      53       1
   20      30       1
   20      66       1
   21      40       1
   21      82       1
   22      43       1
   22      60       1
   22      84       1
   23      77       1
   24      83       1
   26      37       1
   26      59       1
   26      97       1
   27      37       1
   27      55       1
   27      85       1
   28      32       1
   28      39       1
   28      50       1
   28      67       1
   29      70       1
   29      89       1
   29      91       1
   29      93       1
   30      76       1
   31      49       1
   31      92       1
   31      93       1
   32      66       1
   32      79       1
   33      37       1
   33      41       1
   33      69       1
   33      70       1
   33      82       1
   33      84       1
   34      84       1
   36      37       1
   36      65       1
   36     100       1
   37      59       1
   37      64       1
   37      98       1
   38      60       1
   38      65       1
   39      96       1
   40      81       1
   41      63       1
   41      91       1
   42      66       1
   43      48       1
   44      72       1
   45      86       1
   46      55       1
   46      58       1
   46      62       1
   46      79       1
   47      60       1
   49      85       1
   50      54       1
   51      71       1
   52      84       1
   53      80       1
   53      84       1
   53     100       1
   54      66       1
   54      69       1
   55      60       1
   56      73       1
   56      79       1
   57      67       1
   57      82       1
   57      99       1
   58      68       1
   58      71       1
   58      96       1
   60      61       1
   62      66       1
   62      78       1
   62      82       1
   63      70       1
   65      83       1
   69      71       1
   69      75       1
   70      75       1
   71      89       1
   72      90       1
   75      96       1
   76      82       1
   80      88       1
   80     100       1
   82      96       1
   90      99       1
   94     100       1
   95      98       1
