  800     929
    1     729       1
    2     389       1
    3     146       1
    3     721       1
    3     730       1
    3     760       1
    4      37       1
    5     698       1
    6     191       1
    6     232       1
    6     275       1
    7     242       1
    8      67       1
    8     638       1
    9      46       1
    9     589       1
   10     100       1
   10     292       1
   11     192       1
   11     196       1
   11     250       1
   11     575       1
   12     362       1
   13     411       1
   14     546       1
   15      86       1
   15     157       1
   15     575       1
   16     753       1
   17     198       1
   17     293       1
   17     697       1
   18     563       1
   19     259       1
   19     268       1
   19     479       1
   19     726       1
   20      82       1
   20     777       1
   21     421       1
   21     437       1
   22     180       1
   23     225       1
   24      32       1
   24      39       1
   24      46       1
   24     251       1
   24     693       1
   24     755       1
   25      76       1
   25     405       1
   26     128       1
   27     161       1
   28     674       1
   28     717       1
   29     364       1
   29     418       1
   29     528       1
   30     290       1
   30     519       1
   30     751       1
   31     171       1
   32     440       1
   32     472       1
   33      66       1
   33     172       1
   33     627       1
   33     651       1
   34     708       1
   35      61       1
   35     436       1
   35     462       1
   35     542       1
   36     774       1
   37     118       1
   38     409       1
   38     672       1
   39     236       1
   39     257       1
   39     591       1
   39     787       1
   40     497       1
   41     176       1
   42     228       1
   42     333       1
   42     353       1
   43     345       1
   43     379       1
   43     480       1
   43     499       1
   44     373       1
   45     276       1
   45     772       1
   46     243       1
   47      97       1
   47     153       1
   47     395       1
   47     471       1
   47     555       1
   47     711       1
   48      98       1
   48     144       1
   48     265       1
   48     332       1
   48     620       1
   48     670       1
   49     414       1
   50     116       1
   50     485       1
   51     228       1
   51     260       1
   51     338       1
   51     339       1
   52     250       1
   52     492       1
   53     685       1
   54      75       1
   54     308       1
   54     637       1
   55     360       1
   55     387       1
   56      96       1
   56     545       1
   57     372       1
   57     636       1
   58     289       1
   59     510       1
   60     467       1
   60     566       1
   61     167       1
   62     138       1
   62     486       1
   63     580       1
   64     324       1
   65     165       1
   65     217       1
   65     567       1
   65     568       1
   66     772       1
   67     529       1
   68     215       1
   68     584       1
   68     796       1
   69     104       1
   69     151       1
   69     175       1
   69     177       1
   69     747       1
   70     103       1
   71     362       1
   71     461       1
   71     736       1
   72     619       1
   72     724       1
   73     193       1
   74     247       1
   75     205       1
   75     290       1
   75     340       1
   77     363       1
   77     798       1
   78     244       1
   79      86       1
   79     722       1
   80     377       1
   80     504       1
   80     524       1
   80     596       1
   81     126       1
   81     142       1
   81     353       1
   81     520       1
   82     111       1
   82     268       1
   82     431       1
   82     487       1
   83     583       1
   83     675       1
   83     742       1
   84     566       1
   85     413       1
   85     453       1
   86     582       1
   86     597       1
   86     643       1
   87     207       1
   88     747       1
   89     422       1
   90     137       1
   91     673       1
   92     128       1
   92     235       1
   93     234       1
   93     368       1
   94     351       1
   94     572       1
   94     658       1
   94     746       1
   95     218       1
   95     325       1
   97     429       1
   97     482       1
   99     285       1
  100     179       1
  100     238       1
  100     299       1
  100     475       1
  100     512       1
  100     767       1
  101     572       1
  102     550       1
  102     667       1
  102     748       1
  103     143       1
  103     251       1
  103     733       1
  104     498       1
  105     208       1
  105     780       1
  106     420       1
  107     350       1
  107     365       1
  107     777       1
  108     127       1
  108     200       1
  108     361       1
  108     398       1
  109     355       1
  109     366       1
  109     411       1
  109     490       1
  109     622       1
  110     567       1
  111     534       1
  112     423       1
  112     595       1
  113     567       1
  113     571       1
  113     702       1
  114     185       1
  114     225       1
  114     411       1
  114     745       1
  115     660       1
  116     123       1
  116     307       1
  117     247       1
  118     254       1
  118     438       1
  118     590       1
  118     710       1
  119     171       1
  119     226       1
  119     247       1
  119     292       1
  120     249       1
  121     581       1
  122     154       1
  123     573       1
  124     135       1
  124     137       1
  124     267       1
  124     382       1
  124     383       1
  124     549       1
  124     706       1
  124     767       1
  125     208       1
  125     790       1
  126     163       1
  126     740       1
  127     246       1
  127     267       1
  127     517       1
  127     523       1
  128     563       1
  129     632       1
  130     187       1
  131     159       1
  131     254       1
  131     348       1
  131     678       1
  132     596       1
  132     618       1
  132     643       1
  133     324       1
  133     387       1
  133     451       1
  133     674       1
  133     736       1
  134     313       1
  134     402       1
  134     446       1
  135     720       1
  136     782       1
  137     210       1
  138     173       1
  138     333       1
  138     540       1
  139     294       1
  140     582       1
  141     273       1
  141     277       1
  142     324       1
  144     772       1
  145     463       1
  146     316       1
  147     581       1
  148     317       1
  148     477       1
  148     582       1
  148     754       1
  149     230       1
  149     295       1
  150     281       1
  152     698       1
  153     469       1
  153     560       1
  154     341       1
  154     669       1
  155     174       1
  155     466       1
  156     477       1
  157     184       1
  158     321       1
  158     442       1
  160     306       1
  160     682       1
  161     410       1
  161     777       1
  162     445       1
  163     211       1
  163     784       1
  164     482       1
  165     330       1
  165     557       1
  166     356       1
  166     594       1
  167     771       1
  168     318       1
  168     505       1
  168     563       1
  169     334       1
  170     370       1
  170     475       1
  170     751       1
  171     497       1
  172     683       1
  173     630       1
  174     566       1
  174     609       1
  176     261       1
  176     509       1
  176     570       1
  176     629       1
  176     659       1
  178     243       1
  179     390       1
  179     599       1
  179     693       1
  180     384       1
  180     418       1
  180     433       1
  180     796       1
  181     225       1
  182     667       1
  183     772       1
  185     260       1
  186     428       1
  187     352       1
  187     508       1
  187     529       1
  187     542       1
  187     554       1
  187     623       1
  188     682       1
  189     528       1
  189     621       1
  190     526       1
  190     538       1
  190     643       1
  191     352       1
  191     626       1
  192     361       1
  192     573       1
  192     713       1
  193     684       1
  194     585       1
  194     798       1
  195     319       1
  195     344       1
  195     376       1
  196     271       1
  197     250       1
  197     521       1
  197     690       1
  199     341       1
  200     650       1
  201     571       1
  202     706       1
  203     502       1
  203     508       1
  203     515       1
  203     775       1
  204     331       1
  204     449       1
  204     500       1
  204     693       1
  205     648       1
  206     677       1
  207     638       1
  208     775       1
  209     693       1
  210     404       1
  211     483       1
  211     685       1
  212     241       1
  213     293       1
  213     437       1
  214     651       1
  215     602       1
  216     397       1
  218     604       1
  218     692       1
  219     551       1
  220     702       1
  221     609       1
  221     797       1
  222     248       1
  222     505       1
  222     508       1
  222     531       1
  223     455       1
  223     591       1
  223     794       1
  224     537       1
  224     550       1
  224     612       1
  224     635       1
  225     324       1
  225     563       1
  225     625       1
  225     688       1
  226     448       1
  227     270       1
  228     232       1
  228     281       1
  228     312       1
  228     715       1
  229     243       1
  230     254       1
  230     441       1
  230     474       1
  230     766       1
  231     527       1
  232     414       1
  232     423       1
  232     448       1
  232     453       1
  232     674       1
  233     478       1
  235     397       1
  236     261       1
  236     288       1
  237     651       1
  239     373       1
  240     374       1
  241     311       1
  241     452       1
  241     584       1
  241     698       1
  242     702       1
  242     771       1
  244     362       1
  244     399       1
  245     343       1
  245     641       1
  246     713       1
  248     306       1
  248     770       1
  249     275       1
  250     293       1
  250     609       1
  251     719       1
  251     795       1
  252     487       1
  253     788       1
  254     519       1
  255     343       1
  256     542       1
  256     578       1
  256     654       1
  256     793       1
  258     765       1
  260     524       1
  261     467       1
  262     418       1
  262     692       1
  263     511       1
  264     273       1
  264     719       1
  264     765       1
  265     666       1
  265     739       1
  266     456       1
  266     534       1
  267     644       1
  268     494       1
  268     577       1
  268     757       1
  269     416       1
  270     370       1
  270     565       1
  270     682       1
  271     636       1
  271     653       1
  272     448       1
  272     528       1
  274     351       1
  274     410       1
  275     508       1
  276     654       1
  277     710       1
  278     305       1
  279     361       1
  279     569       1
  280     347       1
  280     480       1
  280     522       1
  281     547       1
  281     552       1
  282     314       1
  282     515       1
  282     549       1
  283     333       1
  284     423       1
  284     621       1
  284     685       1
  285     729       1
  286     613       1
  287     745       1
  289     300       1
  289     520       1
  291     432       1
  294     426       1
  296     550       1
  297     356       1
  297     559       1
  298     722       1
  299     593       1
  300     475       1
  301     350       1
  301     580       1
  301     702       1
  302     379       1
  303     706       1
  304     593       1
  305     510       1
  305     795       1
  306     360       1
  306     478       1
  306     510       1
  306     728       1
  306     763       1
  306     800       1
  309     798       1
  310     557       1
  311     400       1
  311     429       1
  311     502       1
  313     384       1
  314     326       1
  314     527       1
  314     707       1
  315     444       1
  315     495       1
  315     564       1
  315     665       1
  319     656       1
  320     498       1
  321     601       1
  321     688       1
  322     711       1
  323     628       1
  324     356       1
  324     357       1
  324     475       1
  324     508       1
  324     562       1
  324     670       1
  324     693       1
  324     740       1
  325     453       1
  326     475       1
  327     515       1
  328     491       1
  328     722       1
  329     593       1
  330     567       1
  331     344       1
  331     565       1
  332     590       1
  334     336       1
  335     508       1
  335     710       1
  336     769       1
  337     386       1
  338     401       1
  338     761       1
  338     773       1
  340     543       1
  341     402       1
  341     762       1
  341     774       1
  341     775       1
  342     577       1
  343     482       1
  345     419       1
  346     571       1
  348     643       1
  349     688       1
  351     485       1
  351     576       1
  354     729       1
  356     593       1
  357     397       1
  358     689       1
  359     415       1
  360     473       1
  361     374       1
  361     524       1
  361     561       1
  362     482       1
  362     508       1
  362     589       1
  363     408       1
  365     496       1
  365     775       1
  366     614       1
  367     448       1
  367     643       1
  368     430       1
  368     724       1
  369     555       1
  371     415       1
  372     454       1
  372     609       1
  373     384       1
  373     508       1
  373     662       1
  373     701       1
  375     420       1
  375     685       1
  376     654       1
  378     395       1
  379     487       1
  379     546       1
  379     563       1
  379     770       1
  380     658       1
  381     685       1
  383     423       1
  383     792       1
  385     458       1
  385     775       1
  386     444       1
  386     544       1
  386     567       1
  386     617       1
  386     637       1
  388     597       1
  389     486       1
  390     800       1
  391     596       1
  391     723       1
  392     562       1
  393     413       1
  394     400       1
  395     460       1
  396     780       1
  397     420       1
  398     421       1
  398     798       1
  399     768       1
  400     470       1
  401     690       1
  402     668       1
  403     642       1
  403     720       1
  403     744       1
  405     464       1
  405     543       1
  405     638       1
  406     551       1
  406     684       1
  406     731       1
  407     573       1
  407     628       1
  409     622       1
  410     501       1
  412     522       1
  413     553       1
  414     700       1
  415     419       1
  416     503       1
  417     549       1
  419     448       1
  419     449       1
  419     652       1
  420     515       1
  420     573       1
  421     727       1
  421     776       1
  422     525       1
  422     781       1
  424     685       1
  425     497       1
  425     516       1
  426     466       1
  426     707       1
  427     588       1
  427     607       1
  428     475       1
  429     737       1
  432     498       1
  432     729       1
  433     697       1
  434     742       1
  435     463       1
  437     638       1
  438     478       1
  438     484       1
  438     677       1
  438     730       1
  439     565       1
  439     758       1
  440     507       1
  440     640       1
  441     487       1
  441     513       1
  441     514       1
  441     639       1
  442     511       1
  443     659       1
  444     448       1
  444     607       1
  444     766       1
  445     779       1
  447     603       1
  448     459       1
  448     508       1
  448     579       1
  448     663       1
  449     533       1
  450     679       1
  450     691       1
  450     767       1
  450     791       1
  452     505       1
  452     760       1
  453     526       1
  453     587       1
  453     681       1
  453     781       1
  455     557       1
  456     474       1
  456     645       1
  457     738       1
  458     720       1
  459     671       1
  459     732       1
  460     635       1
  462     626       1
  463     581       1
  463     591       1
  464     712       1
  465     645       1
  466     580       1
  468     590       1
  468     598       1
  469     753       1
  470     550       1
  471     589       1
  471     604       1
  474     700       1
  475     492       1
  475     534       1
  476     737       1
  477     511       1
  477     619       1
  481     603       1
  484     708       1
  486     703       1
  486     796       1
  487     506       1
  487     731       1
  488     701       1
  489     636       1
  489     663       1
  491     710       1
  493     620       1
  495     624       1
  495     753       1
  496     606       1
  497     586       1
  499     610       1
  499     791       1
  500     746       1
  502     592       1
  502     683       1
  502     696       1
  502     763       1
  503     540       1
  503     556       1
  503     559       1
  503     749       1
  506     546       1
  508     675       1
  510     672       1
  517     697       1
  518     519       1
  519     536       1
  526     699       1
  527     786       1
  527     788       1
  528     718       1
  528     779       1
  529     700       1
  530     603       1
  531     631       1
  532     563       1
  533     657       1
  533     705       1
  534     750       1
  535     757       1
  539     727       1
  541     598       1
  544     735       1
  545     715       1
  548     638       1
  549     582       1
  549     687       1
  549     729       1
  549     747       1
  550     723       1
  550     729       1
  552     614       1
  554     799       1
  558     711       1
  560     680       1
  563     578       1
  563     645       1
  563     685       1
  563     726       1
  564     623       1
  564     780       1
  566     673       1
  572     675       1
  574     757       1
  580     585       1
  580     606       1
  581     674       1
  584     689       1
  588     615       1
  591     724       1
  596     693       1
  596     703       1
  598     706       1
  600     660       1
  601     791       1
  603     718       1
  605     780       1
  606     800       1
  608     676       1
  608     757       1
  609     649       1
  611     653       1
  613     798       1
  616     798       1
  619     696       1
  623     703       1
  625     714       1
  627     775       1
  629     633       1
  632     728       1
  633     655       1
  634     796       1
  635     706       1
  637     744       1
  638     740       1
  641     673       1
  641     754       1
  646     766       1
  647     759       1
  649     725       1
  649     738       1
  653     769       1
  655     767       1
  657     695       1
  659     734       1
  660     762       1
  661     716       1
  661     740       1
  661     741       1
  664     724       1
  667     687       1
  668     686       1
  672     704       1
  674     729       1
  676     782       1
  685     760       1
  693     756       1
  694     711       1
  699     752       1
  709     795       1
  728     738       1
  732     797       1
  738     767       1
  740     743       1
  740     778       1
  740     792       1
  743     783       1
  753     789       1
  758     769       1
  759     764       1
  763     764       1
  769     775       1
  781     785       1
  789     795       1
