  500     602
    1     347       1
    2     138       1
    2     154       1
    3     125       1
    3     304       1
    3     416       1
    4      61       1
    4      82       1
    5     158       1
    5     429       1
    6      16       1
    7      32       1
    7      63       1
    7     417       1
    8      24       1
    8     128       1
    8     385       1
    8     456       1
    9     216       1
    9     488       1
   10     208       1
   10     294       1
   11     310       1
   12     123       1
   12     237       1
   12     373       1
   12     419       1
   13      87       1
   13     182       1
   13     303       1
   13     326       1
   13     423       1
   14     366       1
   15     138       1
   16     234       1
   16     292       1
   17      71       1
   17     151       1
   18     336       1
   18     403       1
   19     108       1
   20     422       1
   21     287       1
   22     220       1
   23     247       1
   23     267       1
   24      97       1
   25     188       1
   25     458       1
   26     410       1
   27     354       1
   27     452       1
   28     200       1
   28     223       1
   28     287       1
   29     108       1
   29     436       1
   30     112       1
   31     129       1
   31     214       1
   31     260       1
   31     475       1
   32     430       1
   32     458       1
   33      87       1
   33     279       1
   33     355       1
   34     189       1
   34     333       1
   35     483       1
   36     341       1
   36     405       1
   37      38       1
   37     342       1
   37     386       1
   37     409       1
   38      89       1
   38      95       1
   38     134       1
   38     309       1
   38     438       1
   38     444       1
   38     451       1
   39     351       1
   39     410       1
   40     183       1
   40     235       1
   41     318       1
   41     429       1
   42     107       1
   42     404       1
   43      77       1
   43     207       1
   44     471       1
   45     186       1
   45     295       1
   46     251       1
   47     297       1
   47     397       1
   48     279       1
   48     395       1
   49     347       1
   49     395       1
   50     138       1
   50     476       1
   51      56       1
   51     220       1
   52     122       1
   52     378       1
   52     380       1
   52     471       1
   52     477       1
   53     370       1
   54     304       1
   55      95       1
   55     188       1
   55     189       1
   55     198       1
   55     233       1
   55     240       1
   55     486       1
   56     216       1
   57     166       1
   57     330       1
   58     491       1
   59     137       1
   59     212       1
   59     302       1
   59     496       1
   60     148       1
   62      89       1
   62     179       1
   62     204       1
   62     436       1
   62     439       1
   63     499       1
   64     278       1
   64     291       1
   64     499       1
   65     327       1
   66     232       1
   66     306       1
   67     125       1
   67     324       1
   67     472       1
   68      73       1
   68     203       1
   68     211       1
   68     294       1
   68     345       1
   68     359       1
   68     442       1
   68     448       1
   69      88       1
   70     420       1
   71     470       1
   72     419       1
   74     259       1
   75     228       1
   75     354       1
   75     393       1
   76     486       1
   77      98       1
   77     106       1
   77     407       1
   78     219       1
   79      92       1
   79     439       1
   80     205       1
   80     228       1
   80     500       1
   81     217       1
   82     305       1
   82     427       1
   83     351       1
   84     167       1
   84     491       1
   85     483       1
   86     360       1
   87     249       1
   87     296       1
   88     143       1
   88     266       1
   88     323       1
   88     360       1
   88     364       1
   88     365       1
   88     478       1
   89     241       1
   89     297       1
   89     491       1
   90     358       1
   90     410       1
   91     147       1
   92     273       1
   92     332       1
   92     494       1
   93     334       1
   93     489       1
   94     139       1
   94     248       1
   94     491       1
   95     378       1
   95     479       1
   96     163       1
   96     273       1
   96     447       1
   97     129       1
   97     216       1
   99     305       1
   99     454       1
  100     181       1
  101     149       1
  101     428       1
  101     485       1
  102     328       1
  102     498       1
  103     182       1
  103     194       1
  103     287       1
  103     425       1
  104     139       1
  104     229       1
  104     289       1
  104     313       1
  105     181       1
  105     292       1
  105     424       1
  106     297       1
  106     374       1
  106     431       1
  106     495       1
  107     222       1
  107     475       1
  108     404       1
  108     437       1
  109     245       1
  109     306       1
  109     373       1
  110     286       1
  110     488       1
  111     283       1
  111     315       1
  112     372       1
  112     440       1
  113     469       1
  114     249       1
  114     459       1
  115     317       1
  116     178       1
  116     270       1
  117     199       1
  118     462       1
  119     216       1
  120     171       1
  120     290       1
  120     306       1
  120     338       1
  120     405       1
  121     134       1
  121     453       1
  122     471       1
  124     432       1
  125     491       1
  125     499       1
  126     165       1
  126     166       1
  127     318       1
  127     357       1
  129     442       1
  129     464       1
  130     471       1
  130     486       1
  131     233       1
  132     367       1
  132     433       1
  132     442       1
  132     463       1
  133     321       1
  133     446       1
  134     150       1
  135     275       1
  136     369       1
  137     281       1
  137     300       1
  137     348       1
  138     427       1
  138     443       1
  139     162       1
  139     227       1
  140     271       1
  141     297       1
  142     155       1
  142     427       1
  144     211       1
  145     410       1
  146     339       1
  147     335       1
  147     337       1
  148     329       1
  148     449       1
  150     427       1
  152     498       1
  153     297       1
  153     381       1
  154     276       1
  156     168       1
  156     254       1
  156     394       1
  157     220       1
  159     422       1
  160     320       1
  160     419       1
  161     204       1
  161     299       1
  162     175       1
  163     236       1
  163     250       1
  163     301       1
  164     355       1
  165     385       1
  166     459       1
  166     470       1
  167     351       1
  167     353       1
  167     405       1
  168     179       1
  169     253       1
  170     335       1
  171     403       1
  172     413       1
  173     366       1
  173     475       1
  174     362       1
  174     464       1
  175     267       1
  176     348       1
  177     307       1
  178     245       1
  178     276       1
  178     278       1
  180     361       1
  181     229       1
  181     406       1
  182     204       1
  182     315       1
  182     316       1
  182     422       1
  182     491       1
  183     264       1
  184     201       1
  184     242       1
  185     215       1
  185     310       1
  185     408       1
  185     455       1
  185     470       1
  186     424       1
  187     354       1
  189     492       1
  190     229       1
  190     280       1
  191     403       1
  192     417       1
  193     379       1
  195     208       1
  196     439       1
  197     242       1
  198     217       1
  198     259       1
  198     348       1
  198     350       1
  198     386       1
  198     431       1
  199     306       1
  200     434       1
  202     340       1
  202     399       1
  204     224       1
  206     376       1
  206     415       1
  207     210       1
  207     438       1
  208     385       1
  208     432       1
  209     329       1
  210     244       1
  210     317       1
  211     275       1
  211     372       1
  211     491       1
  212     367       1
  212     411       1
  212     473       1
  213     327       1
  213     378       1
  213     449       1
  213     480       1
  213     493       1
  218     245       1
  218     248       1
  219     313       1
  219     362       1
  220     255       1
  220     325       1
  220     368       1
  220     377       1
  220     439       1
  220     447       1
  221     419       1
  223     325       1
  225     264       1
  225     280       1
  226     295       1
  227     259       1
  229     301       1
  229     305       1
  229     485       1
  229     499       1
  230     297       1
  231     448       1
  232     285       1
  232     488       1
  233     417       1
  234     354       1
  235     439       1
  236     246       1
  236     415       1
  238     311       1
  238     491       1
  239     267       1
  240     487       1
  241     322       1
  242     354       1
  242     420       1
  243     388       1
  245     255       1
  245     298       1
  245     382       1
  246     349       1
  246     436       1
  247     312       1
  247     499       1
  250     344       1
  251     305       1
  252     293       1
  253     281       1
  253     329       1
  253     420       1
  254     255       1
  255     290       1
  255     434       1
  256     294       1
  257     293       1
  258     478       1
  258     479       1
  261     297       1
  261     465       1
  262     287       1
  263     335       1
  264     396       1
  265     329       1
  268     302       1
  268     318       1
  268     418       1
  268     419       1
  269     301       1
  270     278       1
  270     482       1
  271     276       1
  272     417       1
  274     361       1
  275     391       1
  275     481       1
  276     439       1
  276     491       1
  277     363       1
  278     466       1
  279     470       1
  280     378       1
  281     346       1
  281     362       1
  281     375       1
  281     497       1
  281     499       1
  282     436       1
  283     388       1
  283     476       1
  284     471       1
  284     491       1
  286     379       1
  288     326       1
  291     494       1
  292     333       1
  293     484       1
  293     485       1
  294     360       1
  294     376       1
  295     369       1
  297     438       1
  298     358       1
  300     308       1
  301     461       1
  302     356       1
  303     353       1
  305     344       1
  305     405       1
  305     475       1
  307     426       1
  307     491       1
  309     327       1
  314     395       1
  316     400       1
  317     445       1
  318     482       1
  319     359       1
  319     419       1
  321     500       1
  324     434       1
  325     431       1
  326     340       1
  326     414       1
  326     465       1
  328     454       1
  331     343       1
  332     400       1
  332     402       1
  334     363       1
  334     384       1
  334     462       1
  335     347       1
  335     436       1
  336     383       1
  337     358       1
  339     438       1
  340     381       1
  340     494       1
  342     390       1
  343     454       1
  344     429       1
  345     401       1
  345     460       1
  345     490       1
  346     497       1
  349     363       1
  350     469       1
  352     390       1
  354     462       1
  354     475       1
  358     479       1
  359     481       1
  360     385       1
  361     454       1
  362     387       1
  365     438       1
  365     469       1
  366     410       1
  367     412       1
  367     479       1
  368     434       1
  369     440       1
  370     476       1
  371     395       1
  371     497       1
  372     467       1
  374     479       1
  376     408       1
  377     435       1
  378     400       1
  378     500       1
  379     471       1
  381     402       1
  385     413       1
  385     476       1
  385     499       1
  387     440       1
  387     494       1
  389     454       1
  392     498       1
  393     395       1
  395     398       1
  396     443       1
  403     421       1
  405     434       1
  406     439       1
  408     472       1
  419     483       1
  419     491       1
  422     459       1
  425     468       1
  432     441       1
  436     488       1
  436     491       1
  446     470       1
  450     462       1
  452     489       1
  454     494       1
  457     474       1
  457     481       1
  468     494       1
  470     494       1
  491     494       1
