  500     602
    1      42       1
    1     143       1
    1     490       1
    2      19       1
    2     447       1
    3      53       1
    3     457       1
    4     320       1
    4     400       1
    5      98       1
    5     141       1
    5     174       1
    5     271       1
    6     190       1
    7     179       1
    7     351       1
    7     386       1
    8     479       1
    9     308       1
   10     278       1
   10     381       1
   11      32       1
   11      64       1
   11     196       1
   11     292       1
   11     328       1
   12     215       1
   12     365       1
   12     466       1
   13     483       1
   14      23       1
   15     339       1
   16      41       1
   16     317       1
   17     272       1
   18     232       1
   18     439       1
   19     198       1
   20     144       1
   20     282       1
   21     318       1
   22     290       1
   22     355       1
   22     465       1
   23     144       1
   23     186       1
   23     211       1
   23     412       1
   23     451       1
   23     483       1
   24     212       1
   24     297       1
   24     323       1
   24     340       1
   25      66       1
   25     154       1
   26     203       1
   27      61       1
   27      79       1
   27     170       1
   27     176       1
   27     200       1
   27     265       1
   27     287       1
   27     394       1
   28     174       1
   29     176       1
   30      80       1
   30     107       1
   31      90       1
   31     462       1
   33     125       1
   34     144       1
   34     317       1
   35     429       1
   36     499       1
   37     488       1
   38      64       1
   38     391       1
   38     462       1
   39      47       1
   39     212       1
   39     306       1
   39     321       1
   39     402       1
   40     487       1
   41     207       1
   41     346       1
   41     385       1
   42     133       1
   42     145       1
   42     152       1
   42     159       1
   42     221       1
   43     198       1
   43     205       1
   43     390       1
   44     320       1
   44     348       1
   45     331       1
   45     346       1
   46     119       1
   46     239       1
   46     449       1
   48     412       1
   49     162       1
   50      51       1
   50      87       1
   52     167       1
   52     219       1
   52     279       1
   53      87       1
   53     154       1
   53     231       1
   53     353       1
   54     176       1
   54     191       1
   54     277       1
   55      58       1
   55     272       1
   55     421       1
   56      88       1
   56     127       1
   56     161       1
   56     261       1
   56     294       1
   56     431       1
   57     285       1
   59     310       1
   59     377       1
   60     285       1
   60     321       1
   61     108       1
   61     163       1
   61     383       1
   62     143       1
   62     303       1
   63     269       1
   63     275       1
   63     395       1
   64     237       1
   64     314       1
   65     182       1
   65     456       1
   65     472       1
   66     316       1
   66     427       1
   67     343       1
   67     409       1
   68     152       1
   68     224       1
   69     138       1
   69     287       1
   69     372       1
   70     248       1
   71     447       1
   72     115       1
   72     496       1
   73     287       1
   73     387       1
   73     454       1
   74      78       1
   74     470       1
   75     256       1
   75     353       1
   76     249       1
   77     265       1
   78     209       1
   78     277       1
   78     309       1
   78     334       1
   79     273       1
   79     316       1
   79     352       1
   79     370       1
   79     428       1
   80     126       1
   80     190       1
   80     369       1
   80     401       1
   81     115       1
   82     266       1
   82     475       1
   83     247       1
   84     206       1
   84     315       1
   84     455       1
   84     481       1
   85     289       1
   85     310       1
   86     149       1
   86     493       1
   87     100       1
   88     201       1
   88     230       1
   89     226       1
   89     439       1
   90     368       1
   91     329       1
   92     160       1
   92     339       1
   93     344       1
   94     414       1
   95     379       1
   95     472       1
   95     480       1
   96     139       1
   96     293       1
   97     160       1
   97     174       1
   97     247       1
   97     357       1
   97     474       1
   98     248       1
   98     433       1
   99     193       1
   99     427       1
  100     343       1
  101     155       1
  101     359       1
  102     155       1
  103     111       1
  104     134       1
  105     285       1
  105     382       1
  106     392       1
  109     177       1
  110     176       1
  111     185       1
  111     206       1
  112     413       1
  112     483       1
  113     397       1
  114     380       1
  115     483       1
  116     242       1
  116     264       1
  116     265       1
  116     327       1
  116     429       1
  117     235       1
  117     390       1
  118     242       1
  118     301       1
  118     308       1
  119     155       1
  119     235       1
  119     437       1
  120     162       1
  120     355       1
  121     279       1
  122     230       1
  122     442       1
  123     241       1
  123     394       1
  123     410       1
  124     452       1
  125     176       1
  126     340       1
  126     429       1
  126     436       1
  127     178       1
  128     199       1
  128     205       1
  128     329       1
  129     281       1
  129     295       1
  130     323       1
  131     231       1
  131     278       1
  131     346       1
  131     417       1
  131     466       1
  132     368       1
  133     473       1
  134     394       1
  135     366       1
  135     493       1
  136     322       1
  136     342       1
  136     458       1
  137     190       1
  137     498       1
  138     164       1
  139     207       1
  139     280       1
  139     443       1
  140     333       1
  140     393       1
  142     177       1
  142     343       1
  142     360       1
  142     450       1
  142     472       1
  143     189       1
  143     476       1
  145     163       1
  145     319       1
  146     200       1
  147     158       1
  147     180       1
  147     336       1
  147     410       1
  147     474       1
  148     281       1
  148     388       1
  149     192       1
  149     377       1
  149     432       1
  150     158       1
  151     169       1
  151     311       1
  151     392       1
  152     202       1
  152     378       1
  153     162       1
  153     489       1
  154     282       1
  155     246       1
  155     351       1
  156     368       1
  156     497       1
  157     370       1
  157     397       1
  157     458       1
  158     200       1
  158     202       1
  161     177       1
  161     341       1
  163     249       1
  164     199       1
  164     383       1
  165     222       1
  165     328       1
  166     399       1
  167     203       1
  167     233       1
  167     347       1
  168     173       1
  168     181       1
  168     190       1
  168     337       1
  168     395       1
  170     206       1
  170     340       1
  170     424       1
  171     278       1
  171     282       1
  171     464       1
  172     446       1
  173     183       1
  173     260       1
  174     461       1
  174     498       1
  175     348       1
  176     177       1
  176     183       1
  176     385       1
  176     462       1
  177     387       1
  177     478       1
  178     354       1
  180     434       1
  181     283       1
  183     199       1
  183     359       1
  183     439       1
  184     432       1
  186     343       1
  187     197       1
  188     413       1
  189     225       1
  190     233       1
  190     423       1
  190     437       1
  191     209       1
  191     280       1
  191     443       1
  192     447       1
  193     456       1
  194     228       1
  195     316       1
  195     379       1
  196     438       1
  196     494       1
  197     439       1
  200     355       1
  201     426       1
  202     340       1
  203     205       1
  204     229       1
  204     325       1
  204     397       1
  204     488       1
  205     225       1
  205     276       1
  207     217       1
  208     332       1
  208     467       1
  210     410       1
  212     392       1
  212     434       1
  213     323       1
  213     496       1
  214     471       1
  215     456       1
  216     369       1
  218     258       1
  219     255       1
  220     361       1
  220     412       1
  221     243       1
  221     397       1
  222     293       1
  222     334       1
  222     465       1
  223     468       1
  224     481       1
  225     279       1
  225     396       1
  225     444       1
  225     498       1
  226     349       1
  226     433       1
  227     253       1
  228     302       1
  228     404       1
  230     341       1
  231     318       1
  231     475       1
  234     274       1
  235     387       1
  235     408       1
  235     467       1
  236     352       1
  238     330       1
  240     268       1
  241     398       1
  241     485       1
  243     267       1
  243     498       1
  244     408       1
  245     261       1
  245     376       1
  247     471       1
  248     305       1
  248     340       1
  249     253       1
  250     371       1
  250     424       1
  251     274       1
  251     347       1
  252     327       1
  253     389       1
  254     415       1
  254     489       1
  255     418       1
  255     441       1
  256     388       1
  257     445       1
  258     366       1
  258     426       1
  259     260       1
  262     326       1
  262     378       1
  262     458       1
  262     491       1
  263     337       1
  264     390       1
  265     368       1
  265     465       1
  265     479       1
  268     381       1
  270     456       1
  272     385       1
  272     484       1
  275     299       1
  277     357       1
  277     495       1
  278     486       1
  280     347       1
  281     487       1
  284     347       1
  285     377       1
  286     445       1
  287     322       1
  287     399       1
  287     420       1
  288     474       1
  289     298       1
  289     398       1
  291     313       1
  291     355       1
  291     358       1
  291     472       1
  294     333       1
  294     351       1
  296     399       1
  300     425       1
  302     403       1
  304     411       1
  305     483       1
  306     366       1
  307     427       1
  308     400       1
  309     380       1
  309     499       1
  311     467       1
  312     429       1
  314     335       1
  318     385       1
  318     425       1
  319     411       1
  321     383       1
  322     352       1
  322     390       1
  323     382       1
  324     494       1
  325     356       1
  329     472       1
  330     334       1
  332     395       1
  335     384       1
  338     472       1
  339     405       1
  340     361       1
  340     398       1
  341     414       1
  343     446       1
  344     411       1
  344     498       1
  345     371       1
  347     371       1
  347     412       1
  348     375       1
  350     360       1
  351     478       1
  355     376       1
  355     426       1
  356     406       1
  356     440       1
  356     482       1
  356     490       1
  358     441       1
  360     459       1
  362     448       1
  363     482       1
  364     446       1
  365     394       1
  366     373       1
  367     477       1
  368     374       1
  375     376       1
  375     377       1
  375     435       1
  375     441       1
  376     394       1
  377     397       1
  377     460       1
  377     462       1
  381     394       1
  381     471       1
  385     447       1
  385     449       1
  385     492       1
  387     453       1
  388     447       1
  392     452       1
  392     469       1
  393     477       1
  393     496       1
  394     484       1
  397     426       1
  397     446       1
  398     444       1
  398     463       1
  403     414       1
  403     460       1
  406     477       1
  407     445       1
  409     474       1
  412     438       1
  412     468       1
  415     497       1
  416     453       1
  416     488       1
  416     500       1
  418     446       1
  419     474       1
  420     479       1
  420     494       1
  421     453       1
  422     481       1
  424     468       1
  429     445       1
  430     492       1
  433     498       1
  448     460       1
  462     477       1
  483     489       1
  487     494       1
  489     492       1
