   50      85
    1      32       1
    1      35       1
    1      36       1
    2      16       1
    2      27       1
    2      42       1
    3       9       1
    3      35       1
    3      45       1
    4      16       1
    4      22       1
    4      32       1
    4      36       1
    5      21       1
    5      23       1
    5      25       1
    5      28       1
    5      29       1
    5      33       1
    6      13       1
    6      24       1
    6      30       1
    6      35       1
    6      37       1
    6      40       1
    6      45       1
    6      49       1
    7      11       1
    7      27       1
    7      30       1
    7      36       1
    7      38       1
    7      42       1
    8      37       1
    8      43       1
    9      24       1
    9      47       1
   10      35       1
   10      43       1
   11      16       1
   11      17       1
   12      26       1
   12      43       1
   13      32       1
   13      41       1
   14      15       1
   14      18       1
   14      44       1
   15      33       1
   15      36       1
   16      45       1
   17      25       1
   17      31       1
   17      35       1
   17      46       1
   18      30       1
   18      38       1
   18      43       1
   19      22       1
   19      26       1
   19      32       1
   20      45       1
   21      28       1
   21      50       1
   22      29       1
   22      48       1
   23      40       1
   23      45       1
   24      41       1
   25      37       1
   25      42       1
   28      31       1
   28      45       1
   28      48       1
   30      42       1
   32      45       1
   33      42       1
   33      49       1
   34      47       1
   35      45       1
   35      47       1
   39      43       1
   41      49       1
   43      45       1
   47      50       1
