   50      85
    1      14       1
    2      12       1
    2      21       1
    2      22       1
    2      26       1
    2      32       1
    2      38       1
    2      45       1
    3       6       1
    3       7       1
    3      24       1
    3      32       1
    4      35       1
    4      44       1
    5       8       1
    5      50       1
    6      24       1
    6      44       1
    6      46       1
    6      47       1
    7      22       1
    7      38       1
    7      43       1
    8      19       1
    8      26       1
    8      35       1
    9      15       1
    9      40       1
    9      41       1
    9      46       1
   10      36       1
   11      37       1
   11      50       1
   13      25       1
   14      23       1
   14      32       1
   15      17       1
   15      48       1
   15      50       1
   16      17       1
   16      22       1
   16      33       1
   16      45       1
   17      29       1
   17      30       1
   17      46       1
   18      27       1
   18      34       1
   20      41       1
   20      44       1
   21      39       1
   21      47       1
   22      41       1
   23      24       1
   24      27       1
   24      37       1
   24      39       1
   24      42       1
   24      46       1
   25      28       1
   25      33       1
   25      38       1
   25      50       1
   26      36       1
   26      43       1
   27      42       1
   28      31       1
   28      35       1
   28      46       1
   29      40       1
   31      49       1
   32      33       1
   32      34       1
   32      40       1
   32      50       1
   33      45       1
   35      44       1
   36      38       1
   37      45       1
   40      44       1
   40      45       1
   40      48       1
   42      45       1
   42      47       1
   47      49       1
