   50      85
    1      21       1
    1      28       1
    1      32       1
    1      36       1
    1      39       1
    1      42       1
    2      22       1
    2      24       1
    3       5       1
    4      11       1
    4      27       1
    4      31       1
    4      41       1
    4      44       1
    4      49       1
    4      50       1
    5      22       1
    5      46       1
    6      14       1
    6      30       1
    6      38       1
    6      39       1
    6      46       1
    7      43       1
    8      23       1
    8      27       1
    8      38       1
    9      11       1
    9      17       1
    9      26       1
   10      20       1
   10      42       1
   10      47       1
   10      50       1
   11      16       1
   11      24       1
   11      25       1
   11      28       1
   11      43       1
   12      18       1
   13      15       1
   13      18       1
   13      27       1
   14      30       1
   14      48       1
   15      19       1
   15      25       1
   15      31       1
   15      47       1
   16      22       1
   16      42       1
   17      20       1
   17      42       1
   18      28       1
   18      29       1
   18      41       1
   19      22       1
   20      49       1
   20      50       1
   21      26       1
   22      28       1
   22      39       1
   23      29       1
   25      30       1
   25      41       1
   26      35       1
   26      49       1
   27      29       1
   27      42       1
   28      32       1
   28      35       1
   28      37       1
   28      40       1
   29      33       1
   29      49       1
   34      37       1
   34      45       1
   34      48       1
   34      49       1
   36      45       1
   38      41       1
   39      45       1
   39      48       1
   40      45       1
   40      50       1
