  500     602
    1     326       1
    1     404       1
    2     292       1
    3     156       1
    3     161       1
    3     398       1
    4      94       1
    4     363       1
    5      30       1
    5     102       1
    5     354       1
    5     487       1
    6     433       1
    6     490       1
    7     255       1
    8     158       1
    9      17       1
    9     197       1
   10     164       1
   10     166       1
   10     231       1
   10     405       1
   11      62       1
   11     160       1
   11     257       1
   11     303       1
   12     210       1
   13      16       1
   13     234       1
   13     385       1
   14     190       1
   14     238       1
   15      30       1
   15     162       1
   16     221       1
   16     351       1
   16     471       1
   17     281       1
   17     385       1
   18     250       1
   18     368       1
   19     388       1
   19     468       1
   20     152       1
   20     294       1
   20     369       1
   20     399       1
   21     375       1
   22     262       1
   22     334       1
   22     391       1
   23      85       1
   23     399       1
   24     404       1
   25     275       1
   26     429       1
   26     462       1
   27      86       1
   27     159       1
   27     201       1
   27     341       1
   28     265       1
   28     347       1
   29     330       1
   30     118       1
   30     390       1
   30     407       1
   31      33       1
   31     173       1
   31     292       1
   31     306       1
   31     422       1
   32     124       1
   32     385       1
   33     232       1
   33     258       1
   33     409       1
   34      51       1
   34      98       1
   34     309       1
   35      57       1
   35     204       1
   35     374       1
   36     464       1
   37     162       1
   38      62       1
   38     252       1
   38     442       1
   39     354       1
   40      46       1
   40     121       1
   41     325       1
   41     389       1
   42     132       1
   42     331       1
   42     338       1
   42     435       1
   43     318       1
   43     339       1
   44      73       1
   44     368       1
   45     376       1
   46      47       1
   48     385       1
   49     293       1
   49     349       1
   49     446       1
   50     160       1
   51     284       1
   51     366       1
   51     441       1
   52     179       1
   52     281       1
   52     360       1
   52     373       1
   52     402       1
   53      61       1
   53     344       1
   53     470       1
   54     242       1
   54     444       1
   54     483       1
   55     357       1
   56     465       1
   57      79       1
   57     268       1
   57     271       1
   57     362       1
   58     458       1
   58     478       1
   59     354       1
   60     289       1
   61      67       1
   61     167       1
   62     275       1
   63      83       1
   63     287       1
   64     277       1
   64     492       1
   65     181       1
   65     221       1
   65     262       1
   65     360       1
   65     453       1
   66      87       1
   66     135       1
   66     245       1
   67      91       1
   67     349       1
   68     231       1
   68     385       1
   69     412       1
   69     473       1
   70     156       1
   70     401       1
   71     108       1
   72     141       1
   72     469       1
   73     280       1
   74     205       1
   74     222       1
   74     330       1
   75      97       1
   75     464       1
   76     261       1
   77     129       1
   77     189       1
   77     191       1
   78     137       1
   78     365       1
   79     429       1
   80     265       1
   81     453       1
   81     462       1
   82     344       1
   83     136       1
   83     260       1
   84     105       1
   84     121       1
   84     346       1
   84     385       1
   84     493       1
   85     258       1
   85     283       1
   86     186       1
   86     233       1
   87     157       1
   87     256       1
   87     363       1
   88     132       1
   88     298       1
   88     396       1
   88     455       1
   88     462       1
   88     481       1
   89     149       1
   89     358       1
   90     178       1
   91     123       1
   92     167       1
   93     388       1
   94     402       1
   95     160       1
   96     131       1
   96     399       1
   96     454       1
   97     139       1
   97     235       1
   97     365       1
   98     290       1
   99     409       1
  100     293       1
  101     224       1
  101     293       1
  103     458       1
  104     122       1
  104     202       1
  104     450       1
  106     393       1
  107     182       1
  107     217       1
  107     470       1
  108     230       1
  108     418       1
  108     473       1
  109     260       1
  110     133       1
  110     152       1
  110     160       1
  110     266       1
  110     280       1
  110     291       1
  110     379       1
  110     399       1
  110     444       1
  110     458       1
  110     462       1
  111     282       1
  111     354       1
  111     469       1
  111     499       1
  112     252       1
  112     320       1
  112     390       1
  112     473       1
  113     296       1
  113     331       1
  114     190       1
  115     252       1
  115     261       1
  115     307       1
  115     400       1
  115     431       1
  116     479       1
  117     453       1
  119     195       1
  119     350       1
  119     479       1
  119     491       1
  120     156       1
  120     211       1
  121     410       1
  122     469       1
  123     324       1
  123     498       1
  124     139       1
  125     276       1
  125     285       1
  126     243       1
  126     481       1
  127     234       1
  128     452       1
  128     492       1
  129     207       1
  130     248       1
  130     267       1
  130     377       1
  131     164       1
  131     245       1
  132     387       1
  132     497       1
  133     354       1
  134     301       1
  135     315       1
  135     424       1
  136     302       1
  137     382       1
  138     307       1
  140     143       1
  140     209       1
  140     227       1
  140     354       1
  140     404       1
  140     467       1
  141     472       1
  142     325       1
  142     493       1
  143     156       1
  143     200       1
  143     252       1
  143     417       1
  144     155       1
  144     319       1
  145     282       1
  146     288       1
  147     375       1
  148     262       1
  150     430       1
  151     215       1
  152     178       1
  152     189       1
  152     207       1
  152     344       1
  153     203       1
  154     236       1
  154     349       1
  154     376       1
  155     163       1
  155     175       1
  158     297       1
  159     330       1
  160     222       1
  160     260       1
  160     482       1
  164     436       1
  165     359       1
  165     426       1
  168     175       1
  168     261       1
  168     426       1
  169     211       1
  170     462       1
  171     367       1
  171     416       1
  171     421       1
  172     284       1
  172     365       1
  173     187       1
  173     274       1
  173     305       1
  173     419       1
  173     486       1
  173     494       1
  174     466       1
  175     215       1
  175     252       1
  175     322       1
  175     422       1
  176     278       1
  177     186       1
  178     485       1
  179     391       1
  179     395       1
  180     183       1
  180     206       1
  180     323       1
  180     444       1
  180     490       1
  181     247       1
  181     400       1
  181     433       1
  183     251       1
  184     365       1
  185     249       1
  185     398       1
  186     271       1
  186     365       1
  186     436       1
  188     216       1
  189     266       1
  189     375       1
  189     435       1
  190     211       1
  192     382       1
  192     452       1
  192     494       1
  193     304       1
  193     442       1
  194     249       1
  195     349       1
  196     301       1
  196     316       1
  197     277       1
  197     293       1
  197     479       1
  198     315       1
  198     446       1
  199     369       1
  199     482       1
  200     387       1
  202     241       1
  202     253       1
  202     325       1
  202     372       1
  203     356       1
  203     413       1
  203     435       1
  205     273       1
  205     319       1
  205     325       1
  205     348       1
  205     425       1
  205     445       1
  206     402       1
  208     326       1
  209     381       1
  210     265       1
  211     237       1
  211     381       1
  211     385       1
  211     459       1
  212     425       1
  213     473       1
  214     394       1
  216     269       1
  217     312       1
  217     375       1
  218     240       1
  218     281       1
  219     244       1
  220     277       1
  220     318       1
  221     280       1
  221     394       1
  223     293       1
  225     365       1
  225     398       1
  226     260       1
  226     281       1
  228     384       1
  229     272       1
  229     399       1
  230     254       1
  230     258       1
  230     406       1
  231     455       1
  233     340       1
  233     462       1
  234     268       1
  234     343       1
  234     435       1
  235     238       1
  236     345       1
  237     244       1
  237     417       1
  238     336       1
  239     476       1
  241     451       1
  241     460       1
  242     381       1
  244     265       1
  244     278       1
  246     426       1
  249     329       1
  249     383       1
  249     430       1
  252     286       1
  252     301       1
  252     317       1
  252     444       1
  253     287       1
  253     422       1
  253     459       1
  255     322       1
  255     395       1
  256     258       1
  259     395       1
  263     417       1
  264     272       1
  264     312       1
  264     424       1
  265     329       1
  265     358       1
  265     436       1
  267     314       1
  269     484       1
  270     409       1
  270     425       1
  271     279       1
  271     385       1
  271     400       1
  271     435       1
  277     280       1
  277     296       1
  277     472       1
  281     454       1
  281     465       1
  285     361       1
  285     400       1
  287     478       1
  288     314       1
  288     336       1
  289     349       1
  290     325       1
  291     493       1
  295     371       1
  296     402       1
  297     330       1
  299     353       1
  299     354       1
  299     498       1
  300     318       1
  301     485       1
  304     305       1
  306     336       1
  307     320       1
  308     422       1
  308     493       1
  309     371       1
  310     388       1
  311     360       1
  313     411       1
  313     428       1
  313     436       1
  316     496       1
  317     373       1
  319     362       1
  321     426       1
  323     364       1
  324     336       1
  324     386       1
  325     374       1
  327     397       1
  327     459       1
  328     362       1
  330     427       1
  332     444       1
  333     489       1
  335     444       1
  336     342       1
  337     382       1
  344     443       1
  345     473       1
  347     372       1
  347     384       1
  349     493       1
  350     380       1
  350     444       1
  350     448       1
  350     489       1
  352     483       1
  354     363       1
  354     446       1
  354     484       1
  355     412       1
  357     370       1
  357     444       1
  358     420       1
  358     449       1
  365     460       1
  365     491       1
  366     461       1
  369     412       1
  369     423       1
  370     480       1
  375     449       1
  377     428       1
  378     429       1
  379     468       1
  380     441       1
  380     500       1
  383     445       1
  384     421       1
  384     426       1
  384     480       1
  385     474       1
  386     488       1
  387     399       1
  388     465       1
  390     403       1
  392     462       1
  393     430       1
  400     495       1
  402     463       1
  408     481       1
  414     485       1
  415     461       1
  416     457       1
  421     478       1
  421     488       1
  423     426       1
  423     432       1
  424     459       1
  428     456       1
  429     450       1
  430     479       1
  434     438       1
  436     444       1
  436     474       1
  437     478       1
  438     499       1
  439     440       1
  440     467       1
  445     447       1
  447     462       1
  454     466       1
  458     464       1
  462     477       1
  473     476       1
  475     486       1
  476     483       1
  487     500       1
