  400     489
    1     227       1
    2      22       1
    2     205       1
    2     233       1
    3     156       1
    3     265       1
    3     306       1
    3     347       1
    4      58       1
    4     139       1
    4     178       1
    4     189       1
    4     201       1
    4     328       1
    5      45       1
    6      81       1
    7     369       1
    8     124       1
    8     141       1
    9      30       1
    9     297       1
    9     349       1
   10      78       1
   10     151       1
   10     267       1
   11     176       1
   11     309       1
   12     158       1
   13      15       1
   13     112       1
   13     139       1
   13     316       1
   14      80       1
   14     149       1
   14     299       1
   15      21       1
   15     149       1
   15     164       1
   15     185       1
   15     338       1
   16      36       1
   16     257       1
   16     296       1
   16     366       1
   17     234       1
   18      37       1
   18      43       1
   19     178       1
   19     329       1
   20     399       1
   21     129       1
   21     151       1
   21     174       1
   21     351       1
   22     326       1
   22     359       1
   23     259       1
   24     262       1
   25     329       1
   26      47       1
   27     162       1
   27     189       1
   27     286       1
   28     128       1
   29      51       1
   30     188       1
   31     108       1
   31     217       1
   31     283       1
   31     340       1
   31     374       1
   32     186       1
   32     216       1
   32     278       1
   33     217       1
   34      50       1
   34     182       1
   34     221       1
   34     295       1
   34     371       1
   34     373       1
   34     385       1
   35     225       1
   37     267       1
   37     342       1
   38      68       1
   38      75       1
   38     143       1
   38     385       1
   39      50       1
   40     209       1
   40     213       1
   40     234       1
   40     287       1
   40     312       1
   41      78       1
   41     162       1
   41     179       1
   41     290       1
   41     398       1
   42      51       1
   42     362       1
   43      85       1
   43     199       1
   43     246       1
   43     288       1
   44     381       1
   45     277       1
   46     169       1
   47     164       1
   47     323       1
   48     211       1
   48     332       1
   49     106       1
   49     349       1
   49     352       1
   51      91       1
   51      93       1
   51     130       1
   51     135       1
   51     247       1
   51     297       1
   52     122       1
   52     134       1
   52     139       1
   52     147       1
   52     170       1
   52     189       1
   52     282       1
   52     292       1
   52     313       1
   52     367       1
   52     398       1
   53     169       1
   53     321       1
   54     221       1
   54     387       1
   54     396       1
   55     143       1
   55     324       1
   55     394       1
   56     212       1
   57     130       1
   57     215       1
   58      80       1
   58     208       1
   59     205       1
   59     212       1
   60      78       1
   61      84       1
   62     195       1
   62     315       1
   62     352       1
   63     144       1
   64     224       1
   64     373       1
   64     392       1
   65     269       1
   66     120       1
   66     223       1
   66     272       1
   66     306       1
   66     350       1
   67      97       1
   67     214       1
   67     291       1
   67     333       1
   67     381       1
   69     337       1
   70     111       1
   70     273       1
   70     372       1
   71     166       1
   72     147       1
   73     191       1
   73     203       1
   74     317       1
   75     250       1
   76     118       1
   76     262       1
   77     265       1
   78     320       1
   78     367       1
   79     188       1
   79     224       1
   79     264       1
   79     284       1
   79     337       1
   80     151       1
   81     296       1
   82     238       1
   82     373       1
   83     161       1
   83     238       1
   84     186       1
   86     236       1
   86     240       1
   87     144       1
   87     233       1
   87     272       1
   88     252       1
   88     361       1
   89     212       1
   90     124       1
   90     259       1
   92     128       1
   92     207       1
   92     326       1
   93     164       1
   93     238       1
   93     261       1
   93     389       1
   94     246       1
   95     123       1
   95     243       1
   96     183       1
   97     343       1
   98     252       1
   99     365       1
  100     134       1
  100     237       1
  100     348       1
  101     395       1
  102     296       1
  102     380       1
  103     296       1
  104     335       1
  105     170       1
  105     380       1
  106     146       1
  107     304       1
  108     121       1
  109     239       1
  109     342       1
  110     140       1
  111     197       1
  111     238       1
  113     200       1
  113     349       1
  114     136       1
  114     396       1
  115     179       1
  116     367       1
  117     353       1
  119     167       1
  120     169       1
  120     235       1
  121     242       1
  121     380       1
  123     128       1
  123     149       1
  123     187       1
  123     315       1
  123     341       1
  124     185       1
  125     318       1
  126     236       1
  126     246       1
  127     185       1
  127     212       1
  127     397       1
  128     253       1
  128     367       1
  131     224       1
  132     222       1
  132     313       1
  133     179       1
  134     230       1
  134     381       1
  134     400       1
  135     175       1
  136     308       1
  136     342       1
  137     282       1
  138     238       1
  138     281       1
  139     153       1
  139     188       1
  139     305       1
  140     349       1
  141     243       1
  142     246       1
  142     261       1
  143     237       1
  143     284       1
  144     185       1
  144     218       1
  145     246       1
  148     317       1
  148     352       1
  149     155       1
  149     202       1
  149     377       1
  149     385       1
  150     286       1
  152     158       1
  154     168       1
  155     225       1
  155     361       1
  155     390       1
  157     301       1
  158     185       1
  158     232       1
  158     318       1
  158     346       1
  158     358       1
  158     391       1
  158     395       1
  159     175       1
  160     358       1
  160     383       1
  162     164       1
  162     317       1
  163     179       1
  164     191       1
  164     255       1
  164     342       1
  164     357       1
  165     240       1
  166     232       1
  166     294       1
  167     201       1
  168     228       1
  170     290       1
  170     317       1
  171     262       1
  171     381       1
  172     272       1
  172     359       1
  173     245       1
  173     282       1
  174     189       1
  174     389       1
  175     189       1
  175     196       1
  177     304       1
  177     343       1
  178     257       1
  179     304       1
  180     218       1
  181     253       1
  181     399       1
  183     322       1
  184     198       1
  185     198       1
  186     311       1
  186     339       1
  186     377       1
  187     229       1
  187     251       1
  188     304       1
  188     335       1
  189     190       1
  190     242       1
  191     376       1
  191     379       1
  191     393       1
  191     399       1
  192     400       1
  193     220       1
  194     282       1
  198     355       1
  199     357       1
  200     275       1
  204     231       1
  205     235       1
  205     275       1
  206     253       1
  206     280       1
  206     298       1
  206     375       1
  207     326       1
  209     293       1
  210     258       1
  210     374       1
  212     354       1
  212     356       1
  213     323       1
  214     296       1
  214     328       1
  214     352       1
  214     372       1
  216     232       1
  218     281       1
  218     304       1
  219     266       1
  220     263       1
  221     226       1
  221     268       1
  222     377       1
  224     276       1
  224     278       1
  224     314       1
  225     362       1
  226     264       1
  226     324       1
  227     336       1
  228     256       1
  228     305       1
  230     328       1
  231     250       1
  232     391       1
  233     334       1
  235     372       1
  236     310       1
  236     392       1
  236     398       1
  238     327       1
  238     344       1
  240     357       1
  241     372       1
  242     394       1
  242     396       1
  244     296       1
  246     302       1
  247     298       1
  248     290       1
  248     380       1
  249     331       1
  250     279       1
  251     394       1
  253     330       1
  254     285       1
  254     326       1
  258     313       1
  259     318       1
  260     367       1
  261     331       1
  263     306       1
  264     345       1
  266     274       1
  266     277       1
  269     277       1
  270     331       1
  271     306       1
  273     353       1
  275     312       1
  276     364       1
  277     282       1
  278     283       1
  278     336       1
  279     315       1
  279     382       1
  280     390       1
  282     301       1
  282     308       1
  283     385       1
  285     376       1
  286     289       1
  286     348       1
  286     367       1
  289     321       1
  296     332       1
  296     369       1
  298     398       1
  300     310       1
  303     335       1
  304     386       1
  305     362       1
  305     396       1
  306     315       1
  307     351       1
  309     353       1
  309     372       1
  312     348       1
  314     339       1
  315     338       1
  317     343       1
  319     376       1
  322     376       1
  322     388       1
  324     367       1
  325     358       1
  328     348       1
  328     368       1
  328     370       1
  332     378       1
  334     343       1
  340     398       1
  344     352       1
  346     384       1
  354     360       1
  355     360       1
  355     384       1
  356     388       1
  360     387       1
  361     383       1
  363     379       1
  365     376       1
