  600     711
    1     359       1
    1     473       1
    2      62       1
    2     137       1
    2     145       1
    2     170       1
    2     204       1
    2     363       1
    2     398       1
    2     424       1
    2     441       1
    2     515       1
    2     524       1
    3     311       1
    4     165       1
    4     223       1
    5     239       1
    5     356       1
    5     501       1
    6      48       1
    6     369       1
    7     290       1
    8      48       1
    8      81       1
    8     333       1
    8     457       1
    8     599       1
    9     204       1
    9     350       1
   10     419       1
   11     235       1
   11     393       1
   11     526       1
   12     392       1
   13     137       1
   13     219       1
   13     518       1
   13     592       1
   14     538       1
   14     586       1
   15     185       1
   16     521       1
   17     409       1
   17     415       1
   17     497       1
   18      56       1
   19     250       1
   20     518       1
   20     541       1
   21      26       1
   22     353       1
   22     360       1
   23     361       1
   23     594       1
   24     476       1
   24     486       1
   24     552       1
   25      33       1
   25     141       1
   25     349       1
   26      75       1
   26     120       1
   26     123       1
   26     427       1
   26     435       1
   26     593       1
   27     117       1
   27     238       1
   28     506       1
   29     109       1
   29     422       1
   29     459       1
   30      53       1
   30     587       1
   31     123       1
   31     335       1
   31     425       1
   31     448       1
   32     169       1
   32     433       1
   33      82       1
   33      88       1
   34      47       1
   34     213       1
   34     258       1
   34     292       1
   35     113       1
   35     186       1
   35     219       1
   36     108       1
   36     110       1
   36     189       1
   36     335       1
   36     453       1
   36     536       1
   37     108       1
   37     271       1
   37     437       1
   38     115       1
   38     416       1
   38     497       1
   39     286       1
   39     426       1
   39     474       1
   39     591       1
   40     258       1
   40     523       1
   41     101       1
   42     576       1
   43      84       1
   43     385       1
   43     511       1
   44     100       1
   44     179       1
   44     573       1
   45     121       1
   45     168       1
   45     551       1
   46     292       1
   46     587       1
   47      79       1
   47      81       1
   47     101       1
   47     349       1
   47     486       1
   47     586       1
   48      71       1
   48     347       1
   48     370       1
   48     439       1
   48     499       1
   48     511       1
   49     549       1
   50     282       1
   50     325       1
   50     365       1
   50     521       1
   51     109       1
   51     171       1
   52     584       1
   53     244       1
   53     472       1
   54     100       1
   54     383       1
   54     515       1
   55      97       1
   55     223       1
   55     435       1
   55     538       1
   56     120       1
   56     195       1
   56     274       1
   56     468       1
   57     120       1
   57     455       1
   58     222       1
   58     454       1
   59     417       1
   59     498       1
   59     521       1
   60     257       1
   61     158       1
   62     294       1
   63      78       1
   63     494       1
   64     389       1
   65     530       1
   65     598       1
   66     413       1
   66     593       1
   67     319       1
   68     234       1
   68     574       1
   69     463       1
   69     536       1
   70     103       1
   72     187       1
   72     263       1
   72     503       1
   72     554       1
   73     513       1
   74     149       1
   76     362       1
   77     126       1
   77     206       1
   77     338       1
   79     185       1
   79     216       1
   79     479       1
   80     381       1
   80     535       1
   81     181       1
   81     304       1
   82     227       1
   82     361       1
   82     430       1
   83     121       1
   83     301       1
   84     491       1
   85     382       1
   86     358       1
   87     182       1
   87     246       1
   87     518       1
   89     126       1
   89     364       1
   89     475       1
   90     428       1
   90     457       1
   91     202       1
   92     576       1
   93     566       1
   94     390       1
   94     476       1
   94     508       1
   94     555       1
   94     592       1
   95     406       1
   95     599       1
   96     156       1
   96     498       1
   97     510       1
   98     382       1
   98     547       1
   99     110       1
  100     331       1
  102     116       1
  102     143       1
  102     233       1
  102     434       1
  102     440       1
  103     326       1
  104     314       1
  104     569       1
  105     367       1
  105     541       1
  106     150       1
  106     507       1
  107     175       1
  108     112       1
  108     357       1
  108     529       1
  109     264       1
  109     270       1
  109     355       1
  109     488       1
  109     575       1
  110     239       1
  110     493       1
  111     142       1
  111     201       1
  111     513       1
  112     281       1
  113     356       1
  113     520       1
  114     451       1
  115     175       1
  115     202       1
  116     140       1
  116     147       1
  116     150       1
  116     334       1
  117     119       1
  118     128       1
  118     393       1
  118     559       1
  120     153       1
  120     418       1
  120     518       1
  121     233       1
  121     331       1
  122     152       1
  122     374       1
  122     587       1
  123     284       1
  124     315       1
  125     584       1
  126     233       1
  126     300       1
  126     326       1
  126     414       1
  126     547       1
  126     548       1
  127     353       1
  127     412       1
  127     542       1
  129     334       1
  130     440       1
  131     184       1
  131     339       1
  131     567       1
  132     323       1
  133     444       1
  134     249       1
  134     301       1
  134     478       1
  134     531       1
  134     578       1
  135     265       1
  135     340       1
  135     519       1
  135     576       1
  136     266       1
  136     384       1
  137     319       1
  137     432       1
  137     457       1
  137     557       1
  138     501       1
  139     532       1
  139     533       1
  140     276       1
  141     391       1
  142     251       1
  142     268       1
  142     490       1
  142     513       1
  144     304       1
  146     322       1
  146     532       1
  147     308       1
  148     533       1
  149     398       1
  150     461       1
  151     254       1
  151     354       1
  153     172       1
  153     378       1
  154     361       1
  155     361       1
  157     565       1
  158     423       1
  158     492       1
  158     571       1
  159     362       1
  160     343       1
  160     461       1
  160     529       1
  161     196       1
  161     518       1
  162     167       1
  162     252       1
  162     319       1
  162     522       1
  163     327       1
  163     552       1
  164     310       1
  165     290       1
  165     477       1
  165     521       1
  165     566       1
  166     325       1
  168     521       1
  169     220       1
  169     456       1
  169     518       1
  170     241       1
  170     327       1
  171     533       1
  172     560       1
  173     246       1
  174     261       1
  174     489       1
  175     280       1
  175     359       1
  175     487       1
  176     306       1
  177     214       1
  177     336       1
  178     220       1
  178     549       1
  179     295       1
  179     441       1
  179     452       1
  180     323       1
  180     420       1
  180     527       1
  181     549       1
  183     229       1
  183     463       1
  184     340       1
  185     345       1
  186     281       1
  187     349       1
  187     454       1
  187     499       1
  188     223       1
  188     336       1
  189     230       1
  189     460       1
  190     445       1
  191     488       1
  191     563       1
  191     591       1
  192     439       1
  193     219       1
  194     226       1
  194     231       1
  194     333       1
  194     412       1
  194     596       1
  196     479       1
  197     330       1
  198     256       1
  198     459       1
  199     498       1
  199     532       1
  200     314       1
  200     505       1
  201     278       1
  201     362       1
  202     274       1
  202     433       1
  203     389       1
  204     242       1
  204     590       1
  205     351       1
  205     577       1
  206     232       1
  206     255       1
  206     345       1
  207     297       1
  208     263       1
  208     599       1
  209     429       1
  209     436       1
  210     300       1
  210     366       1
  210     532       1
  211     234       1
  212     223       1
  215     317       1
  216     496       1
  217     467       1
  217     494       1
  218     487       1
  218     536       1
  219     389       1
  219     447       1
  219     484       1
  219     536       1
  219     597       1
  220     460       1
  221     321       1
  222     429       1
  224     421       1
  225     476       1
  226     348       1
  226     439       1
  228     483       1
  230     404       1
  230     472       1
  232     328       1
  232     419       1
  233     475       1
  233     530       1
  234     504       1
  234     554       1
  235     502       1
  236     555       1
  237     587       1
  238     375       1
  238     438       1
  238     451       1
  238     564       1
  239     284       1
  240     526       1
  242     315       1
  242     393       1
  243     358       1
  243     473       1
  244     376       1
  245     333       1
  245     596       1
  247     515       1
  247     536       1
  248     542       1
  249     359       1
  249     400       1
  250     290       1
  250     432       1
  251     470       1
  252     333       1
  253     452       1
  254     465       1
  257     305       1
  257     462       1
  257     485       1
  259     392       1
  259     407       1
  259     437       1
  260     499       1
  261     567       1
  261     588       1
  262     547       1
  263     300       1
  263     302       1
  263     517       1
  263     543       1
  264     465       1
  265     544       1
  266     389       1
  267     471       1
  267     481       1
  268     374       1
  268     380       1
  268     592       1
  269     288       1
  270     382       1
  271     485       1
  271     597       1
  272     389       1
  272     403       1
  272     561       1
  273     410       1
  275     494       1
  276     306       1
  277     419       1
  278     357       1
  279     586       1
  280     579       1
  283     328       1
  283     510       1
  283     600       1
  285     312       1
  285     415       1
  285     560       1
  286     375       1
  287     371       1
  287     480       1
  288     405       1
  288     441       1
  288     584       1
  289     587       1
  291     599       1
  293     301       1
  295     581       1
  296     408       1
  296     528       1
  297     398       1
  298     330       1
  299     437       1
  300     483       1
  301     414       1
  303     399       1
  303     427       1
  303     457       1
  303     500       1
  303     558       1
  304     319       1
  304     342       1
  304     344       1
  304     371       1
  304     403       1
  304     407       1
  304     415       1
  304     421       1
  304     548       1
  305     307       1
  306     316       1
  306     524       1
  309     382       1
  310     417       1
  311     545       1
  313     428       1
  314     555       1
  315     509       1
  316     398       1
  316     576       1
  317     388       1
  317     521       1
  318     387       1
  319     521       1
  319     550       1
  320     434       1
  320     469       1
  321     381       1
  322     447       1
  322     577       1
  323     513       1
  324     526       1
  327     449       1
  328     387       1
  329     395       1
  329     560       1
  329     571       1
  330     385       1
  332     588       1
  333     588       1
  336     344       1
  336     451       1
  337     538       1
  338     339       1
  339     450       1
  341     518       1
  341     559       1
  345     443       1
  346     457       1
  346     499       1
  348     560       1
  349     355       1
  349     451       1
  349     496       1
  352     487       1
  355     535       1
  356     462       1
  358     593       1
  360     589       1
  361     579       1
  362     505       1
  364     407       1
  367     473       1
  368     412       1
  370     388       1
  370     444       1
  371     435       1
  371     588       1
  372     513       1
  373     477       1
  376     466       1
  377     515       1
  379     599       1
  381     396       1
  381     587       1
  382     403       1
  385     394       1
  385     596       1
  386     521       1
  387     565       1
  389     429       1
  389     445       1
  391     518       1
  392     449       1
  393     560       1
  394     415       1
  396     559       1
  397     410       1
  397     587       1
  401     592       1
  402     530       1
  403     406       1
  407     553       1
  408     536       1
  409     446       1
  409     591       1
  411     510       1
  412     488       1
  413     430       1
  414     474       1
  415     504       1
  415     505       1
  418     462       1
  423     441       1
  427     583       1
  428     429       1
  431     534       1
  435     440       1
  435     494       1
  441     595       1
  442     467       1
  442     491       1
  443     560       1
  444     467       1
  446     556       1
  447     550       1
  449     541       1
  449     583       1
  451     487       1
  452     547       1
  453     557       1
  454     516       1
  456     585       1
  458     515       1
  462     498       1
  463     475       1
  464     526       1
  464     580       1
  464     588       1
  465     481       1
  466     470       1
  468     514       1
  471     487       1
  482     587       1
  483     506       1
  483     555       1
  483     562       1
  488     540       1
  491     533       1
  492     557       1
  494     495       1
  501     596       1
  504     574       1
  509     553       1
  510     597       1
  512     560       1
  512     582       1
  513     537       1
  514     546       1
  524     529       1
  525     538       1
  530     565       1
  533     545       1
  533     588       1
  534     588       1
  536     589       1
  539     541       1
  556     599       1
  561     564       1
  562     572       1
  568     577       1
  570     589       1
