  100     144
    1      22       1
    1      83       1
    2       8       1
    3       9       1
    3      44       1
    4      55       1
    4      88       1
    5       9       1
    5      20       1
    6      19       1
    7      46       1
    7      83       1
    8      65       1
    9      22       1
    9      42       1
    9      56       1
    9      57       1
    9      65       1
    9      89       1
    9      93       1
   10      88       1
   11      94       1
   12      80       1
   12      91       1
   13      14       1
   13      20       1
   13      37       1
   13      45       1
   14      67       1
   15      54       1
   15      76       1
   16      18       1
   16      25       1
   16      48       1
   16      76       1
   16      94       1
   17      34       1
   18      27       1
   18      49       1
   18      73       1
   19      32       1
   20      32       1
   20      53       1
   20      74       1
   20      88       1
   21      42       1
   21      71       1
   21      85       1
   23      87       1
   24      68       1
   24      70       1
   24      75       1
   24      76       1
   26      81       1
   27      50       1
   27      55       1
   27      64       1
   28      88       1
   29      63       1
   29      97       1
   30      52       1
   30      67       1
   30      77       1
   30      84       1
   30      91       1
   31      41       1
   31      77       1
   31      81       1
   31      90       1
   32      38       1
   32      42       1
   32      61       1
   32      69       1
   32      70       1
   32      77       1
   32      95       1
   33      43       1
   33      73       1
   34      47       1
   34      90       1
   35      53       1
   36      83       1
   36      94       1
   37      57       1
   37      63       1
   37      85       1
   37      94       1
   39      62       1
   39      65       1
   39      75       1
   40      73       1
   42      50       1
   42      60       1
   42      90       1
   43      70       1
   44      69       1
   45      98       1
   45      99       1
   46      51       1
   47      84       1
   47      90       1
   48     100       1
   49      50       1
   50      81       1
   50      87       1
   51      71       1
   51      73       1
   52      97       1
   53      92       1
   54      95       1
   56      76       1
   56      99       1
   57      82       1
   57      85       1
   58      61       1
   59      97       1
   60      83       1
   61      86       1
   61      91       1
   62      87       1
   63      83       1
   64      80       1
   65      84       1
   65      91       1
   66      69       1
   68      93       1
   69      75       1
   69      77       1
   69      81       1
   69     100       1
   71      90       1
   72      89       1
   73      87       1
   78      98       1
   79      90       1
   79      94       1
   79      95       1
   80      86       1
   83      97       1
   83      98       1
   85      87       1
   87      91       1
   87      97       1
   91      96       1
