  300     380
    1     280       1
    2      56       1
    2      61       1
    3     113       1
    3     186       1
    3     219       1
    3     260       1
    4      98       1
    4     150       1
    4     244       1
    4     271       1
    5     150       1
    6      97       1
    6     145       1
    7     281       1
    8     243       1
    9      40       1
    9     124       1
    9     142       1
    9     149       1
    9     215       1
   10      66       1
   10     115       1
   11      14       1
   11     172       1
   11     176       1
   12      36       1
   12      62       1
   12     187       1
   13     161       1
   13     175       1
   14     116       1
   15      41       1
   15     188       1
   16      88       1
   16     127       1
   16     131       1
   16     235       1
   16     271       1
   17      25       1
   17     187       1
   17     202       1
   18     138       1
   18     233       1
   18     259       1
   19      73       1
   19     134       1
   19     153       1
   20     123       1
   20     137       1
   20     179       1
   20     203       1
   20     294       1
   21      92       1
   21     257       1
   22      72       1
   22     177       1
   22     280       1
   22     294       1
   23     171       1
   24     242       1
   26      71       1
   26     249       1
   27      66       1
   27     114       1
   27     162       1
   27     249       1
   27     274       1
   27     284       1
   27     290       1
   28     205       1
   28     295       1
   29      53       1
   29     208       1
   30      35       1
   30      87       1
   30     100       1
   30     171       1
   31      91       1
   31     176       1
   31     190       1
   32     231       1
   33     127       1
   34     287       1
   35     206       1
   36     105       1
   36     181       1
   36     184       1
   37     117       1
   37     157       1
   37     256       1
   37     282       1
   38     135       1
   38     233       1
   38     284       1
   39     233       1
   40     287       1
   41      70       1
   41     239       1
   42     224       1
   43      53       1
   44     228       1
   45     171       1
   46     188       1
   46     248       1
   47     106       1
   47     269       1
   48     177       1
   48     243       1
   49      68       1
   49     257       1
   50     273       1
   51     260       1
   52      67       1
   52     148       1
   52     280       1
   53      61       1
   53      96       1
   53     192       1
   54     176       1
   55     153       1
   56     274       1
   57     206       1
   58      90       1
   59     134       1
   60     173       1
   61     190       1
   61     229       1
   62     144       1
   62     241       1
   63     136       1
   63     138       1
   63     187       1
   64     156       1
   65     159       1
   65     226       1
   65     263       1
   66      78       1
   66     145       1
   66     226       1
   66     254       1
   67     157       1
   67     263       1
   68     114       1
   68     258       1
   69      94       1
   69     141       1
   69     178       1
   69     205       1
   70     114       1
   71     197       1
   72     119       1
   72     242       1
   74      89       1
   75      78       1
   76     120       1
   76     240       1
   77     127       1
   77     148       1
   78     149       1
   78     237       1
   78     238       1
   79     179       1
   80      82       1
   80     162       1
   81     108       1
   81     151       1
   83     126       1
   83     147       1
   83     174       1
   84     276       1
   85     195       1
   85     206       1
   85     236       1
   86     174       1
   86     204       1
   86     243       1
   89     129       1
   89     170       1
   89     191       1
   89     237       1
   89     240       1
   90     203       1
   91     112       1
   91     215       1
   91     257       1
   92     109       1
   92     275       1
   93     262       1
   93     278       1
   94     127       1
   94     189       1
   94     267       1
   94     272       1
   94     298       1
   95     110       1
   95     137       1
   95     179       1
   96     248       1
   96     284       1
   98     121       1
   99     208       1
   99     230       1
   99     258       1
  100     250       1
  101     135       1
  102     127       1
  102     176       1
  102     266       1
  103     142       1
  103     212       1
  104     141       1
  105     111       1
  105     144       1
  106     116       1
  106     264       1
  107     171       1
  107     242       1
  107     265       1
  109     135       1
  109     265       1
  109     266       1
  109     297       1
  111     196       1
  111     236       1
  111     287       1
  112     263       1
  114     152       1
  116     194       1
  118     149       1
  119     150       1
  119     198       1
  119     215       1
  120     147       1
  121     135       1
  121     243       1
  121     276       1
  122     284       1
  124     210       1
  124     231       1
  125     149       1
  125     183       1
  125     274       1
  125     279       1
  126     209       1
  126     286       1
  127     174       1
  127     206       1
  127     210       1
  127     216       1
  127     245       1
  127     299       1
  128     268       1
  129     291       1
  130     258       1
  130     262       1
  132     248       1
  133     145       1
  134     220       1
  134     256       1
  135     153       1
  135     158       1
  135     293       1
  137     196       1
  137     206       1
  137     212       1
  137     224       1
  137     299       1
  139     201       1
  140     148       1
  141     218       1
  141     265       1
  141     277       1
  142     149       1
  142     285       1
  143     172       1
  143     247       1
  145     194       1
  145     273       1
  146     176       1
  146     281       1
  146     289       1
  147     205       1
  147     226       1
  147     263       1
  147     296       1
  148     163       1
  149     182       1
  149     234       1
  150     252       1
  151     207       1
  151     240       1
  153     186       1
  154     191       1
  154     281       1
  155     193       1
  155     213       1
  156     235       1
  158     232       1
  160     179       1
  160     207       1
  161     265       1
  164     168       1
  165     258       1
  165     269       1
  166     220       1
  167     186       1
  168     267       1
  169     267       1
  169     269       1
  170     232       1
  171     214       1
  172     187       1
  172     199       1
  172     284       1
  173     285       1
  174     187       1
  175     256       1
  177     182       1
  179     188       1
  179     233       1
  179     244       1
  180     185       1
  180     237       1
  186     250       1
  186     264       1
  187     198       1
  188     223       1
  188     293       1
  189     260       1
  190     262       1
  190     286       1
  193     260       1
  193     266       1
  196     225       1
  197     273       1
  199     264       1
  200     216       1
  201     204       1
  202     215       1
  203     209       1
  203     253       1
  205     207       1
  206     217       1
  207     233       1
  207     275       1
  207     284       1
  209     250       1
  210     247       1
  210     268       1
  211     280       1
  214     297       1
  216     261       1
  217     289       1
  218     293       1
  220     296       1
  221     224       1
  221     292       1
  222     259       1
  222     292       1
  223     252       1
  227     239       1
  227     272       1
  228     239       1
  228     265       1
  234     297       1
  235     255       1
  240     261       1
  241     287       1
  246     248       1
  247     256       1
  251     253       1
  252     283       1
  256     258       1
  256     284       1
  257     282       1
  261     300       1
  269     284       1
  270     297       1
  279     288       1
