  800     929
    1     101       1
    1     491       1
    1     641       1
    2      44       1
    2     428       1
    2     501       1
    2     594       1
    2     689       1
    3     750       1
    4     343       1
    4     365       1
    5     123       1
    5     249       1
    6     486       1
    7     160       1
    8     302       1
    8     535       1
    8     778       1
    9     461       1
    9     753       1
   10     356       1
   11      14       1
   11     533       1
   12     436       1
   13     463       1
   14     161       1
   14     706       1
   15     442       1
   16      57       1
   16     136       1
   16     395       1
   16     477       1
   16     735       1
   17      98       1
   17     367       1
   18     112       1
   19     193       1
   20     751       1
   21      73       1
   21     191       1
   21     527       1
   21     532       1
   22     452       1
   23     652       1
   24     714       1
   25     398       1
   25     566       1
   26     451       1
   27     366       1
   28     124       1
   29     794       1
   30     508       1
   31     378       1
   31     381       1
   31     501       1
   32     483       1
   33     742       1
   34     143       1
   34     218       1
   34     242       1
   34     383       1
   35      95       1
   35     496       1
   35     525       1
   35     698       1
   35     787       1
   36     276       1
   36     532       1
   37     261       1
   37     388       1
   37     462       1
   37     775       1
   38     435       1
   39      46       1
   39     421       1
   39     643       1
   40     464       1
   41     154       1
   41     323       1
   41     364       1
   41     399       1
   41     612       1
   42     145       1
   42     169       1
   42     425       1
   42     693       1
   43     601       1
   45      50       1
   45     492       1
   46     206       1
   46     331       1
   46     505       1
   47      69       1
   47     644       1
   48     396       1
   48     486       1
   48     640       1
   49     256       1
   49     258       1
   50     170       1
   50     216       1
   50     535       1
   51     406       1
   52     139       1
   52     735       1
   53     428       1
   54     167       1
   54     645       1
   55     392       1
   56     478       1
   57     305       1
   57     367       1
   57     658       1
   58     226       1
   58     419       1
   58     629       1
   58     647       1
   58     690       1
   59     558       1
   60      71       1
   60     477       1
   61     205       1
   61     576       1
   62     314       1
   62     755       1
   63      81       1
   64     213       1
   64     369       1
   64     407       1
   64     454       1
   64     709       1
   65     366       1
   66     335       1
   67     317       1
   67     463       1
   67     650       1
   68      73       1
   68     667       1
   69     246       1
   70     524       1
   70     732       1
   72     399       1
   72     653       1
   72     762       1
   73     650       1
   73     666       1
   74     459       1
   74     496       1
   75     443       1
   75     637       1
   76     165       1
   76     389       1
   76     509       1
   76     547       1
   76     672       1
   77      78       1
   77     222       1
   77     511       1
   77     668       1
   79     438       1
   79     494       1
   79     725       1
   80     349       1
   80     439       1
   80     451       1
   81     255       1
   81     320       1
   81     456       1
   81     519       1
   81     632       1
   81     751       1
   82     283       1
   82     483       1
   82     601       1
   83     575       1
   84     274       1
   84     342       1
   84     354       1
   84     410       1
   84     722       1
   84     754       1
   84     781       1
   85     712       1
   86     506       1
   86     508       1
   87     134       1
   87     164       1
   87     633       1
   88     300       1
   89     476       1
   90     179       1
   90     383       1
   90     536       1
   91     165       1
   91     412       1
   91     747       1
   92     218       1
   92     313       1
   93     106       1
   94     522       1
   94     751       1
   95     469       1
   95     718       1
   96     268       1
   96     503       1
   96     772       1
   97     628       1
   97     701       1
   98     177       1
   98     413       1
   98     648       1
   98     696       1
   99     192       1
   99     253       1
   99     319       1
   99     637       1
  100     564       1
  101     787       1
  102     205       1
  102     213       1
  103     187       1
  103     199       1
  103     267       1
  103     607       1
  104     122       1
  104     591       1
  105     391       1
  106     652       1
  107     241       1
  107     306       1
  107     366       1
  107     546       1
  107     629       1
  108     771       1
  109     236       1
  110     338       1
  110     654       1
  111     113       1
  111     388       1
  112     364       1
  112     643       1
  112     769       1
  114     310       1
  114     388       1
  114     392       1
  114     654       1
  114     784       1
  115     131       1
  115     254       1
  115     359       1
  116     145       1
  116     513       1
  116     682       1
  117     259       1
  117     368       1
  117     521       1
  117     623       1
  118     123       1
  119     638       1
  119     660       1
  120     611       1
  121     128       1
  121     491       1
  122     521       1
  123     547       1
  124     506       1
  124     691       1
  125     447       1
  125     534       1
  126     181       1
  126     451       1
  126     506       1
  126     712       1
  127     386       1
  127     697       1
  128     281       1
  129     243       1
  129     408       1
  129     485       1
  129     491       1
  129     621       1
  129     783       1
  130     151       1
  130     248       1
  130     286       1
  131     423       1
  132     188       1
  133     646       1
  135     429       1
  135     435       1
  135     565       1
  135     579       1
  135     586       1
  137     321       1
  137     437       1
  137     524       1
  137     597       1
  138     157       1
  138     211       1
  138     730       1
  139     181       1
  139     189       1
  139     288       1
  139     757       1
  140     242       1
  140     496       1
  140     618       1
  141     726       1
  142     265       1
  142     576       1
  142     646       1
  144     358       1
  144     399       1
  144     573       1
  146     207       1
  146     299       1
  146     478       1
  147     409       1
  147     632       1
  147     717       1
  148     391       1
  149     469       1
  150     467       1
  151     446       1
  152     163       1
  152     377       1
  152     530       1
  153     493       1
  154     173       1
  154     790       1
  155     360       1
  155     616       1
  156     289       1
  156     389       1
  157     236       1
  157     573       1
  157     778       1
  158     264       1
  158     278       1
  158     701       1
  159     208       1
  160     650       1
  161     301       1
  161     370       1
  161     476       1
  161     516       1
  161     551       1
  161     675       1
  161     713       1
  161     755       1
  162     446       1
  162     561       1
  163     329       1
  163     721       1
  164     450       1
  166     714       1
  167     225       1
  167     227       1
  167     504       1
  167     514       1
  167     602       1
  167     776       1
  168     601       1
  169     346       1
  169     538       1
  169     625       1
  171     633       1
  172     187       1
  172     238       1
  172     282       1
  172     540       1
  172     719       1
  174     226       1
  175     218       1
  175     436       1
  175     468       1
  175     481       1
  175     754       1
  176     736       1
  177     406       1
  178     221       1
  178     284       1
  179     191       1
  179     532       1
  180     523       1
  180     619       1
  181     187       1
  181     294       1
  181     676       1
  181     736       1
  182     708       1
  183     248       1
  183     291       1
  183     369       1
  184     622       1
  184     734       1
  184     750       1
  185     191       1
  185     344       1
  185     590       1
  186     460       1
  187     217       1
  187     466       1
  187     521       1
  187     558       1
  188     276       1
  188     657       1
  190     476       1
  191     312       1
  192     486       1
  192     575       1
  192     601       1
  192     621       1
  192     796       1
  193     338       1
  193     601       1
  194     382       1
  194     559       1
  195     275       1
  195     290       1
  195     322       1
  195     657       1
  196     418       1
  196     493       1
  197     420       1
  198     246       1
  198     482       1
  199     409       1
  199     563       1
  200     564       1
  201     552       1
  202     732       1
  202     791       1
  203     376       1
  203     646       1
  203     726       1
  204     331       1
  204     507       1
  204     587       1
  205     722       1
  205     786       1
  207     455       1
  208     368       1
  208     374       1
  208     599       1
  209     448       1
  210     322       1
  210     666       1
  211     501       1
  212     553       1
  214     377       1
  214     530       1
  215     677       1
  216     795       1
  217     232       1
  218     228       1
  218     543       1
  219     750       1
  220     550       1
  220     768       1
  221     247       1
  223     448       1
  223     467       1
  224     401       1
  224     435       1
  225     730       1
  227     609       1
  228     732       1
  229     484       1
  229     796       1
  230     439       1
  230     635       1
  231     725       1
  232     389       1
  232     614       1
  232     627       1
  233     691       1
  234     377       1
  234     431       1
  234     572       1
  235     370       1
  237     307       1
  238     355       1
  238     684       1
  239     601       1
  239     673       1
  240     751       1
  242     680       1
  242     752       1
  243     535       1
  244     260       1
  245     352       1
  245     449       1
  246     774       1
  247     331       1
  249     336       1
  249     375       1
  250     751       1
  251     447       1
  252     407       1
  253     417       1
  254     575       1
  255     260       1
  256     322       1
  257     334       1
  257     377       1
  257     463       1
  257     484       1
  257     552       1
  257     650       1
  258     524       1
  260     585       1
  262     423       1
  263     362       1
  263     531       1
  263     749       1
  265     385       1
  266     510       1
  266     800       1
  267     298       1
  267     375       1
  267     445       1
  267     448       1
  268     334       1
  268     669       1
  269     379       1
  269     473       1
  270     335       1
  270     584       1
  270     593       1
  270     751       1
  271     292       1
  271     393       1
  271     558       1
  271     694       1
  271     731       1
  272     577       1
  272     753       1
  273     389       1
  274     440       1
  275     733       1
  276     591       1
  276     706       1
  277     580       1
  277     719       1
  279     435       1
  279     642       1
  280     767       1
  282     374       1
  284     492       1
  284     596       1
  284     677       1
  284     704       1
  285     457       1
  287     504       1
  288     337       1
  288     445       1
  291     390       1
  291     614       1
  293     399       1
  293     403       1
  294     496       1
  294     738       1
  294     767       1
  294     796       1
  295     679       1
  296     467       1
  296     649       1
  296     799       1
  297     798       1
  298     500       1
  299     433       1
  299     546       1
  299     714       1
  300     331       1
  300     424       1
  300     490       1
  302     583       1
  303     547       1
  303     588       1
  304     786       1
  305     338       1
  306     678       1
  307     565       1
  308     404       1
  308     637       1
  309     757       1
  311     526       1
  311     567       1
  311     776       1
  314     474       1
  314     714       1
  315     525       1
  316     501       1
  316     714       1
  316     749       1
  317     536       1
  318     354       1
  320     512       1
  321     788       1
  322     425       1
  324     455       1
  324     543       1
  325     629       1
  326     565       1
  327     366       1
  328     599       1
  330     586       1
  330     651       1
  331     370       1
  331     377       1
  331     427       1
  331     560       1
  332     412       1
  332     454       1
  332     475       1
  332     684       1
  332     716       1
  333     560       1
  334     571       1
  335     739       1
  336     648       1
  339     446       1
  340     559       1
  340     613       1
  341     472       1
  341     687       1
  341     696       1
  343     391       1
  344     388       1
  345     568       1
  345     719       1
  347     364       1
  348     781       1
  350     467       1
  350     480       1
  350     690       1
  351     515       1
  353     416       1
  353     470       1
  353     503       1
  354     766       1
  355     738       1
  356     524       1
  356     624       1
  357     530       1
  357     581       1
  358     608       1
  361     503       1
  363     560       1
  363     780       1
  364     377       1
  364     524       1
  364     543       1
  365     771       1
  366     702       1
  367     483       1
  369     617       1
  369     782       1
  370     501       1
  370     663       1
  370     757       1
  371     603       1
  372     577       1
  373     377       1
  373     659       1
  373     720       1
  374     768       1
  375     461       1
  376     555       1
  376     569       1
  376     604       1
  377     385       1
  377     459       1
  377     778       1
  378     473       1
  379     499       1
  380     523       1
  380     753       1
  381     688       1
  384     560       1
  384     792       1
  385     420       1
  385     692       1
  386     553       1
  387     543       1
  388     447       1
  388     670       1
  389     760       1
  391     533       1
  392     423       1
  392     452       1
  394     659       1
  395     514       1
  397     557       1
  399     458       1
  399     610       1
  400     727       1
  402     655       1
  403     661       1
  403     749       1
  403     785       1
  404     697       1
  405     551       1
  406     533       1
  406     585       1
  408     521       1
  408     559       1
  409     453       1
  411     475       1
  411     744       1
  411     747       1
  412     550       1
  413     450       1
  414     504       1
  414     727       1
  415     513       1
  416     763       1
  417     525       1
  417     600       1
  417     628       1
  418     696       1
  422     495       1
  423     446       1
  423     501       1
  423     632       1
  426     584       1
  429     534       1
  430     601       1
  431     449       1
  432     681       1
  434     798       1
  435     606       1
  435     722       1
  437     652       1
  440     616       1
  440     639       1
  441     700       1
  442     650       1
  444     611       1
  447     589       1
  450     543       1
  451     647       1
  451     740       1
  454     720       1
  455     645       1
  456     517       1
  457     528       1
  457     720       1
  459     509       1
  459     528       1
  459     681       1
  460     497       1
  464     666       1
  465     525       1
  465     580       1
  467     554       1
  467     706       1
  470     720       1
  471     720       1
  473     578       1
  475     679       1
  475     799       1
  477     525       1
  477     620       1
  478     517       1
  478     630       1
  479     506       1
  482     491       1
  484     756       1
  485     656       1
  487     786       1
  488     494       1
  488     751       1
  489     635       1
  489     777       1
  490     793       1
  491     633       1
  491     708       1
  492     757       1
  493     653       1
  495     641       1
  496     750       1
  496     756       1
  496     765       1
  497     669       1
  497     787       1
  498     760       1
  499     725       1
  501     523       1
  501     561       1
  501     726       1
  501     735       1
  502     506       1
  503     538       1
  503     546       1
  503     719       1
  503     742       1
  507     707       1
  508     738       1
  510     553       1
  511     601       1
  511     644       1
  513     681       1
  515     601       1
  516     690       1
  518     637       1
  518     737       1
  520     521       1
  521     662       1
  521     665       1
  523     773       1
  524     655       1
  525     611       1
  525     671       1
  525     772       1
  529     698       1
  530     542       1
  530     606       1
  530     784       1
  531     632       1
  532     560       1
  533     541       1
  533     638       1
  533     783       1
  534     746       1
  536     548       1
  536     554       1
  536     570       1
  537     739       1
  537     787       1
  538     616       1
  538     711       1
  539     632       1
  542     560       1
  543     559       1
  543     699       1
  544     786       1
  545     683       1
  546     672       1
  549     650       1
  550     685       1
  550     798       1
  553     691       1
  553     713       1
  554     635       1
  554     727       1
  556     663       1
  557     749       1
  558     703       1
  562     564       1
  562     654       1
  563     715       1
  566     672       1
  572     632       1
  572     636       1
  574     628       1
  574     779       1
  575     597       1
  576     748       1
  578     637       1
  579     615       1
  582     683       1
  584     650       1
  587     664       1
  590     726       1
  592     659       1
  594     700       1
  595     672       1
  596     723       1
  598     647       1
  598     758       1
  599     778       1
  603     654       1
  604     666       1
  605     735       1
  611     790       1
  612     749       1
  614     680       1
  614     790       1
  614     797       1
  616     770       1
  617     654       1
  618     624       1
  621     725       1
  626     650       1
  628     729       1
  631     757       1
  632     681       1
  633     754       1
  634     711       1
  634     741       1
  635     688       1
  635     757       1
  637     749       1
  642     743       1
  645     785       1
  646     658       1
  648     764       1
  650     745       1
  652     708       1
  655     730       1
  664     681       1
  672     720       1
  672     757       1
  672     776       1
  674     764       1
  675     704       1
  677     789       1
  678     794       1
  682     758       1
  683     796       1
  686     751       1
  692     724       1
  695     776       1
  700     790       1
  705     739       1
  706     792       1
  710     755       1
  718     760       1
  720     733       1
  720     764       1
  722     757       1
  726     759       1
  728     776       1
  730     761       1
  737     750       1
  743     772       1
  758     778       1
