  200     266
    1      81       1
    1     105       1
    1     125       1
    2     109       1
    2     166       1
    3     117       1
    3     127       1
    4     117       1
    4     144       1
    5     142       1
    6      19       1
    7       9       1
    7      82       1
    8      27       1
    8     160       1
    9     128       1
   10      13       1
   11      21       1
   11      76       1
   11      83       1
   11      87       1
   11     110       1
   11     186       1
   11     194       1
   12      37       1
   12      72       1
   13      18       1
   13      41       1
   13      76       1
   13     178       1
   14     197       1
   15      79       1
   16      44       1
   16     187       1
   17      34       1
   17      51       1
   17      67       1
   17      84       1
   17      97       1
   17     180       1
   18      27       1
   18      64       1
   18      90       1
   18     170       1
   19     178       1
   19     189       1
   20      44       1
   20      74       1
   20     121       1
   20     134       1
   22      71       1
   22      81       1
   23      33       1
   23     117       1
   24      36       1
   24     166       1
   25     154       1
   25     157       1
   25     164       1
   26     174       1
   27      79       1
   27     196       1
   28      79       1
   28     144       1
   29     162       1
   29     164       1
   30      35       1
   30      57       1
   30     141       1
   30     144       1
   30     173       1
   31     146       1
   32     108       1
   32     153       1
   32     156       1
   33      81       1
   33     144       1
   34      75       1
   34     130       1
   35      72       1
   36     102       1
   36     107       1
   36     140       1
   37      41       1
   37      72       1
   37      76       1
   38      97       1
   38     100       1
   38     121       1
   38     147       1
   39      47       1
   39      52       1
   39      56       1
   40      41       1
   40      63       1
   41     113       1
   41     129       1
   42     123       1
   42     125       1
   43      44       1
   43      63       1
   43      71       1
   43      76       1
   43      94       1
   43     126       1
   43     151       1
   43     153       1
   43     173       1
   43     200       1
   44     186       1
   45      89       1
   46      53       1
   46      99       1
   46     100       1
   47      99       1
   47     174       1
   48      94       1
   48     167       1
   49     143       1
   49     159       1
   50      82       1
   50      99       1
   51     178       1
   52     140       1
   52     191       1
   53     185       1
   54      57       1
   54      77       1
   54     128       1
   54     131       1
   54     140       1
   54     163       1
   54     172       1
   55      83       1
   57     104       1
   58      85       1
   58      91       1
   58     150       1
   58     153       1
   59      94       1
   60      78       1
   60     186       1
   61      73       1
   61      92       1
   61     148       1
   61     160       1
   62     130       1
   63     133       1
   63     142       1
   64      71       1
   65     131       1
   65     168       1
   66     124       1
   66     193       1
   67     161       1
   68      97       1
   69      81       1
   69     113       1
   69     170       1
   69     190       1
   69     199       1
   70      71       1
   70     152       1
   70     176       1
   71      93       1
   75     132       1
   76      86       1
   76     150       1
   76     183       1
   77     153       1
   77     156       1
   78      91       1
   79     160       1
   80     165       1
   81     175       1
   81     179       1
   82     176       1
   82     195       1
   83     158       1
   84      93       1
   85     189       1
   86     113       1
   87     144       1
   88     111       1
   88     140       1
   89     104       1
   91     144       1
   93     184       1
   94     168       1
   95     125       1
   96     153       1
   97     135       1
   98     101       1
   98     172       1
   99     160       1
   99     188       1
  100     144       1
  100     146       1
  100     159       1
  102     138       1
  102     160       1
  102     166       1
  102     182       1
  103     112       1
  103     130       1
  104     145       1
  104     152       1
  104     197       1
  105     151       1
  105     171       1
  106     141       1
  106     197       1
  108     143       1
  109     125       1
  113     192       1
  114     155       1
  114     176       1
  115     119       1
  115     159       1
  115     196       1
  116     195       1
  117     141       1
  118     174       1
  119     120       1
  121     155       1
  121     184       1
  122     172       1
  124     172       1
  124     198       1
  125     181       1
  125     198       1
  127     150       1
  127     159       1
  127     163       1
  130     152       1
  130     181       1
  135     139       1
  135     169       1
  136     185       1
  137     147       1
  137     160       1
  138     144       1
  139     151       1
  139     159       1
  140     165       1
  142     174       1
  144     167       1
  149     189       1
  151     165       1
  152     154       1
  152     161       1
  154     183       1
  155     195       1
  158     196       1
  162     179       1
  162     189       1
  163     189       1
  165     166       1
  165     196       1
  168     174       1
  170     185       1
  173     179       1
  177     181       1
  184     199       1
  187     188       1
  193     194       1
