   50      85
    1      11       1
    1      26       1
    1      39       1
    2       8       1
    2      25       1
    2      41       1
    3      12       1
    3      20       1
    3      33       1
    3      38       1
    3      48       1
    4      12       1
    4      16       1
    4      45       1
    5      13       1
    5      16       1
    5      29       1
    5      32       1
    6      39       1
    6      46       1
    7      19       1
    7      20       1
    7      23       1
    7      27       1
    7      35       1
    7      47       1
    8      36       1
    8      48       1
    9      39       1
   10      14       1
   10      15       1
   10      18       1
   10      42       1
   10      50       1
   11      18       1
   11      22       1
   11      48       1
   12      42       1
   12      46       1
   13      20       1
   13      42       1
   14      17       1
   14      38       1
   14      41       1
   15      16       1
   15      39       1
   15      49       1
   16      31       1
   16      40       1
   17      21       1
   18      24       1
   18      28       1
   18      39       1
   20      35       1
   20      44       1
   21      46       1
   22      35       1
   23      24       1
   23      27       1
   23      35       1
   23      37       1
   23      49       1
   24      36       1
   24      42       1
   25      37       1
   25      41       1
   26      44       1
   26      45       1
   27      29       1
   27      41       1
   28      38       1
   28      39       1
   29      31       1
   30      38       1
   32      38       1
   32      47       1
   33      41       1
   34      40       1
   34      50       1
   37      38       1
   37      50       1
   38      39       1
   39      40       1
   39      43       1
   39      48       1
