  800     929
    1     128       1
    1     734       1
    2     621       1
    3     474       1
    3     756       1
    4      74       1
    4     546       1
    4     690       1
    5     509       1
    6     284       1
    7     296       1
    7     331       1
    8     168       1
    8     289       1
    8     396       1
    9     437       1
    9     637       1
   10     461       1
   10     746       1
   11     200       1
   11     325       1
   12     608       1
   13     304       1
   13     487       1
   14     744       1
   15     352       1
   15     756       1
   15     760       1
   16     543       1
   16     623       1
   17     211       1
   18     352       1
   18     749       1
   19     278       1
   19     736       1
   19     750       1
   20     692       1
   21     282       1
   21     478       1
   22      63       1
   22     439       1
   23     537       1
   24      86       1
   24     109       1
   25     686       1
   25     793       1
   26      28       1
   26     131       1
   26     242       1
   26     283       1
   26     478       1
   26     500       1
   26     579       1
   27     750       1
   28     106       1
   28     234       1
   28     347       1
   28     485       1
   28     505       1
   28     522       1
   28     569       1
   29     240       1
   30      80       1
   30     631       1
   31      67       1
   32     272       1
   32     547       1
   33      76       1
   33     336       1
   33     625       1
   33     753       1
   34     778       1
   35     374       1
   35     794       1
   36     733       1
   37     239       1
   37     293       1
   37     405       1
   37     622       1
   38     637       1
   39     257       1
   39     312       1
   39     658       1
   40     332       1
   41     541       1
   42     253       1
   42     414       1
   43      76       1
   43     231       1
   44     424       1
   44     501       1
   45     410       1
   46     252       1
   47     458       1
   47     635       1
   47     705       1
   48     389       1
   48     459       1
   49      66       1
   49     357       1
   50      91       1
   50     531       1
   50     613       1
   50     782       1
   51     662       1
   52     433       1
   53      60       1
   53      74       1
   53     260       1
   53     504       1
   53     537       1
   53     725       1
   53     774       1
   54     442       1
   54     519       1
   54     576       1
   55     420       1
   55     436       1
   55     625       1
   55     641       1
   55     748       1
   56     149       1
   57     402       1
   57     441       1
   57     616       1
   58     186       1
   59     297       1
   59     695       1
   60     182       1
   61     201       1
   61     676       1
   61     769       1
   62     641       1
   62     788       1
   63     100       1
   63     618       1
   64     170       1
   64     203       1
   65     311       1
   65     786       1
   66     373       1
   67     375       1
   67     476       1
   67     534       1
   68     578       1
   68     621       1
   69     547       1
   70     340       1
   70     359       1
   70     696       1
   71     205       1
   72     329       1
   73     176       1
   73     265       1
   73     313       1
   73     653       1
   75     203       1
   75     602       1
   76     461       1
   77     424       1
   77     601       1
   77     762       1
   78     173       1
   79     362       1
   79     520       1
   79     564       1
   79     700       1
   80     365       1
   81     370       1
   81     399       1
   81     657       1
   82     293       1
   82     520       1
   82     782       1
   83     129       1
   83     245       1
   83     601       1
   84     344       1
   84     707       1
   84     757       1
   85     146       1
   85     424       1
   85     518       1
   85     731       1
   86     152       1
   86     294       1
   86     433       1
   86     763       1
   86     771       1
   87     339       1
   87     716       1
   88     315       1
   89     389       1
   90     469       1
   90     736       1
   91     228       1
   91     346       1
   91     355       1
   92     202       1
   92     344       1
   92     499       1
   92     723       1
   93     213       1
   94     397       1
   95     741       1
   96     137       1
   96     320       1
   97     730       1
   98     257       1
   98     300       1
   98     513       1
   98     665       1
   99     596       1
   99     743       1
  100     217       1
  100     224       1
  101     625       1
  102     761       1
  103     328       1
  104     143       1
  104     291       1
  105     126       1
  105     635       1
  105     783       1
  106     124       1
  106     219       1
  106     789       1
  107     743       1
  108     141       1
  109     289       1
  110     623       1
  110     739       1
  111     408       1
  111     564       1
  111     667       1
  111     771       1
  112     137       1
  112     483       1
  112     527       1
  112     607       1
  113     570       1
  114     468       1
  114     489       1
  114     731       1
  115     241       1
  115     371       1
  116     129       1
  116     664       1
  117     176       1
  118     344       1
  119     674       1
  120     172       1
  121     299       1
  122     256       1
  123     637       1
  123     755       1
  125     724       1
  127     196       1
  128     153       1
  128     517       1
  130     516       1
  131     152       1
  131     516       1
  131     545       1
  132     529       1
  133     241       1
  133     689       1
  133     740       1
  133     763       1
  134     606       1
  135     222       1
  135     532       1
  136     656       1
  138     732       1
  139     623       1
  140     514       1
  140     667       1
  141     173       1
  141     282       1
  141     346       1
  141     545       1
  141     644       1
  142     236       1
  142     699       1
  143     552       1
  143     571       1
  143     749       1
  144     350       1
  145     214       1
  145     558       1
  147     485       1
  147     659       1
  148     378       1
  148     587       1
  149     212       1
  149     231       1
  149     613       1
  149     619       1
  150     340       1
  151     395       1
  152     186       1
  152     251       1
  152     703       1
  153     319       1
  153     493       1
  153     569       1
  153     659       1
  153     776       1
  154     216       1
  154     307       1
  154     491       1
  154     510       1
  154     570       1
  155     355       1
  155     487       1
  155     511       1
  156     467       1
  156     644       1
  157     732       1
  158     286       1
  159     160       1
  159     512       1
  161     391       1
  162     535       1
  163     215       1
  163     251       1
  163     424       1
  163     525       1
  163     567       1
  164     380       1
  165     522       1
  166     199       1
  166     249       1
  166     251       1
  166     660       1
  166     720       1
  166     764       1
  166     781       1
  167     301       1
  167     769       1
  168     649       1
  169     551       1
  170     285       1
  171     184       1
  171     566       1
  172     470       1
  172     554       1
  173     422       1
  173     485       1
  173     492       1
  173     726       1
  174     774       1
  175     385       1
  175     471       1
  175     577       1
  176     337       1
  176     361       1
  177     220       1
  177     374       1
  178     355       1
  178     392       1
  179     603       1
  179     749       1
  180     413       1
  180     423       1
  180     464       1
  181     424       1
  181     443       1
  183     219       1
  185     692       1
  186     568       1
  187     396       1
  188     200       1
  189     253       1
  189     680       1
  190     546       1
  191     505       1
  192     474       1
  192     616       1
  193     341       1
  193     461       1
  193     693       1
  193     768       1
  194     461       1
  195     370       1
  195     381       1
  196     527       1
  196     691       1
  197     515       1
  198     312       1
  200     207       1
  200     539       1
  203     341       1
  204     380       1
  204     412       1
  205     537       1
  206     303       1
  206     363       1
  206     413       1
  206     452       1
  206     793       1
  208     358       1
  208     551       1
  209     538       1
  209     628       1
  210     647       1
  211     251       1
  213     364       1
  213     788       1
  214     251       1
  214     289       1
  214     623       1
  214     654       1
  216     218       1
  216     799       1
  217     499       1
  218     497       1
  220     433       1
  220     453       1
  220     475       1
  221     760       1
  223     373       1
  224     676       1
  225     727       1
  225     781       1
  225     796       1
  226     353       1
  226     512       1
  227     641       1
  228     677       1
  228     774       1
  229     794       1
  230     660       1
  231     678       1
  232     564       1
  233     373       1
  233     418       1
  233     731       1
  235     744       1
  236     434       1
  237     526       1
  238     467       1
  238     492       1
  240     395       1
  240     406       1
  240     606       1
  240     637       1
  240     683       1
  243     691       1
  243     711       1
  244     333       1
  244     545       1
  244     585       1
  245     591       1
  245     699       1
  246     319       1
  246     666       1
  247     483       1
  248     605       1
  248     627       1
  249     566       1
  249     761       1
  250     409       1
  251     347       1
  251     403       1
  251     421       1
  251     447       1
  251     461       1
  251     606       1
  251     774       1
  251     783       1
  252     324       1
  252     560       1
  252     598       1
  253     321       1
  254     761       1
  255     421       1
  255     791       1
  256     653       1
  257     605       1
  257     663       1
  257     735       1
  257     777       1
  258     288       1
  258     306       1
  258     581       1
  259     532       1
  260     328       1
  260     541       1
  261     515       1
  261     521       1
  262     737       1
  263     273       1
  264     509       1
  266     366       1
  266     577       1
  267     539       1
  268     714       1
  269     776       1
  269     785       1
  270     351       1
  270     641       1
  271     368       1
  271     424       1
  271     535       1
  272     546       1
  272     658       1
  273     440       1
  274     278       1
  274     376       1
  275     663       1
  276     613       1
  277     328       1
  277     742       1
  278     432       1
  279     701       1
  280     305       1
  281     329       1
  282     482       1
  284     316       1
  285     433       1
  286     294       1
  286     388       1
  287     680       1
  288     398       1
  289     607       1
  289     664       1
  290     788       1
  292     538       1
  292     637       1
  292     702       1
  293     530       1
  293     618       1
  293     623       1
  294     346       1
  294     751       1
  295     302       1
  295     708       1
  296     304       1
  297     325       1
  297     563       1
  298     572       1
  298     598       1
  299     342       1
  299     621       1
  301     307       1
  301     332       1
  301     691       1
  302     490       1
  302     529       1
  302     741       1
  305     628       1
  308     322       1
  309     798       1
  310     487       1
  311     508       1
  311     663       1
  311     676       1
  312     323       1
  312     717       1
  313     371       1
  313     738       1
  314     497       1
  314     498       1
  315     669       1
  315     720       1
  316     347       1
  316     365       1
  316     511       1
  316     532       1
  317     483       1
  317     657       1
  318     763       1
  319     451       1
  319     688       1
  320     529       1
  322     546       1
  325     391       1
  325     420       1
  325     433       1
  325     572       1
  326     370       1
  326     695       1
  327     623       1
  327     685       1
  328     492       1
  328     592       1
  329     606       1
  329     673       1
  330     749       1
  331     354       1
  332     347       1
  332     352       1
  332     371       1
  332     389       1
  332     676       1
  333     602       1
  334     450       1
  335     674       1
  335     774       1
  336     743       1
  337     430       1
  337     752       1
  338     388       1
  340     403       1
  340     515       1
  343     372       1
  344     464       1
  344     675       1
  344     774       1
  345     447       1
  347     687       1
  348     628       1
  348     702       1
  349     463       1
  349     679       1
  350     382       1
  350     472       1
  350     693       1
  354     416       1
  354     533       1
  354     758       1
  354     787       1
  355     487       1
  355     490       1
  355     678       1
  355     778       1
  356     640       1
  358     550       1
  358     691       1
  360     768       1
  361     779       1
  364     380       1
  364     474       1
  364     562       1
  365     465       1
  365     468       1
  365     471       1
  366     473       1
  367     448       1
  367     636       1
  367     645       1
  368     422       1
  369     429       1
  369     645       1
  369     650       1
  369     668       1
  370     765       1
  371     386       1
  371     537       1
  372     615       1
  372     757       1
  373     426       1
  376     426       1
  377     515       1
  378     461       1
  379     411       1
  380     630       1
  381     524       1
  381     647       1
  382     613       1
  383     739       1
  384     593       1
  386     389       1
  386     604       1
  387     570       1
  388     535       1
  388     772       1
  390     663       1
  390     698       1
  391     646       1
  392     451       1
  393     472       1
  394     395       1
  397     487       1
  399     481       1
  399     668       1
  400     785       1
  401     464       1
  403     441       1
  403     552       1
  403     717       1
  404     583       1
  404     688       1
  405     444       1
  406     642       1
  407     714       1
  409     524       1
  410     447       1
  410     476       1
  410     730       1
  411     545       1
  412     547       1
  412     643       1
  413     533       1
  413     542       1
  414     583       1
  414     651       1
  414     716       1
  414     745       1
  415     449       1
  415     471       1
  417     742       1
  419     487       1
  421     798       1
  422     514       1
  422     520       1
  423     670       1
  424     542       1
  425     668       1
  426     744       1
  427     597       1
  427     749       1
  428     776       1
  431     639       1
  433     602       1
  433     629       1
  435     484       1
  435     613       1
  435     632       1
  438     688       1
  439     794       1
  440     555       1
  440     603       1
  440     737       1
  440     781       1
  441     553       1
  442     656       1
  442     695       1
  445     575       1
  446     683       1
  446     704       1
  447     766       1
  449     540       1
  450     609       1
  450     641       1
  452     510       1
  454     785       1
  455     491       1
  456     496       1
  457     715       1
  457     740       1
  458     551       1
  458     556       1
  458     613       1
  460     730       1
  461     662       1
  461     672       1
  461     694       1
  462     500       1
  463     536       1
  463     676       1
  465     711       1
  466     515       1
  469     609       1
  470     663       1
  470     728       1
  472     649       1
  472     716       1
  472     736       1
  473     485       1
  473     613       1
  473     656       1
  476     628       1
  476     677       1
  477     780       1
  478     547       1
  478     639       1
  478     760       1
  479     539       1
  479     787       1
  480     732       1
  481     783       1
  482     753       1
  483     639       1
  484     740       1
  485     627       1
  485     713       1
  485     787       1
  486     592       1
  486     783       1
  487     625       1
  488     750       1
  488     767       1
  490     601       1
  490     674       1
  490     691       1
  490     719       1
  492     718       1
  493     564       1
  493     633       1
  494     621       1
  495     682       1
  495     791       1
  496     773       1
  496     787       1
  498     565       1
  499     719       1
  502     626       1
  502     787       1
  503     581       1
  503     645       1
  504     596       1
  505     699       1
  506     522       1
  507     546       1
  509     628       1
  510     583       1
  511     534       1
  512     523       1
  512     602       1
  512     797       1
  517     615       1
  518     593       1
  520     547       1
  522     624       1
  522     640       1
  522     662       1
  522     784       1
  523     590       1
  523     603       1
  524     586       1
  526     732       1
  528     654       1
  532     586       1
  533     729       1
  534     775       1
  535     584       1
  535     675       1
  536     553       1
  538     792       1
  539     575       1
  539     688       1
  540     789       1
  541     610       1
  542     783       1
  543     601       1
  544     609       1
  546     645       1
  547     684       1
  548     689       1
  549     751       1
  549     770       1
  553     566       1
  553     648       1
  553     714       1
  554     584       1
  557     573       1
  558     692       1
  559     762       1
  560     781       1
  561     563       1
  563     606       1
  565     654       1
  566     585       1
  566     668       1
  566     691       1
  567     730       1
  569     697       1
  570     647       1
  570     661       1
  573     640       1
  574     754       1
  575     668       1
  580     647       1
  582     585       1
  582     713       1
  586     780       1
  588     678       1
  589     687       1
  593     661       1
  594     672       1
  595     600       1
  595     747       1
  596     703       1
  598     699       1
  599     699       1
  600     733       1
  607     724       1
  608     757       1
  611     657       1
  612     640       1
  614     674       1
  617     754       1
  620     780       1
  621     645       1
  623     707       1
  624     655       1
  626     681       1
  628     661       1
  634     709       1
  634     748       1
  637     754       1
  637     787       1
  638     798       1
  646     662       1
  649     706       1
  652     687       1
  654     741       1
  655     694       1
  664     758       1
  665     733       1
  670     674       1
  670     732       1
  670     783       1
  671     735       1
  674     788       1
  677     755       1
  679     770       1
  680     763       1
  682     781       1
  685     748       1
  692     693       1
  697     730       1
  699     704       1
  700     712       1
  701     735       1
  701     774       1
  706     778       1
  710     719       1
  716     774       1
  721     779       1
  722     776       1
  722     795       1
  723     800       1
  744     774       1
  751     759       1
  752     792       1
  761     790       1
