  300     380
    1     184       1
    2     242       1
    3     176       1
    4     114       1
    4     188       1
    4     218       1
    4     262       1
    4     279       1
    5     148       1
    6     148       1
    6     246       1
    7     227       1
    7     249       1
    8      18       1
    9     170       1
   10     231       1
   11     102       1
   11     131       1
   12      34       1
   12     135       1
   13     128       1
   14     227       1
   14     297       1
   14     300       1
   15      20       1
   15      33       1
   15      50       1
   15     130       1
   15     141       1
   16     194       1
   17     144       1
   18      30       1
   18     254       1
   19      68       1
   19     242       1
   21     190       1
   21     198       1
   22      32       1
   22     109       1
   22     164       1
   22     214       1
   23      62       1
   23      64       1
   24     195       1
   25      94       1
   25     109       1
   26     298       1
   27      58       1
   28      43       1
   28      96       1
   28     145       1
   28     168       1
   29      45       1
   29     145       1
   30     257       1
   31     109       1
   31     174       1
   32     165       1
   33      70       1
   33     265       1
   34     158       1
   34     188       1
   34     246       1
   35     117       1
   35     242       1
   35     246       1
   36      51       1
   36     109       1
   36     164       1
   36     217       1
   37     123       1
   38      62       1
   38      63       1
   38     154       1
   38     203       1
   38     227       1
   39      56       1
   39     263       1
   39     276       1
   40      88       1
   40     172       1
   40     219       1
   41     237       1
   41     258       1
   42      85       1
   42     195       1
   42     243       1
   42     244       1
   43      87       1
   44     121       1
   44     169       1
   44     289       1
   45     121       1
   46     298       1
   47     122       1
   47     141       1
   48      64       1
   48     142       1
   48     143       1
   48     160       1
   49     195       1
   50     144       1
   50     211       1
   52     165       1
   53     264       1
   54     113       1
   54     128       1
   55      90       1
   55     118       1
   55     208       1
   55     274       1
   57     199       1
   58     289       1
   59     143       1
   59     207       1
   59     291       1
   59     300       1
   60     182       1
   60     188       1
   61     103       1
   61     113       1
   62      71       1
   62     295       1
   63     116       1
   64     246       1
   65      98       1
   66     178       1
   66     246       1
   67     108       1
   67     287       1
   68     103       1
   69     111       1
   69     165       1
   69     237       1
   72     151       1
   72     242       1
   73     273       1
   73     291       1
   74     145       1
   74     223       1
   74     230       1
   74     237       1
   75      80       1
   76     268       1
   77     169       1
   77     291       1
   78     164       1
   79      98       1
   79     291       1
   80     155       1
   80     278       1
   81     162       1
   81     285       1
   82     112       1
   82     143       1
   82     172       1
   83     219       1
   84     135       1
   84     196       1
   84     232       1
   86     122       1
   87     142       1
   87     188       1
   87     233       1
   88      92       1
   88     279       1
   89     162       1
   89     271       1
   90     196       1
   90     215       1
   91     136       1
   92      95       1
   92      97       1
   92     211       1
   92     300       1
   93     152       1
   93     206       1
   93     220       1
   96     192       1
   96     268       1
   96     285       1
   97     123       1
   98     162       1
   99     122       1
  100     163       1
  101     107       1
  101     143       1
  102     158       1
  102     283       1
  103     128       1
  103     205       1
  104     177       1
  105     192       1
  106     148       1
  106     275       1
  106     285       1
  108     270       1
  109     144       1
  109     196       1
  109     256       1
  109     285       1
  110     123       1
  110     193       1
  111     151       1
  111     297       1
  112     141       1
  112     150       1
  112     159       1
  112     183       1
  112     190       1
  112     235       1
  113     231       1
  114     254       1
  115     199       1
  115     251       1
  115     256       1
  116     151       1
  116     196       1
  116     253       1
  116     290       1
  119     189       1
  120     247       1
  122     126       1
  122     133       1
  122     152       1
  122     246       1
  123     153       1
  123     225       1
  124     139       1
  125     140       1
  125     288       1
  126     253       1
  126     292       1
  127     134       1
  127     279       1
  129     162       1
  130     223       1
  131     229       1
  131     234       1
  132     158       1
  132     234       1
  133     147       1
  133     286       1
  134     207       1
  135     157       1
  136     168       1
  136     196       1
  137     299       1
  138     217       1
  139     194       1
  140     238       1
  141     156       1
  141     246       1
  142     247       1
  142     249       1
  144     167       1
  144     210       1
  146     168       1
  148     156       1
  148     228       1
  149     175       1
  149     196       1
  150     186       1
  150     201       1
  151     155       1
  151     275       1
  152     213       1
  152     221       1
  152     264       1
  153     212       1
  153     217       1
  153     230       1
  154     155       1
  155     180       1
  155     210       1
  155     284       1
  156     160       1
  156     192       1
  156     278       1
  158     193       1
  159     231       1
  159     277       1
  159     296       1
  161     244       1
  162     198       1
  162     224       1
  163     171       1
  163     217       1
  165     209       1
  166     187       1
  166     243       1
  166     298       1
  167     209       1
  168     205       1
  169     194       1
  169     206       1
  169     221       1
  170     214       1
  170     216       1
  173     292       1
  173     298       1
  174     191       1
  174     227       1
  174     260       1
  175     246       1
  176     239       1
  176     297       1
  177     224       1
  178     206       1
  179     196       1
  180     234       1
  181     237       1
  184     196       1
  185     246       1
  186     227       1
  187     194       1
  188     194       1
  188     233       1
  188     268       1
  189     252       1
  191     225       1
  192     282       1
  192     289       1
  193     226       1
  193     237       1
  193     241       1
  195     289       1
  196     245       1
  197     232       1
  199     205       1
  199     246       1
  199     293       1
  200     265       1
  202     273       1
  202     289       1
  203     255       1
  204     212       1
  205     229       1
  209     227       1
  209     262       1
  212     250       1
  213     215       1
  213     290       1
  214     252       1
  214     253       1
  214     280       1
  217     244       1
  217     246       1
  217     263       1
  217     264       1
  222     242       1
  223     279       1
  224     263       1
  227     246       1
  227     299       1
  229     272       1
  233     249       1
  236     249       1
  238     289       1
  240     263       1
  242     268       1
  243     252       1
  246     289       1
  248     288       1
  250     262       1
  254     256       1
  259     285       1
  261     290       1
  264     296       1
  264     298       1
  266     280       1
  266     294       1
  267     298       1
  269     285       1
  277     281       1
  279     287       1
  283     300       1
  285     287       1
  286     299       1
  288     291       1
