  100     144
    1      22       1
    2      28       1
    2      37       1
    2      74       1
    3      36       1
    4       8       1
    4      48       1
    5      33       1
    6      10       1
    6      30       1
    7      13       1
    8      76       1
    8      89       1
    9      29       1
    9      74       1
   10      21       1
   10      32       1
   10      53       1
   10      59       1
   10      95       1
   11      22       1
   11      54       1
   11      75       1
   11      78       1
   11      92       1
   12      19       1
   12      73       1
   12      81       1
   12      94       1
   13      32       1
   13      64       1
   14      36       1
   14      54       1
   14      65       1
   15      28       1
   15      35       1
   15      64       1
   15      68       1
   15      81       1
   15      88       1
   16      51       1
   17      36       1
   17      47       1
   17      60       1
   18      30       1
   19      79       1
   20      21       1
   20      53       1
   21      85       1
   21      87       1
   22      31       1
   22      47       1
   23      38       1
   23      69       1
   24      28       1
   24      40       1
   24      86       1
   25      39       1
   25      45       1
   25      79       1
   25      80       1
   26      30       1
   27      42       1
   27      56       1
   27      97       1
   28      49       1
   28      98       1
   29      34       1
   29      55       1
   29      65       1
   29      67       1
   29      85       1
   29      90       1
   30      55       1
   31      93       1
   32      36       1
   32      70       1
   32      72       1
   32      93       1
   32     100       1
   33      77       1
   35      76       1
   36      64       1
   36      69       1
   36      97       1
   38      95       1
   39      77       1
   39      81       1
   41      48       1
   42      51       1
   42      55       1
   43      74       1
   44      52       1
   46      67       1
   46      74       1
   46      87       1
   46      91       1
   48      52       1
   48      58       1
   48      69       1
   50      51       1
   51      64       1
   51      76       1
   51      79       1
   51      81       1
   51      89       1
   52      67       1
   52      72       1
   52      74       1
   55      84       1
   56      82       1
   56      89       1
   57      72       1
   57      84       1
   57      86       1
   58      72       1
   58      99       1
   59      88       1
   61      98       1
   62      91       1
   63      96       1
   63      99       1
   64      78       1
   65      80       1
   65      92       1
   66      69       1
   66      92       1
   67      70       1
   70      92       1
   71      92       1
   72      74       1
   72      83       1
   72      87       1
   72      99       1
   73      99       1
   74      87       1
   76      80       1
   77      92       1
   81      83       1
   82      90       1
   85      92       1
   86      96       1
   86      98       1
   89      98       1
