  300     380
    1     211       1
    1     215       1
    1     260       1
    2     219       1
    2     283       1
    3     107       1
    3     111       1
    3     190       1
    4      60       1
    4      78       1
    4      87       1
    4     239       1
    4     257       1
    5     195       1
    6     233       1
    7      52       1
    7     107       1
    8     212       1
    9      33       1
    9      43       1
   10     139       1
   11     167       1
   11     290       1
   12      95       1
   12     196       1
   12     200       1
   13     208       1
   13     215       1
   13     289       1
   14      87       1
   15      65       1
   15     133       1
   15     146       1
   15     206       1
   15     218       1
   15     241       1
   15     244       1
   16      19       1
   16      29       1
   16      33       1
   16     298       1
   17      88       1
   17     145       1
   17     149       1
   17     151       1
   17     234       1
   18     274       1
   19      95       1
   20      91       1
   21     193       1
   22      87       1
   22     114       1
   22     262       1
   23     193       1
   23     223       1
   23     247       1
   24      95       1
   24     155       1
   24     227       1
   25      79       1
   25     181       1
   26     175       1
   26     281       1
   27     105       1
   27     137       1
   28     216       1
   29     115       1
   30     180       1
   31     178       1
   32     169       1
   32     277       1
   32     283       1
   33      90       1
   33     175       1
   34     248       1
   35     232       1
   35     267       1
   35     286       1
   36     101       1
   36     229       1
   37      51       1
   38     257       1
   38     284       1
   39     257       1
   40      50       1
   40      71       1
   40      72       1
   40      73       1
   40     129       1
   40     136       1
   40     175       1
   40     244       1
   41      91       1
   41     259       1
   42     132       1
   42     213       1
   43     273       1
   44     170       1
   45      47       1
   45     271       1
   46      99       1
   46     102       1
   48      92       1
   48     160       1
   49     148       1
   50      95       1
   50     214       1
   50     259       1
   51     167       1
   52      80       1
   52     148       1
   53     220       1
   53     269       1
   54     161       1
   55      86       1
   55     233       1
   56     144       1
   56     268       1
   57      76       1
   57     104       1
   57     157       1
   57     191       1
   58     265       1
   59      62       1
   59     123       1
   59     188       1
   60     115       1
   60     172       1
   60     259       1
   60     276       1
   61     117       1
   61     208       1
   61     270       1
   62     222       1
   62     245       1
   63     135       1
   63     194       1
   63     244       1
   64      84       1
   64     172       1
   65      83       1
   65     218       1
   66      96       1
   67     122       1
   67     177       1
   68     245       1
   68     261       1
   68     288       1
   69      89       1
   69     155       1
   69     200       1
   70      87       1
   70     156       1
   70     157       1
   71     124       1
   71     153       1
   71     165       1
   74      77       1
   74     171       1
   74     197       1
   75     123       1
   76     175       1
   77     292       1
   77     296       1
   78     111       1
   78     143       1
   78     179       1
   79      84       1
   79     167       1
   80     198       1
   80     265       1
   81     269       1
   82     189       1
   83     163       1
   83     199       1
   85     283       1
   86     116       1
   86     245       1
   87     180       1
   87     256       1
   88     162       1
   88     167       1
   88     287       1
   89     203       1
   91     251       1
   92     130       1
   92     239       1
   93     118       1
   93     283       1
   94     133       1
   95     110       1
   95     152       1
   95     295       1
   96     209       1
   96     278       1
   97     239       1
   98     187       1
   98     189       1
   98     235       1
   98     252       1
   99     150       1
   99     167       1
  100     276       1
  101     169       1
  101     240       1
  103     150       1
  105     130       1
  106     167       1
  107     241       1
  108     234       1
  108     237       1
  108     274       1
  109     239       1
  111     227       1
  112     271       1
  113     123       1
  113     195       1
  115     254       1
  118     232       1
  118     299       1
  119     139       1
  119     142       1
  119     224       1
  119     249       1
  119     269       1
  119     287       1
  120     286       1
  121     144       1
  121     211       1
  121     293       1
  123     188       1
  124     210       1
  124     220       1
  125     204       1
  126     245       1
  127     184       1
  128     266       1
  129     285       1
  129     296       1
  130     173       1
  131     175       1
  131     204       1
  132     186       1
  132     190       1
  133     169       1
  133     204       1
  133     237       1
  133     258       1
  134     232       1
  135     154       1
  136     142       1
  136     212       1
  136     288       1
  137     178       1
  137     248       1
  137     259       1
  137     296       1
  138     187       1
  138     248       1
  140     170       1
  140     201       1
  141     214       1
  145     285       1
  146     292       1
  147     202       1
  147     256       1
  148     233       1
  148     249       1
  148     269       1
  149     245       1
  150     264       1
  150     297       1
  151     213       1
  152     190       1
  152     214       1
  154     213       1
  154     243       1
  155     196       1
  155     224       1
  155     269       1
  155     293       1
  158     159       1
  159     192       1
  160     297       1
  161     257       1
  162     179       1
  162     189       1
  162     235       1
  162     259       1
  164     265       1
  164     280       1
  166     169       1
  166     251       1
  166     265       1
  168     175       1
  169     198       1
  169     259       1
  169     271       1
  169     293       1
  170     259       1
  171     256       1
  174     229       1
  175     253       1
  175     282       1
  176     217       1
  177     237       1
  178     274       1
  179     208       1
  179     238       1
  180     210       1
  180     245       1
  181     198       1
  182     278       1
  183     263       1
  183     300       1
  184     274       1
  184     276       1
  185     196       1
  187     221       1
  189     197       1
  189     207       1
  191     204       1
  191     272       1
  192     205       1
  193     276       1
  195     201       1
  195     218       1
  195     239       1
  196     279       1
  198     280       1
  200     291       1
  201     297       1
  203     237       1
  205     234       1
  205     259       1
  205     274       1
  208     214       1
  208     217       1
  209     250       1
  213     252       1
  214     219       1
  216     240       1
  217     242       1
  217     297       1
  218     290       1
  219     226       1
  223     265       1
  225     239       1
  226     280       1
  228     262       1
  230     232       1
  231     282       1
  232     275       1
  232     300       1
  235     247       1
  235     299       1
  236     278       1
  239     263       1
  240     273       1
  240     296       1
  243     293       1
  244     272       1
  246     286       1
  249     271       1
  249     289       1
  250     284       1
  252     285       1
  253     295       1
  254     265       1
  255     296       1
  257     265       1
  261     280       1
  261     294       1
  266     269       1
  269     276       1
  272     300       1
  273     287       1
  276     278       1
  280     289       1
  282     300       1
