  200     266
    1       2       1
    1      40       1
    1      82       1
    2       8       1
    2      56       1
    2      62       1
    2     125       1
    2     132       1
    2     170       1
    3      23       1
    3      66       1
    3      74       1
    3      75       1
    3      79       1
    3     120       1
    3     150       1
    3     192       1
    4      19       1
    5      39       1
    5     103       1
    5     109       1
    5     164       1
    6     112       1
    7      80       1
    8      41       1
    8     164       1
    9      27       1
   10      42       1
   10     146       1
   11      25       1
   12      56       1
   12      89       1
   13     139       1
   13     165       1
   14      31       1
   15     121       1
   16      36       1
   16     107       1
   16     184       1
   17      31       1
   17     125       1
   17     135       1
   17     140       1
   18     182       1
   19      59       1
   19      87       1
   19     160       1
   19     187       1
   20      81       1
   20      95       1
   20     144       1
   21      34       1
   21      92       1
   21     119       1
   21     145       1
   22      39       1
   22      47       1
   22     133       1
   23      28       1
   24      30       1
   25     183       1
   26     159       1
   26     165       1
   27      79       1
   29      87       1
   29     118       1
   30      42       1
   30      79       1
   30     113       1
   30     177       1
   31     117       1
   31     181       1
   32      62       1
   32     119       1
   33      91       1
   35      51       1
   35      69       1
   36     186       1
   37      57       1
   37      91       1
   37     133       1
   37     172       1
   37     199       1
   38      52       1
   39     120       1
   40     152       1
   41      84       1
   41     192       1
   42      76       1
   42      80       1
   43      56       1
   43      96       1
   43     116       1
   43     147       1
   43     175       1
   44     173       1
   44     199       1
   45      85       1
   46      87       1
   47      96       1
   47     112       1
   48      96       1
   49      98       1
   49     130       1
   50     171       1
   50     189       1
   50     198       1
   52      82       1
   52     195       1
   53     174       1
   54      56       1
   54      70       1
   54      94       1
   54     144       1
   54     145       1
   54     167       1
   54     176       1
   55     128       1
   55     138       1
   56      72       1
   56     100       1
   56     165       1
   56     183       1
   57     108       1
   57     109       1
   57     114       1
   57     141       1
   58      96       1
   58     173       1
   59      74       1
   60      90       1
   60     119       1
   61     140       1
   61     168       1
   62     100       1
   63     127       1
   63     183       1
   64     120       1
   64     147       1
   64     169       1
   65      72       1
   65      81       1
   65      83       1
   65     126       1
   66      99       1
   67     125       1
   67     164       1
   68     125       1
   68     179       1
   69     125       1
   69     139       1
   70      75       1
   70     169       1
   71     133       1
   72     140       1
   72     191       1
   72     199       1
   73      86       1
   73      93       1
   73     145       1
   73     156       1
   73     174       1
   73     193       1
   75     102       1
   75     124       1
   75     148       1
   75     149       1
   75     151       1
   75     183       1
   76      98       1
   77      85       1
   77      92       1
   77     159       1
   78      87       1
   79      97       1
   80     148       1
   80     164       1
   80     195       1
   81     110       1
   81     128       1
   81     196       1
   84     102       1
   85     120       1
   85     142       1
   87     180       1
   87     183       1
   88     128       1
   90     124       1
   91     200       1
   92     177       1
   93     182       1
   95     122       1
   98     150       1
   98     155       1
   99     113       1
  100     160       1
  101     165       1
  102     115       1
  102     193       1
  103     135       1
  104     145       1
  104     187       1
  105     155       1
  105     158       1
  106     132       1
  106     186       1
  107     185       1
  107     186       1
  107     199       1
  108     130       1
  111     112       1
  111     188       1
  113     117       1
  113     137       1
  113     143       1
  114     126       1
  114     147       1
  115     156       1
  115     158       1
  117     179       1
  118     175       1
  118     193       1
  120     154       1
  121     123       1
  121     162       1
  122     182       1
  125     134       1
  125     183       1
  125     187       1
  126     129       1
  126     153       1
  126     164       1
  127     128       1
  127     179       1
  130     168       1
  131     152       1
  131     156       1
  132     198       1
  133     178       1
  136     145       1
  136     154       1
  138     194       1
  140     188       1
  145     161       1
  148     162       1
  151     184       1
  152     197       1
  153     157       1
  154     192       1
  156     183       1
  157     162       1
  157     181       1
  162     175       1
  163     189       1
  164     175       1
  166     179       1
  166     189       1
  170     199       1
  172     188       1
  179     183       1
  179     189       1
  180     186       1
  182     194       1
  184     190       1
  184     191       1
  187     194       1
