  400     489
    1     123       1
    1     239       1
    1     370       1
    2      41       1
    2     253       1
    3     127       1
    3     253       1
    3     271       1
    4     208       1
    4     348       1
    5     149       1
    5     275       1
    6     140       1
    6     154       1
    7     248       1
    8     237       1
    8     322       1
    9     255       1
   10      13       1
   10      18       1
   10     208       1
   11     100       1
   11     252       1
   12      29       1
   12     190       1
   13      16       1
   13     175       1
   14      25       1
   14      35       1
   14      87       1
   14     107       1
   14     206       1
   14     260       1
   14     305       1
   15     120       1
   17     104       1
   17     368       1
   18     193       1
   18     229       1
   18     272       1
   19     123       1
   19     209       1
   20     145       1
   20     170       1
   20     299       1
   21     249       1
   22      52       1
   22      80       1
   22     390       1
   23     223       1
   23     275       1
   24      48       1
   25     258       1
   25     350       1
   26     172       1
   26     288       1
   26     389       1
   27      54       1
   27      87       1
   27     110       1
   27     113       1
   27     144       1
   28     146       1
   29      97       1
   29     157       1
   29     277       1
   29     278       1
   29     311       1
   29     362       1
   29     371       1
   29     395       1
   30     184       1
   30     321       1
   31      63       1
   31      72       1
   31     289       1
   31     347       1
   31     382       1
   32     184       1
   32     332       1
   33     325       1
   34      66       1
   34     156       1
   34     168       1
   34     324       1
   34     352       1
   35     329       1
   36     245       1
   36     324       1
   36     395       1
   37      46       1
   37     247       1
   37     252       1
   38      72       1
   38     132       1
   38     149       1
   38     203       1
   39     120       1
   40      80       1
   40     232       1
   40     367       1
   41      81       1
   42     158       1
   43     338       1
   43     376       1
   44     358       1
   44     381       1
   45     176       1
   45     398       1
   46      80       1
   46     163       1
   47     219       1
   47     305       1
   48     201       1
   49     133       1
   49     213       1
   49     397       1
   50     305       1
   50     375       1
   51     174       1
   51     178       1
   51     196       1
   53     215       1
   54     187       1
   54     248       1
   54     353       1
   55     153       1
   55     285       1
   56     127       1
   56     221       1
   56     345       1
   56     355       1
   56     368       1
   57     200       1
   57     207       1
   57     288       1
   58     118       1
   58     383       1
   59      61       1
   59      86       1
   60     142       1
   62     242       1
   62     243       1
   63     124       1
   63     236       1
   63     264       1
   64     243       1
   65     391       1
   66     238       1
   66     303       1
   66     343       1
   67     318       1
   68     104       1
   69      82       1
   69     136       1
   69     252       1
   70      86       1
   70     109       1
   70     137       1
   71     151       1
   71     329       1
   73     110       1
   73     174       1
   74     245       1
   74     376       1
   75     290       1
   75     356       1
   76     226       1
   77      83       1
   77     135       1
   77     240       1
   77     364       1
   78     105       1
   78     265       1
   78     270       1
   78     280       1
   78     394       1
   79     243       1
   79     333       1
   80     169       1
   80     296       1
   80     300       1
   80     364       1
   81     166       1
   82     186       1
   82     298       1
   83      97       1
   83     146       1
   83     194       1
   83     280       1
   83     331       1
   83     346       1
   84     231       1
   84     348       1
   85     166       1
   85     311       1
   86     181       1
   88     174       1
   88     186       1
   88     249       1
   88     276       1
   88     331       1
   89     142       1
   89     149       1
   89     262       1
   90     130       1
   90     212       1
   91     113       1
   91     314       1
   92     124       1
   92     297       1
   93     324       1
   94     190       1
   94     213       1
   94     241       1
   94     348       1
   94     373       1
   95     366       1
   95     389       1
   96     318       1
   98     195       1
   98     323       1
   98     383       1
   98     391       1
   99     345       1
  101     209       1
  102     226       1
  102     292       1
  103     189       1
  103     212       1
  104     120       1
  104     176       1
  104     244       1
  104     393       1
  105     328       1
  106     113       1
  106     354       1
  107     326       1
  107     372       1
  108     118       1
  108     283       1
  110     365       1
  111     137       1
  111     286       1
  111     332       1
  112     138       1
  112     146       1
  112     239       1
  112     349       1
  113     118       1
  113     123       1
  113     139       1
  113     191       1
  113     212       1
  113     281       1
  113     292       1
  113     326       1
  114     251       1
  115     118       1
  115     171       1
  115     254       1
  115     331       1
  115     361       1
  116     309       1
  117     371       1
  118     120       1
  118     146       1
  118     149       1
  118     179       1
  118     208       1
  118     315       1
  118     326       1
  119     147       1
  120     134       1
  120     155       1
  120     384       1
  120     396       1
  121     365       1
  122     138       1
  122     322       1
  122     326       1
  123     124       1
  124     268       1
  125     316       1
  126     138       1
  127     302       1
  128     336       1
  129     159       1
  129     191       1
  129     215       1
  130     213       1
  131     155       1
  131     202       1
  133     252       1
  133     359       1
  134     399       1
  136     143       1
  136     181       1
  136     304       1
  136     330       1
  137     331       1
  138     199       1
  138     231       1
  139     177       1
  141     178       1
  141     310       1
  142     288       1
  142     337       1
  142     383       1
  143     239       1
  143     256       1
  143     385       1
  145     266       1
  146     263       1
  146     281       1
  146     345       1
  146     383       1
  147     224       1
  147     334       1
  148     208       1
  148     381       1
  149     309       1
  150     225       1
  150     324       1
  151     236       1
  152     279       1
  152     284       1
  152     285       1
  153     325       1
  154     267       1
  154     357       1
  154     393       1
  157     204       1
  157     269       1
  157     393       1
  158     195       1
  159     288       1
  160     315       1
  161     208       1
  161     378       1
  162     340       1
  164     192       1
  165     208       1
  166     226       1
  166     358       1
  166     363       1
  167     187       1
  167     201       1
  167     319       1
  170     287       1
  173     183       1
  175     307       1
  176     373       1
  177     192       1
  178     259       1
  179     329       1
  180     194       1
  180     293       1
  182     375       1
  183     219       1
  183     283       1
  183     312       1
  185     280       1
  185     342       1
  187     266       1
  188     213       1
  189     324       1
  189     360       1
  189     387       1
  190     261       1
  191     313       1
  191     327       1
  192     214       1
  192     235       1
  194     215       1
  197     252       1
  198     208       1
  198     252       1
  200     266       1
  201     298       1
  204     316       1
  204     340       1
  205     223       1
  207     245       1
  208     293       1
  208     334       1
  208     376       1
  208     379       1
  209     345       1
  210     258       1
  211     377       1
  214     348       1
  216     360       1
  217     259       1
  217     353       1
  218     361       1
  220     322       1
  222     294       1
  223     289       1
  223     400       1
  224     291       1
  224     385       1
  225     335       1
  226     287       1
  226     326       1
  227     321       1
  228     390       1
  230     274       1
  231     246       1
  231     396       1
  232     265       1
  232     339       1
  232     359       1
  233     249       1
  234     355       1
  237     299       1
  238     386       1
  240     301       1
  242     380       1
  243     273       1
  243     288       1
  243     341       1
  246     257       1
  250     258       1
  250     294       1
  250     354       1
  251     285       1
  251     289       1
  251     315       1
  251     324       1
  251     367       1
  253     289       1
  254     379       1
  255     340       1
  255     379       1
  258     317       1
  258     344       1
  262     376       1
  262     392       1
  267     326       1
  268     290       1
  270     275       1
  271     332       1
  274     310       1
  276     360       1
  277     285       1
  281     342       1
  282     334       1
  282     381       1
  285     296       1
  289     377       1
  290     379       1
  291     310       1
  293     325       1
  294     364       1
  295     350       1
  295     365       1
  296     320       1
  297     397       1
  298     304       1
  298     326       1
  299     315       1
  300     374       1
  306     384       1
  308     321       1
  310     312       1
  310     340       1
  314     354       1
  318     384       1
  321     350       1
  321     377       1
  323     362       1
  328     367       1
  329     388       1
  333     384       1
  336     344       1
  336     366       1
  336     397       1
  340     353       1
  344     351       1
  346     388       1
  348     385       1
  351     360       1
  358     376       1
  360     369       1
  382     398       1
  384     397       1
  384     399       1
  393     394       1
