   50      85
    1      13       1
    1      21       1
    1      28       1
    1      46       1
    2      38       1
    3      10       1
    3      19       1
    3      21       1
    4      22       1
    4      28       1
    4      36       1
    4      39       1
    4      50       1
    5       6       1
    5       7       1
    5      15       1
    5      23       1
    5      49       1
    6      11       1
    6      13       1
    7      11       1
    7      25       1
    7      32       1
    7      38       1
    8      10       1
    8      14       1
    8      35       1
    8      45       1
    9      26       1
    9      31       1
    9      47       1
   11      14       1
   11      34       1
   12      18       1
   12      21       1
   14      21       1
   14      46       1
   15      37       1
   16      21       1
   16      40       1
   16      45       1
   17      24       1
   17      35       1
   18      31       1
   19      21       1
   19      48       1
   19      50       1
   20      29       1
   21      23       1
   21      44       1
   23      27       1
   23      36       1
   23      42       1
   24      30       1
   24      38       1
   25      46       1
   26      44       1
   27      29       1
   27      34       1
   27      38       1
   28      38       1
   28      49       1
   28      50       1
   29      30       1
   29      31       1
   30      33       1
   30      50       1
   31      36       1
   31      43       1
   32      41       1
   34      41       1
   34      48       1
   35      40       1
   35      42       1
   35      47       1
   35      48       1
   36      42       1
   36      48       1
   38      39       1
   39      47       1
   40      47       1
   40      49       1
   41      50       1
   42      43       1
   43      48       1
