   50      85
    1      10       1
    1      25       1
    2      23       1
    2      35       1
    2      38       1
    3      30       1
    3      36       1
    3      37       1
    3      46       1
    4       6       1
    4      35       1
    4      36       1
    4      43       1
    4      50       1
    5       8       1
    5      16       1
    6      28       1
    7      17       1
    7      19       1
    7      37       1
    7      38       1
    7      49       1
    8      14       1
    8      30       1
    8      32       1
    9      18       1
    9      22       1
    9      35       1
    9      49       1
   10      21       1
   10      24       1
   10      26       1
   10      33       1
   10      35       1
   10      36       1
   11      15       1
   11      21       1
   12      16       1
   12      31       1
   12      37       1
   12      41       1
   12      50       1
   13      37       1
   13      47       1
   14      20       1
   14      37       1
   14      42       1
   14      44       1
   14      45       1
   15      47       1
   16      40       1
   16      41       1
   17      25       1
   17      26       1
   17      42       1
   18      22       1
   18      23       1
   18      43       1
   19      40       1
   21      34       1
   22      31       1
   22      42       1
   23      29       1
   24      36       1
   24      41       1
   24      48       1
   24      50       1
   25      36       1
   25      49       1
   27      41       1
   27      47       1
   28      36       1
   29      35       1
   29      43       1
   29      48       1
   30      43       1
   31      32       1
   33      37       1
   35      45       1
   35      46       1
   36      42       1
   39      40       1
   40      47       1
   41      44       1
   41      49       1
