  700     820
    1     179       1
    2     304       1
    2     448       1
    3     366       1
    3     659       1
    4     172       1
    5     295       1
    5     541       1
    6     368       1
    7      33       1
    7     141       1
    7     176       1
    7     177       1
    7     287       1
    7     484       1
    8     110       1
    8     196       1
    8     237       1
    8     700       1
    9     369       1
    9     691       1
   10     299       1
   10     449       1
   11     176       1
   12      21       1
   12      66       1
   12     123       1
   13     204       1
   13     245       1
   13     453       1
   13     601       1
   14     171       1
   14     233       1
   14     236       1
   14     439       1
   14     503       1
   14     530       1
   15     116       1
   15     371       1
   16      44       1
   16     302       1
   16     347       1
   16     644       1
   17     275       1
   17     508       1
   17     668       1
   18     413       1
   19     286       1
   19     307       1
   19     565       1
   20     314       1
   21     131       1
   21     171       1
   21     261       1
   21     609       1
   22     144       1
   22     532       1
   22     599       1
   23     168       1
   23     468       1
   24     160       1
   24     172       1
   24     331       1
   25      85       1
   25     251       1
   25     559       1
   26     146       1
   26     240       1
   26     264       1
   26     510       1
   27     428       1
   28      29       1
   28     209       1
   28     403       1
   28     457       1
   28     507       1
   28     633       1
   29     413       1
   29     514       1
   29     526       1
   30     176       1
   30     489       1
   30     491       1
   30     546       1
   31     212       1
   32     121       1
   33     331       1
   33     372       1
   33     394       1
   33     402       1
   34      84       1
   34     212       1
   34     340       1
   34     655       1
   35     144       1
   35     398       1
   36     282       1
   36     480       1
   36     496       1
   37     516       1
   38     169       1
   38     544       1
   38     628       1
   39     377       1
   40     222       1
   40     393       1
   41     274       1
   41     291       1
   41     360       1
   41     571       1
   42     311       1
   42     528       1
   42     625       1
   43     204       1
   43     341       1
   44     182       1
   45     511       1
   45     654       1
   46     126       1
   46     220       1
   46     627       1
   47      87       1
   47     158       1
   47     256       1
   47     670       1
   47     688       1
   48      56       1
   48      84       1
   48     391       1
   48     668       1
   49     283       1
   50      90       1
   50     160       1
   50     183       1
   50     328       1
   50     380       1
   51     698       1
   52     616       1
   52     667       1
   53      62       1
   53     209       1
   53     297       1
   53     341       1
   54     624       1
   55      67       1
   55     242       1
   55     262       1
   56     401       1
   57     682       1
   58     145       1
   58     614       1
   58     689       1
   59     210       1
   59     572       1
   60     125       1
   60     177       1
   61     152       1
   61     316       1
   61     385       1
   62     452       1
   63     521       1
   64      78       1
   64     163       1
   64     617       1
   65      89       1
   65     160       1
   66     126       1
   66     228       1
   66     313       1
   66     665       1
   67     393       1
   67     633       1
   68     233       1
   68     249       1
   69     209       1
   70     421       1
   70     573       1
   71     114       1
   71     659       1
   72     572       1
   73     144       1
   73     494       1
   74      89       1
   74     496       1
   75     616       1
   76     502       1
   77     114       1
   78     191       1
   78     250       1
   78     252       1
   78     497       1
   79     505       1
   80     206       1
   80     345       1
   81     309       1
   82     106       1
   82     430       1
   83     437       1
   84     342       1
   84     375       1
   84     436       1
   84     512       1
   86     584       1
   86     630       1
   87     162       1
   87     187       1
   87     517       1
   87     642       1
   88     200       1
   88     426       1
   88     475       1
   89     593       1
   90     635       1
   91     373       1
   91     468       1
   91     696       1
   92     210       1
   93     298       1
   93     335       1
   94     198       1
   94     202       1
   94     203       1
   94     664       1
   95     554       1
   96     356       1
   96     358       1
   96     394       1
   97     119       1
   97     699       1
   98     175       1
   99     282       1
  100     606       1
  101     183       1
  101     191       1
  101     329       1
  102     394       1
  102     406       1
  102     513       1
  103     123       1
  103     163       1
  103     227       1
  104     478       1
  104     595       1
  104     676       1
  105     528       1
  106     135       1
  106     397       1
  106     418       1
  106     504       1
  107     442       1
  107     451       1
  108     411       1
  109     271       1
  109     515       1
  110     475       1
  111     260       1
  111     453       1
  112     142       1
  112     199       1
  112     314       1
  112     389       1
  112     669       1
  113     239       1
  113     535       1
  113     688       1
  114     127       1
  114     139       1
  114     500       1
  115     496       1
  116     576       1
  116     620       1
  117     284       1
  117     333       1
  118     469       1
  120     145       1
  120     303       1
  120     596       1
  121     461       1
  122     249       1
  123     594       1
  124     322       1
  125     161       1
  125     235       1
  126     127       1
  126     144       1
  126     479       1
  126     557       1
  126     654       1
  128     191       1
  128     268       1
  128     465       1
  129     255       1
  129     619       1
  130     492       1
  130     651       1
  132     149       1
  132     668       1
  133     180       1
  134     392       1
  136     325       1
  136     668       1
  137     347       1
  137     356       1
  137     508       1
  138     369       1
  138     472       1
  139     152       1
  139     489       1
  140     312       1
  140     455       1
  140     560       1
  140     615       1
  142     331       1
  142     416       1
  142     505       1
  143     158       1
  143     207       1
  143     404       1
  143     554       1
  144     575       1
  145     162       1
  145     601       1
  146     340       1
  146     492       1
  147     386       1
  147     420       1
  147     528       1
  147     606       1
  148     473       1
  149     548       1
  150     394       1
  151     510       1
  151     648       1
  152     378       1
  152     504       1
  152     697       1
  153     363       1
  154     230       1
  154     236       1
  154     682       1
  155     654       1
  156     526       1
  157     628       1
  157     666       1
  158     342       1
  159     234       1
  159     666       1
  160     400       1
  160     624       1
  161     353       1
  163     186       1
  163     338       1
  164     287       1
  165     399       1
  165     674       1
  166     345       1
  167     479       1
  168     182       1
  169     232       1
  170     283       1
  170     520       1
  170     683       1
  171     421       1
  172     363       1
  173     364       1
  174     184       1
  174     230       1
  174     515       1
  174     567       1
  174     691       1
  175     378       1
  175     383       1
  175     400       1
  176     575       1
  176     662       1
  178     310       1
  178     365       1
  178     516       1
  179     305       1
  179     406       1
  179     422       1
  179     473       1
  180     446       1
  180     665       1
  181     373       1
  181     657       1
  182     317       1
  182     350       1
  183     271       1
  183     346       1
  184     451       1
  185     296       1
  185     303       1
  185     345       1
  185     591       1
  185     661       1
  188     495       1
  189     669       1
  190     441       1
  191     482       1
  192     659       1
  193     212       1
  193     510       1
  194     358       1
  194     566       1
  194     595       1
  195     355       1
  195     622       1
  196     399       1
  196     693       1
  197     530       1
  198     351       1
  198     398       1
  198     449       1
  198     563       1
  198     575       1
  199     506       1
  199     550       1
  201     266       1
  202     289       1
  203     585       1
  204     611       1
  205     678       1
  206     574       1
  206     677       1
  208     271       1
  208     354       1
  208     545       1
  209     263       1
  209     575       1
  209     611       1
  210     630       1
  211     410       1
  213     290       1
  213     292       1
  214     297       1
  214     465       1
  215     697       1
  216     425       1
  216     664       1
  217     245       1
  218     389       1
  218     536       1
  218     687       1
  219     300       1
  221     482       1
  221     599       1
  222     322       1
  223     241       1
  223     544       1
  223     609       1
  224     351       1
  225     482       1
  226     650       1
  226     690       1
  228     238       1
  228     377       1
  229     632       1
  231     389       1
  233     436       1
  234     433       1
  235     247       1
  235     371       1
  235     501       1
  235     576       1
  235     599       1
  235     632       1
  239     277       1
  240     653       1
  241     490       1
  241     623       1
  243     433       1
  243     490       1
  243     561       1
  244     569       1
  245     267       1
  245     433       1
  246     330       1
  246     358       1
  246     585       1
  247     257       1
  247     565       1
  248     507       1
  250     281       1
  251     254       1
  251     564       1
  251     582       1
  253     501       1
  255     344       1
  256     260       1
  256     364       1
  256     575       1
  256     597       1
  258     260       1
  258     326       1
  259     310       1
  260     370       1
  260     495       1
  260     578       1
  260     585       1
  260     586       1
  261     297       1
  261     336       1
  261     611       1
  262     470       1
  262     503       1
  262     567       1
  263     348       1
  263     410       1
  263     485       1
  264     502       1
  265     346       1
  265     568       1
  266     575       1
  267     627       1
  269     488       1
  269     592       1
  269     649       1
  270     437       1
  270     533       1
  272     447       1
  272     496       1
  273     399       1
  274     584       1
  275     300       1
  275     305       1
  276     463       1
  277     335       1
  278     623       1
  279     366       1
  279     459       1
  280     432       1
  281     509       1
  281     668       1
  282     339       1
  282     396       1
  284     564       1
  285     386       1
  286     330       1
  286     499       1
  286     625       1
  287     302       1
  288     414       1
  288     506       1
  289     651       1
  290     696       1
  292     335       1
  292     613       1
  293     504       1
  294     492       1
  294     573       1
  295     591       1
  297     345       1
  297     454       1
  298     514       1
  298     605       1
  298     674       1
  299     662       1
  301     559       1
  304     571       1
  304     572       1
  304     632       1
  305     436       1
  305     522       1
  305     549       1
  306     478       1
  308     642       1
  309     446       1
  310     392       1
  310     652       1
  310     654       1
  310     680       1
  311     410       1
  314     445       1
  315     637       1
  317     335       1
  317     376       1
  317     462       1
  317     476       1
  317     529       1
  318     552       1
  318     622       1
  319     543       1
  319     638       1
  320     355       1
  321     342       1
  323     344       1
  324     627       1
  326     492       1
  327     666       1
  329     544       1
  330     543       1
  331     480       1
  331     643       1
  332     393       1
  332     587       1
  334     335       1
  335     656       1
  337     379       1
  337     415       1
  337     432       1
  337     537       1
  341     584       1
  341     608       1
  341     649       1
  342     614       1
  343     386       1
  343     472       1
  344     697       1
  345     407       1
  345     600       1
  345     622       1
  345     679       1
  346     522       1
  346     575       1
  346     623       1
  346     646       1
  346     672       1
  347     433       1
  348     467       1
  349     583       1
  349     632       1
  350     436       1
  350     479       1
  350     528       1
  351     508       1
  351     569       1
  352     522       1
  353     497       1
  357     432       1
  357     626       1
  359     553       1
  361     498       1
  361     542       1
  362     673       1
  363     553       1
  365     463       1
  366     660       1
  367     534       1
  368     576       1
  369     392       1
  370     678       1
  373     390       1
  373     486       1
  373     504       1
  373     517       1
  373     659       1
  374     683       1
  376     699       1
  380     384       1
  381     553       1
  382     420       1
  382     469       1
  383     501       1
  387     608       1
  388     622       1
  390     433       1
  392     640       1
  393     458       1
  393     563       1
  393     603       1
  395     519       1
  397     438       1
  397     443       1
  398     564       1
  399     443       1
  399     462       1
  400     464       1
  404     504       1
  404     576       1
  405     693       1
  405     697       1
  406     562       1
  408     632       1
  409     697       1
  410     483       1
  410     513       1
  411     663       1
  412     610       1
  414     671       1
  417     542       1
  418     434       1
  419     510       1
  423     589       1
  423     648       1
  423     659       1
  424     568       1
  426     661       1
  427     567       1
  427     611       1
  428     486       1
  428     573       1
  429     567       1
  430     675       1
  431     501       1
  432     697       1
  434     501       1
  434     538       1
  435     649       1
  436     487       1
  437     660       1
  440     657       1
  441     470       1
  441     589       1
  444     477       1
  444     693       1
  446     534       1
  447     692       1
  448     479       1
  448     638       1
  449     560       1
  450     659       1
  451     474       1
  451     571       1
  453     542       1
  453     571       1
  453     588       1
  455     607       1
  456     544       1
  456     558       1
  456     639       1
  457     461       1
  457     531       1
  457     607       1
  459     496       1
  460     664       1
  463     604       1
  463     665       1
  466     578       1
  466     583       1
  468     638       1
  471     509       1
  471     654       1
  473     559       1
  474     590       1
  475     572       1
  477     645       1
  479     681       1
  480     518       1
  480     654       1
  481     504       1
  484     647       1
  486     509       1
  491     522       1
  491     564       1
  491     602       1
  491     660       1
  492     523       1
  493     633       1
  495     531       1
  499     593       1
  502     639       1
  508     686       1
  510     571       1
  514     659       1
  515     547       1
  519     570       1
  521     585       1
  522     535       1
  523     524       1
  525     564       1
  527     572       1
  528     571       1
  528     622       1
  532     639       1
  533     540       1
  534     631       1
  539     699       1
  544     583       1
  547     549       1
  548     562       1
  548     681       1
  549     674       1
  551     639       1
  551     654       1
  551     690       1
  555     681       1
  556     667       1
  557     649       1
  557     685       1
  560     580       1
  560     684       1
  561     619       1
  562     698       1
  566     606       1
  566     634       1
  570     609       1
  570     691       1
  571     671       1
  573     596       1
  577     600       1
  579     584       1
  581     667       1
  583     683       1
  589     602       1
  593     636       1
  594     674       1
  598     614       1
  598     639       1
  598     695       1
  601     681       1
  610     654       1
  610     667       1
  612     669       1
  618     663       1
  619     629       1
  619     672       1
  620     621       1
  627     632       1
  632     633       1
  633     653       1
  637     648       1
  640     663       1
  641     658       1
  641     697       1
  649     694       1
  654     673       1
  654     697       1
  662     666       1
  686     687       1
