  400     489
    1     103       1
    1     293       1
    2      83       1
    3      38       1
    3      39       1
    3     306       1
    4      31       1
    4     122       1
    4     129       1
    4     254       1
    4     318       1
    4     327       1
    4     377       1
    5      72       1
    5     181       1
    5     182       1
    5     344       1
    6     201       1
    6     381       1
    7      16       1
    7     164       1
    8      64       1
    8     244       1
    8     369       1
    9      62       1
    9     164       1
    9     168       1
    9     254       1
   10     210       1
   10     257       1
   10     330       1
   11      70       1
   11     175       1
   11     204       1
   11     236       1
   11     290       1
   12     180       1
   12     394       1
   13      84       1
   13     103       1
   13     138       1
   13     291       1
   13     385       1
   14     245       1
   14     385       1
   15     167       1
   15     264       1
   16     162       1
   16     248       1
   16     318       1
   16     364       1
   16     393       1
   17     206       1
   17     217       1
   18     173       1
   18     198       1
   18     287       1
   18     385       1
   19      86       1
   19     133       1
   19     194       1
   20     138       1
   20     143       1
   20     216       1
   21      49       1
   21      81       1
   21     251       1
   21     312       1
   22      82       1
   22     268       1
   23     141       1
   23     246       1
   23     282       1
   24     112       1
   24     398       1
   25     184       1
   26      99       1
   26     358       1
   27     140       1
   27     171       1
   28     191       1
   28     358       1
   28     377       1
   29     307       1
   30     287       1
   31      42       1
   31      88       1
   31     102       1
   31     132       1
   31     152       1
   31     170       1
   31     190       1
   31     324       1
   31     336       1
   31     378       1
   32     112       1
   32     357       1
   33      47       1
   34     247       1
   34     384       1
   35     356       1
   36     324       1
   37     262       1
   38      67       1
   38     134       1
   38     138       1
   39     110       1
   39     351       1
   39     380       1
   40     139       1
   40     370       1
   41     211       1
   42      61       1
   42      96       1
   42     266       1
   42     294       1
   42     374       1
   42     393       1
   43      82       1
   44      79       1
   45     155       1
   46     346       1
   47     262       1
   47     309       1
   47     349       1
   48      85       1
   49      96       1
   50     192       1
   50     241       1
   50     292       1
   51      88       1
   51     120       1
   51     213       1
   52     233       1
   53     136       1
   53     266       1
   53     399       1
   54      57       1
   54     139       1
   54     146       1
   55      91       1
   55     379       1
   56     289       1
   57     198       1
   57     240       1
   58      79       1
   58      95       1
   59     208       1
   59     249       1
   60     184       1
   60     189       1
   60     332       1
   60     387       1
   62      93       1
   63      73       1
   63      87       1
   63     297       1
   64     126       1
   65     130       1
   65     140       1
   66     103       1
   67     263       1
   67     286       1
   67     369       1
   68      82       1
   69     119       1
   69     203       1
   69     397       1
   70     212       1
   70     298       1
   71     100       1
   71     252       1
   71     279       1
   71     373       1
   72     350       1
   73      85       1
   73     385       1
   74      96       1
   74     123       1
   74     331       1
   75     104       1
   75     338       1
   76     360       1
   77      98       1
   77     199       1
   77     387       1
   77     391       1
   78     195       1
   79     240       1
   79     339       1
   80     248       1
   82     105       1
   82     142       1
   82     187       1
   82     353       1
   83      94       1
   83     356       1
   86     333       1
   86     340       1
   86     391       1
   87     247       1
   87     394       1
   88     185       1
   88     299       1
   88     338       1
   88     341       1
   88     344       1
   88     388       1
   88     392       1
   89     180       1
   89     327       1
   90     244       1
   90     292       1
   91     108       1
   92     156       1
   92     181       1
   92     208       1
   92     225       1
   92     392       1
   93     178       1
   94      98       1
   94     137       1
   94     369       1
   97     248       1
  100     334       1
  101     272       1
  101     347       1
  101     392       1
  104     186       1
  105     134       1
  105     183       1
  105     228       1
  105     361       1
  106     346       1
  107     190       1
  107     255       1
  108     252       1
  109     311       1
  111     159       1
  111     257       1
  112     298       1
  113     184       1
  113     362       1
  114     237       1
  115     207       1
  115     226       1
  115     251       1
  115     327       1
  116     375       1
  117     188       1
  118     300       1
  120     296       1
  121     267       1
  121     312       1
  122     355       1
  123     177       1
  124     227       1
  125     237       1
  125     383       1
  127     329       1
  128     284       1
  128     356       1
  130     237       1
  130     321       1
  131     221       1
  132     219       1
  132     353       1
  134     146       1
  134     152       1
  135     207       1
  135     213       1
  136     393       1
  137     174       1
  137     273       1
  138     197       1
  138     239       1
  138     389       1
  139     371       1
  144     199       1
  144     309       1
  145     216       1
  145     226       1
  145     255       1
  146     216       1
  146     259       1
  146     340       1
  146     363       1
  147     188       1
  147     261       1
  148     149       1
  149     190       1
  150     378       1
  151     377       1
  152     352       1
  153     175       1
  153     348       1
  154     356       1
  155     353       1
  155     386       1
  156     395       1
  156     397       1
  157     240       1
  157     363       1
  158     222       1
  158     229       1
  159     261       1
  160     167       1
  160     385       1
  161     271       1
  162     285       1
  163     178       1
  164     187       1
  165     346       1
  166     374       1
  167     242       1
  167     246       1
  168     200       1
  169     385       1
  172     326       1
  172     357       1
  176     260       1
  176     358       1
  177     294       1
  177     386       1
  178     392       1
  179     193       1
  179     222       1
  179     314       1
  182     353       1
  184     242       1
  184     276       1
  184     390       1
  186     260       1
  188     391       1
  190     336       1
  190     356       1
  191     223       1
  191     308       1
  191     347       1
  192     206       1
  192     306       1
  192     395       1
  193     223       1
  193     380       1
  195     339       1
  196     341       1
  199     331       1
  199     366       1
  200     261       1
  200     310       1
  200     358       1
  202     211       1
  203     320       1
  204     339       1
  205     353       1
  207     303       1
  208     231       1
  209     329       1
  210     372       1
  211     237       1
  212     230       1
  212     324       1
  213     253       1
  214     395       1
  215     357       1
  217     231       1
  218     385       1
  220     312       1
  220     348       1
  221     340       1
  222     350       1
  223     387       1
  224     381       1
  225     233       1
  225     238       1
  225     397       1
  226     232       1
  226     297       1
  227     228       1
  227     355       1
  228     269       1
  228     301       1
  229     342       1
  229     372       1
  229     387       1
  232     392       1
  233     235       1
  233     241       1
  233     258       1
  234     367       1
  234     380       1
  235     302       1
  236     246       1
  236     281       1
  236     291       1
  236     311       1
  236     354       1
  236     377       1
  237     289       1
  237     324       1
  237     377       1
  237     382       1
  240     282       1
  242     370       1
  243     316       1
  245     263       1
  246     249       1
  246     369       1
  248     293       1
  248     301       1
  248     360       1
  249     284       1
  249     357       1
  250     274       1
  250     380       1
  251     346       1
  252     316       1
  254     298       1
  254     302       1
  255     398       1
  256     358       1
  257     355       1
  257     377       1
  260     376       1
  260     381       1
  262     275       1
  264     335       1
  264     365       1
  265     294       1
  267     271       1
  270     364       1
  271     319       1
  272     280       1
  273     354       1
  275     321       1
  277     305       1
  277     389       1
  278     281       1
  278     338       1
  279     317       1
  279     357       1
  279     376       1
  283     364       1
  285     306       1
  288     338       1
  289     325       1
  291     298       1
  294     396       1
  295     334       1
  295     337       1
  296     304       1
  299     348       1
  300     305       1
  300     382       1
  300     400       1
  302     303       1
  306     354       1
  306     398       1
  307     340       1
  307     375       1
  309     391       1
  311     368       1
  312     355       1
  312     363       1
  313     349       1
  315     329       1
  316     392       1
  318     344       1
  319     320       1
  320     340       1
  322     353       1
  323     337       1
  323     380       1
  328     397       1
  329     350       1
  334     369       1
  335     336       1
  338     377       1
  338     380       1
  339     345       1
  339     390       1
  343     347       1
  344     359       1
  348     350       1
  350     392       1
  358     400       1
  359     390       1
  374     382       1
  381     392       1
