  600     711
    1     303       1
    2     149       1
    2     285       1
    2     458       1
    3     111       1
    3     209       1
    3     480       1
    4     589       1
    5     212       1
    6     264       1
    6     439       1
    7      68       1
    7      89       1
    7     200       1
    7     291       1
    7     361       1
    7     397       1
    8      28       1
    9     356       1
   10     449       1
   11      41       1
   12     427       1
   13      16       1
   13      46       1
   13     163       1
   13     189       1
   13     202       1
   13     223       1
   14     351       1
   15     517       1
   15     599       1
   16     433       1
   17     322       1
   18     138       1
   19     170       1
   20     181       1
   20     199       1
   20     462       1
   20     472       1
   21     283       1
   22     274       1
   22     420       1
   23      62       1
   24     572       1
   25      32       1
   25      85       1
   25      97       1
   25     178       1
   25     325       1
   25     559       1
   25     591       1
   26     348       1
   26     533       1
   27      34       1
   27      57       1
   27     314       1
   27     553       1
   28     105       1
   28     129       1
   28     478       1
   29      76       1
   29     140       1
   30     552       1
   31     427       1
   31     517       1
   33     340       1
   33     362       1
   33     453       1
   33     578       1
   34     156       1
   35     165       1
   35     262       1
   35     351       1
   35     420       1
   36     360       1
   37     433       1
   38     105       1
   38     168       1
   38     288       1
   38     428       1
   38     523       1
   39      58       1
   40      41       1
   40      70       1
   41     395       1
   42     196       1
   42     302       1
   42     330       1
   42     419       1
   42     437       1
   43     218       1
   43     422       1
   44     431       1
   44     451       1
   45     305       1
   45     538       1
   45     548       1
   46     188       1
   47     180       1
   48     390       1
   48     483       1
   49     153       1
   49     420       1
   50     398       1
   51     185       1
   51     195       1
   52     155       1
   52     456       1
   52     529       1
   53      95       1
   53     238       1
   53     398       1
   53     411       1
   53     501       1
   54     432       1
   55     138       1
   55     165       1
   55     303       1
   55     600       1
   56     319       1
   56     389       1
   58     524       1
   59     138       1
   59     445       1
   59     572       1
   60     117       1
   60     498       1
   61     251       1
   61     416       1
   62      87       1
   62     584       1
   63      81       1
   63     179       1
   63     324       1
   64     222       1
   64     392       1
   64     446       1
   64     504       1
   65     109       1
   65     271       1
   65     429       1
   65     524       1
   66      92       1
   66     201       1
   66     221       1
   66     308       1
   66     513       1
   66     550       1
   67     128       1
   67     289       1
   68      75       1
   68     156       1
   68     488       1
   69     138       1
   70     374       1
   70     591       1
   71     437       1
   72     442       1
   73     279       1
   73     480       1
   74      84       1
   74     130       1
   74     236       1
   76     425       1
   76     442       1
   77     584       1
   78      94       1
   78     132       1
   78     271       1
   78     295       1
   78     336       1
   78     396       1
   79     130       1
   79     255       1
   79     539       1
   80     460       1
   80     585       1
   82     331       1
   83     339       1
   83     588       1
   84      90       1
   84     211       1
   84     519       1
   85      99       1
   85     194       1
   85     249       1
   85     411       1
   85     416       1
   85     472       1
   85     528       1
   85     547       1
   86     164       1
   86     370       1
   86     565       1
   86     569       1
   87      96       1
   87     120       1
   87     422       1
   87     545       1
   87     596       1
   88     483       1
   89     152       1
   89     319       1
   90     146       1
   90     166       1
   90     277       1
   90     307       1
   91     481       1
   91     564       1
   92     600       1
   93     469       1
   95     153       1
   95     226       1
   95     286       1
   95     372       1
   95     408       1
   96     135       1
   96     151       1
   96     175       1
   96     235       1
   96     501       1
   97     254       1
   98     137       1
   98     386       1
   99     161       1
   99     310       1
  100     117       1
  100     287       1
  101     305       1
  101     579       1
  102     370       1
  102     555       1
  103     411       1
  104     259       1
  104     587       1
  105     234       1
  106     293       1
  106     357       1
  107     129       1
  107     185       1
  107     326       1
  108     281       1
  108     301       1
  108     564       1
  109     511       1
  110     224       1
  111     136       1
  111     411       1
  111     461       1
  112     360       1
  113     176       1
  113     238       1
  113     541       1
  114     194       1
  114     414       1
  114     418       1
  115     168       1
  115     212       1
  115     493       1
  116     261       1
  116     562       1
  117     261       1
  118     154       1
  119     235       1
  120     147       1
  120     213       1
  120     275       1
  121     398       1
  121     406       1
  121     585       1
  122     205       1
  122     497       1
  123     394       1
  123     578       1
  124     316       1
  125     130       1
  125     307       1
  125     599       1
  126     191       1
  126     360       1
  127     585       1
  128     274       1
  128     514       1
  130     258       1
  130     304       1
  130     308       1
  130     350       1
  130     490       1
  131     572       1
  133     140       1
  134     357       1
  135     205       1
  135     554       1
  136     289       1
  136     315       1
  138     267       1
  139     468       1
  139     484       1
  139     525       1
  140     345       1
  140     376       1
  140     517       1
  141     159       1
  142     460       1
  142     553       1
  142     561       1
  143     486       1
  144     146       1
  145     501       1
  146     278       1
  147     492       1
  147     541       1
  147     586       1
  148     323       1
  148     398       1
  148     571       1
  149     455       1
  150     178       1
  154     428       1
  154     487       1
  155     318       1
  156     280       1
  156     436       1
  156     454       1
  156     567       1
  157     233       1
  158     440       1
  159     174       1
  159     224       1
  159     320       1
  159     353       1
  160     440       1
  162     440       1
  163     164       1
  164     331       1
  164     589       1
  165     360       1
  165     540       1
  166     493       1
  167     342       1
  167     354       1
  167     437       1
  167     473       1
  168     244       1
  168     274       1
  168     382       1
  168     526       1
  168     550       1
  169     345       1
  169     450       1
  169     576       1
  170     411       1
  171     267       1
  171     345       1
  171     368       1
  172     202       1
  173     309       1
  174     467       1
  175     316       1
  175     317       1
  175     330       1
  177     514       1
  179     236       1
  179     536       1
  180     225       1
  180     305       1
  182     239       1
  182     573       1
  183     362       1
  183     390       1
  183     403       1
  183     456       1
  183     515       1
  183     570       1
  184     188       1
  184     350       1
  185     525       1
  186     316       1
  187     290       1
  187     313       1
  187     501       1
  188     312       1
  188     377       1
  189     262       1
  190     389       1
  192     271       1
  192     520       1
  193     212       1
  196     267       1
  196     309       1
  197     257       1
  198     206       1
  199     215       1
  200     202       1
  202     306       1
  202     422       1
  202     459       1
  203     350       1
  203     489       1
  204     280       1
  205     269       1
  205     436       1
  206     243       1
  206     361       1
  207     424       1
  208     253       1
  208     309       1
  208     401       1
  208     491       1
  208     501       1
  209     369       1
  209     376       1
  209     381       1
  210     310       1
  211     262       1
  211     394       1
  212     243       1
  213     472       1
  213     522       1
  214     336       1
  215     502       1
  215     539       1
  215     543       1
  215     555       1
  216     413       1
  216     506       1
  217     234       1
  217     424       1
  218     398       1
  218     440       1
  218     485       1
  219     528       1
  220     301       1
  220     470       1
  220     569       1
  220     589       1
  222     223       1
  225     408       1
  225     574       1
  226     254       1
  226     496       1
  226     534       1
  227     548       1
  228     461       1
  229     433       1
  229     506       1
  230     526       1
  231     312       1
  232     279       1
  232     340       1
  233     235       1
  233     257       1
  234     270       1
  234     337       1
  235     275       1
  235     321       1
  235     511       1
  237     272       1
  238     240       1
  238     312       1
  238     352       1
  238     531       1
  239     387       1
  240     434       1
  241     301       1
  241     304       1
  242     265       1
  243     436       1
  244     411       1
  244     566       1
  245     498       1
  246     442       1
  247     536       1
  248     547       1
  249     278       1
  249     521       1
  250     346       1
  250     507       1
  251     493       1
  252     478       1
  253     334       1
  255     526       1
  255     578       1
  256     595       1
  258     307       1
  258     327       1
  258     434       1
  258     504       1
  260     321       1
  260     359       1
  262     280       1
  263     402       1
  264     382       1
  264     405       1
  265     292       1
  265     344       1
  266     550       1
  268     472       1
  270     400       1
  271     303       1
  271     349       1
  271     568       1
  272     591       1
  272     599       1
  273     567       1
  274     388       1
  276     376       1
  278     482       1
  279     398       1
  280     479       1
  282     569       1
  283     301       1
  284     304       1
  284     314       1
  284     427       1
  285     464       1
  285     503       1
  286     532       1
  287     444       1
  287     550       1
  287     599       1
  289     395       1
  290     393       1
  292     517       1
  293     335       1
  293     407       1
  294     329       1
  294     413       1
  294     488       1
  295     300       1
  295     435       1
  296     303       1
  296     381       1
  296     518       1
  297     321       1
  298     345       1
  298     436       1
  299     389       1
  301     371       1
  301     376       1
  301     389       1
  301     409       1
  301     573       1
  302     370       1
  303     332       1
  303     469       1
  304     399       1
  305     401       1
  305     463       1
  306     371       1
  308     495       1
  309     474       1
  311     591       1
  312     507       1
  314     426       1
  314     466       1
  316     380       1
  317     365       1
  317     577       1
  318     561       1
  320     590       1
  321     473       1
  322     333       1
  322     539       1
  323     358       1
  323     510       1
  324     386       1
  325     404       1
  325     500       1
  326     574       1
  327     566       1
  328     346       1
  328     501       1
  330     474       1
  333     597       1
  334     471       1
  335     515       1
  338     504       1
  339     354       1
  339     589       1
  340     512       1
  341     423       1
  341     457       1
  341     488       1
  343     518       1
  343     543       1
  345     449       1
  345     562       1
  347     566       1
  348     422       1
  350     441       1
  352     533       1
  353     383       1
  353     422       1
  353     560       1
  355     398       1
  356     426       1
  356     442       1
  356     512       1
  356     600       1
  357     376       1
  357     378       1
  357     455       1
  358     391       1
  358     522       1
  359     447       1
  359     546       1
  360     567       1
  362     563       1
  362     567       1
  363     552       1
  364     461       1
  366     439       1
  367     383       1
  369     440       1
  371     559       1
  372     444       1
  373     594       1
  374     460       1
  375     465       1
  376     501       1
  376     556       1
  376     598       1
  379     398       1
  379     430       1
  382     451       1
  383     411       1
  383     512       1
  384     455       1
  384     581       1
  385     557       1
  386     436       1
  387     586       1
  388     390       1
  389     565       1
  390     465       1
  390     471       1
  390     527       1
  390     544       1
  393     546       1
  393     595       1
  397     438       1
  398     436       1
  401     425       1
  402     453       1
  402     506       1
  402     569       1
  404     470       1
  410     531       1
  412     466       1
  413     506       1
  415     531       1
  416     443       1
  417     478       1
  417     535       1
  418     505       1
  421     558       1
  422     558       1
  424     440       1
  426     499       1
  432     588       1
  435     445       1
  435     542       1
  439     526       1
  440     452       1
  440     483       1
  442     568       1
  443     448       1
  446     475       1
  454     509       1
  454     594       1
  456     583       1
  457     509       1
  458     486       1
  460     588       1
  460     596       1
  465     552       1
  471     477       1
  471     582       1
  473     592       1
  475     521       1
  476     537       1
  478     502       1
  478     559       1
  482     485       1
  483     549       1
  485     557       1
  491     581       1
  494     504       1
  495     504       1
  498     594       1
  500     536       1
  501     506       1
  501     539       1
  501     568       1
  501     580       1
  505     572       1
  506     525       1
  508     570       1
  513     551       1
  515     537       1
  516     580       1
  521     552       1
  525     587       1
  530     556       1
  546     554       1
  546     593       1
  554     579       1
  556     574       1
  556     575       1
  558     563       1
