  800     929
    1      25       1
    2     229       1
    3     114       1
    4     197       1
    4     718       1
    5     786       1
    6     148       1
    6     407       1
    6     667       1
    7      15       1
    7      25       1
    7     160       1
    7     230       1
    7     286       1
    8      25       1
    8     101       1
    8     124       1
    8     254       1
    8     270       1
    8     319       1
    8     350       1
    8     492       1
    8     611       1
    8     645       1
    8     755       1
    9     132       1
   10      68       1
   10     590       1
   10     787       1
   11     330       1
   11     568       1
   12     442       1
   13     191       1
   13     554       1
   14     242       1
   14     375       1
   14     440       1
   16     234       1
   16     529       1
   16     539       1
   17     161       1
   18      72       1
   18     613       1
   19     302       1
   20     360       1
   20     365       1
   21     176       1
   21     677       1
   22     565       1
   22     606       1
   22     737       1
   23     532       1
   24     365       1
   24     593       1
   24     617       1
   26      27       1
   26     124       1
   26     362       1
   28     507       1
   29     155       1
   29     622       1
   30     338       1
   30     534       1
   31      71       1
   31     728       1
   32     389       1
   32     716       1
   33     130       1
   33     161       1
   33     643       1
   34     478       1
   35      91       1
   35     558       1
   35     695       1
   36     470       1
   36     603       1
   37     104       1
   37     338       1
   37     639       1
   37     753       1
   38     412       1
   39     141       1
   39     175       1
   39     712       1
   40     438       1
   40     444       1
   41     124       1
   41     310       1
   41     314       1
   41     335       1
   42     105       1
   42     345       1
   42     657       1
   42     686       1
   43     199       1
   43     772       1
   44      45       1
   44     109       1
   44     289       1
   45     311       1
   45     327       1
   46     331       1
   46     426       1
   46     620       1
   47     213       1
   47     443       1
   47     592       1
   47     652       1
   48     524       1
   48     767       1
   49     238       1
   49     413       1
   50      72       1
   50     363       1
   51     737       1
   52      99       1
   52     207       1
   52     388       1
   52     711       1
   53     282       1
   54      58       1
   54     146       1
   55     275       1
   55     640       1
   55     648       1
   56     510       1
   57     397       1
   57     445       1
   57     697       1
   58     328       1
   59     148       1
   60     335       1
   61     490       1
   62     651       1
   63     205       1
   64     595       1
   65     184       1
   65     265       1
   66     244       1
   67     800       1
   68     495       1
   69     290       1
   69     500       1
   69     535       1
   69     744       1
   69     777       1
   70     519       1
   71     355       1
   72     321       1
   72     436       1
   72     594       1
   73     670       1
   73     766       1
   74      83       1
   74     252       1
   74     725       1
   74     756       1
   75     135       1
   75     168       1
   75     395       1
   76      80       1
   76     180       1
   76     427       1
   76     780       1
   77     103       1
   77     212       1
   78     224       1
   78     298       1
   78     399       1
   78     613       1
   78     717       1
   79     386       1
   80     300       1
   80     419       1
   80     508       1
   81     231       1
   81     470       1
   81     718       1
   82     278       1
   83     328       1
   84     279       1
   85     316       1
   86     367       1
   87      92       1
   87     727       1
   88     233       1
   89     215       1
   89     594       1
   89     699       1
   90     138       1
   90     379       1
   91     129       1
   91     706       1
   93     681       1
   93     713       1
   94     441       1
   95     240       1
   95     257       1
   95     373       1
   95     579       1
   96     244       1
   96     306       1
   96     383       1
   96     400       1
   96     760       1
   97     295       1
   98     259       1
   98     349       1
   98     594       1
  100     370       1
  100     371       1
  100     602       1
  100     751       1
  101     121       1
  101     456       1
  101     571       1
  101     587       1
  101     641       1
  101     682       1
  101     689       1
  102     378       1
  102     401       1
  103     218       1
  103     636       1
  104     733       1
  105     296       1
  106     498       1
  107     243       1
  107     330       1
  107     619       1
  108     329       1
  110     561       1
  110     634       1
  111     345       1
  112     231       1
  112     603       1
  113     762       1
  113     794       1
  114     470       1
  114     726       1
  115     226       1
  116     124       1
  116     528       1
  116     700       1
  117     159       1
  118     355       1
  118     378       1
  118     455       1
  118     678       1
  119     450       1
  120     432       1
  121     206       1
  121     214       1
  121     290       1
  121     415       1
  121     526       1
  121     601       1
  121     687       1
  122     558       1
  123     498       1
  123     561       1
  124     272       1
  124     424       1
  124     723       1
  124     758       1
  125     141       1
  125     315       1
  126     136       1
  126     387       1
  127     429       1
  127     582       1
  128     597       1
  129     168       1
  129     238       1
  130     293       1
  130     559       1
  130     644       1
  131     620       1
  132     432       1
  133     165       1
  133     176       1
  133     369       1
  134     164       1
  134     773       1
  135     149       1
  135     550       1
  136     140       1
  136     163       1
  136     458       1
  137     153       1
  137     178       1
  139     614       1
  141     622       1
  142     158       1
  142     264       1
  142     468       1
  142     524       1
  142     784       1
  143     235       1
  143     634       1
  143     684       1
  144     280       1
  145     206       1
  146     454       1
  147     420       1
  148     179       1
  148     550       1
  148     554       1
  148     556       1
  148     717       1
  149     594       1
  150     601       1
  151     364       1
  151     536       1
  151     573       1
  151     625       1
  152     745       1
  153     458       1
  154     532       1
  154     629       1
  154     748       1
  156     408       1
  156     704       1
  157     391       1
  157     785       1
  158     233       1
  158     414       1
  158     609       1
  159     319       1
  159     416       1
  161     794       1
  162     467       1
  164     450       1
  165     354       1
  165     674       1
  166     295       1
  166     381       1
  167     555       1
  167     755       1
  167     792       1
  168     204       1
  168     205       1
  168     220       1
  168     281       1
  168     365       1
  168     601       1
  169     449       1
  169     568       1
  170     243       1
  170     605       1
  171     659       1
  172     400       1
  173     433       1
  173     467       1
  173     554       1
  173     631       1
  174     257       1
  175     684       1
  177     439       1
  178     396       1
  178     685       1
  179     384       1
  179     449       1
  181     621       1
  182     646       1
  183     488       1
  184     508       1
  185     415       1
  185     503       1
  186     210       1
  186     385       1
  187     507       1
  188     359       1
  188     376       1
  189     519       1
  189     721       1
  190     272       1
  190     729       1
  192     199       1
  192     208       1
  192     545       1
  192     552       1
  193     274       1
  194     584       1
  194     588       1
  195     318       1
  195     417       1
  196     217       1
  196     402       1
  196     550       1
  197     304       1
  198     244       1
  198     777       1
  200     592       1
  201     470       1
  202     421       1
  203     577       1
  204     324       1
  204     352       1
  204     639       1
  204     686       1
  204     717       1
  205     369       1
  205     378       1
  205     419       1
  205     684       1
  205     735       1
  208     666       1
  209     317       1
  209     441       1
  209     556       1
  210     484       1
  210     672       1
  211     241       1
  211     430       1
  212     310       1
  213     308       1
  213     480       1
  214     277       1
  214     311       1
  214     321       1
  214     330       1
  214     550       1
  214     589       1
  214     619       1
  214     782       1
  216     224       1
  216     603       1
  218     591       1
  219     439       1
  220     393       1
  220     410       1
  220     630       1
  221     758       1
  222     458       1
  222     800       1
  223     277       1
  223     379       1
  223     494       1
  223     790       1
  224     385       1
  224     737       1
  225     527       1
  226     421       1
  226     652       1
  227     518       1
  228     251       1
  229     300       1
  229     559       1
  229     681       1
  230     352       1
  230     745       1
  230     761       1
  231     258       1
  231     311       1
  231     458       1
  231     467       1
  231     543       1
  232     687       1
  235     485       1
  236     268       1
  236     761       1
  237     542       1
  237     560       1
  237     682       1
  237     696       1
  239     604       1
  241     326       1
  242     790       1
  243     316       1
  244     451       1
  244     675       1
  245     396       1
  245     513       1
  246     710       1
  247     316       1
  247     355       1
  247     361       1
  247     400       1
  247     460       1
  247     718       1
  247     795       1
  248     466       1
  249     459       1
  250     279       1
  250     321       1
  250     614       1
  250     646       1
  251     676       1
  251     761       1
  253     396       1
  255     497       1
  255     510       1
  256     272       1
  256     418       1
  258     447       1
  258     668       1
  260     462       1
  260     710       1
  261     313       1
  261     502       1
  261     612       1
  261     630       1
  261     768       1
  262     371       1
  262     666       1
  263     392       1
  264     493       1
  265     754       1
  266     577       1
  266     747       1
  266     765       1
  267     693       1
  269     527       1
  269     713       1
  270     334       1
  270     392       1
  270     533       1
  271     451       1
  271     618       1
  271     628       1
  271     738       1
  272     434       1
  272     523       1
  273     320       1
  273     692       1
  274     561       1
  274     795       1
  275     417       1
  276     665       1
  277     673       1
  278     558       1
  278     639       1
  280     297       1
  280     300       1
  280     654       1
  281     451       1
  281     597       1
  281     666       1
  282     451       1
  283     712       1
  284     400       1
  285     547       1
  287     555       1
  287     596       1
  287     677       1
  288     669       1
  288     743       1
  289     573       1
  290     403       1
  290     409       1
  290     703       1
  291     497       1
  292     663       1
  292     674       1
  292     726       1
  293     691       1
  294     319       1
  298     370       1
  298     382       1
  299     381       1
  300     385       1
  300     446       1
  301     316       1
  302     691       1
  302     709       1
  303     510       1
  304     406       1
  305     394       1
  305     435       1
  305     539       1
  305     569       1
  306     585       1
  306     724       1
  306     771       1
  307     461       1
  307     722       1
  308     740       1
  309     418       1
  311     420       1
  311     448       1
  312     553       1
  313     679       1
  313     789       1
  314     376       1
  314     620       1
  314     694       1
  315     512       1
  317     425       1
  318     765       1
  320     788       1
  321     446       1
  321     577       1
  321     716       1
  322     391       1
  322     479       1
  322     616       1
  323     336       1
  323     640       1
  323     695       1
  325     498       1
  325     677       1
  325     760       1
  326     351       1
  326     390       1
  326     691       1
  328     539       1
  329     371       1
  331     493       1
  332     749       1
  333     673       1
  334     365       1
  335     477       1
  335     540       1
  337     388       1
  337     393       1
  338     405       1
  338     509       1
  339     422       1
  339     611       1
  340     525       1
  340     583       1
  341     412       1
  341     550       1
  342     441       1
  342     680       1
  342     691       1
  342     781       1
  343     353       1
  343     420       1
  343     486       1
  343     608       1
  343     662       1
  344     579       1
  345     505       1
  345     578       1
  346     348       1
  346     388       1
  347     613       1
  349     455       1
  349     534       1
  350     632       1
  350     635       1
  353     378       1
  353     468       1
  354     576       1
  354     601       1
  354     637       1
  355     798       1
  356     409       1
  357     671       1
  358     465       1
  358     733       1
  359     645       1
  361     450       1
  363     636       1
  364     496       1
  365     607       1
  366     639       1
  367     400       1
  368     486       1
  372     375       1
  372     518       1
  372     610       1
  372     670       1
  373     586       1
  373     642       1
  373     691       1
  374     375       1
  374     705       1
  374     728       1
  374     797       1
  375     595       1
  375     633       1
  377     728       1
  378     417       1
  378     433       1
  379     459       1
  379     501       1
  379     539       1
  380     542       1
  381     390       1
  381     446       1
  383     485       1
  383     763       1
  385     669       1
  386     564       1
  386     603       1
  387     431       1
  387     666       1
  387     708       1
  387     776       1
  388     560       1
  389     529       1
  391     480       1
  391     793       1
  392     680       1
  396     508       1
  396     794       1
  397     677       1
  397     716       1
  397     775       1
  398     793       1
  399     438       1
  399     704       1
  400     471       1
  400     647       1
  404     544       1
  406     435       1
  408     412       1
  411     465       1
  411     502       1
  413     595       1
  416     418       1
  416     619       1
  417     490       1
  420     795       1
  421     500       1
  422     589       1
  422     791       1
  423     768       1
  424     621       1
  425     786       1
  428     569       1
  428     579       1
  429     594       1
  432     569       1
  432     754       1
  433     785       1
  435     783       1
  436     508       1
  436     652       1
  437     589       1
  439     592       1
  440     613       1
  440     650       1
  442     454       1
  444     723       1
  448     626       1
  450     638       1
  450     721       1
  451     757       1
  452     666       1
  452     742       1
  453     723       1
  454     595       1
  454     793       1
  456     654       1
  456     756       1
  457     796       1
  458     530       1
  458     588       1
  458     648       1
  458     769       1
  458     788       1
  461     508       1
  461     593       1
  461     730       1
  463     508       1
  463     746       1
  464     716       1
  464     741       1
  466     687       1
  466     736       1
  468     475       1
  468     673       1
  468     720       1
  469     723       1
  472     601       1
  473     622       1
  473     770       1
  474     543       1
  475     673       1
  476     622       1
  478     595       1
  479     508       1
  480     548       1
  481     495       1
  482     648       1
  483     716       1
  484     620       1
  486     731       1
  487     753       1
  488     605       1
  489     755       1
  491     609       1
  492     512       1
  495     543       1
  495     727       1
  497     558       1
  497     567       1
  499     713       1
  500     737       1
  501     715       1
  501     755       1
  504     673       1
  505     636       1
  505     731       1
  505     756       1
  505     776       1
  506     514       1
  506     741       1
  507     594       1
  507     686       1
  507     759       1
  507     791       1
  508     597       1
  511     702       1
  511     723       1
  511     786       1
  515     550       1
  515     789       1
  516     727       1
  517     717       1
  518     770       1
  519     554       1
  519     734       1
  520     593       1
  521     554       1
  522     682       1
  522     688       1
  524     570       1
  531     709       1
  532     627       1
  532     727       1
  536     564       1
  536     577       1
  537     621       1
  538     680       1
  541     617       1
  543     644       1
  543     659       1
  544     716       1
  546     569       1
  547     754       1
  549     756       1
  549     763       1
  550     557       1
  550     587       1
  550     782       1
  551     642       1
  551     663       1
  551     713       1
  553     675       1
  554     665       1
  554     693       1
  554     773       1
  556     707       1
  558     718       1
  560     612       1
  562     712       1
  562     778       1
  563     743       1
  564     611       1
  566     572       1
  569     589       1
  571     758       1
  572     699       1
  573     633       1
  574     631       1
  574     730       1
  575     639       1
  575     778       1
  580     649       1
  580     684       1
  581     673       1
  583     793       1
  589     723       1
  592     598       1
  592     757       1
  595     716       1
  599     654       1
  600     624       1
  603     660       1
  604     794       1
  605     651       1
  608     702       1
  615     619       1
  616     635       1
  617     741       1
  619     713       1
  622     716       1
  622     733       1
  623     735       1
  624     682       1
  625     685       1
  632     738       1
  632     799       1
  634     716       1
  637     709       1
  639     671       1
  642     749       1
  643     783       1
  645     655       1
  646     707       1
  648     690       1
  652     719       1
  653     713       1
  656     758       1
  657     768       1
  658     720       1
  661     729       1
  661     772       1
  664     796       1
  669     710       1
  672     760       1
  676     796       1
  682     698       1
  683     735       1
  685     763       1
  687     752       1
  691     785       1
  695     740       1
  698     725       1
  701     776       1
  701     798       1
  704     793       1
  707     737       1
  714     762       1
  716     785       1
  723     745       1
  723     756       1
  723     779       1
  732     755       1
  733     749       1
  737     750       1
  739     772       1
  756     774       1
  764     786       1
