  100     144
    1      59       1
    1      83       1
    2      99       1
    3      38       1
    3      71       1
    4      45       1
    4      74       1
    5      11       1
    5      57       1
    5      61       1
    6      47       1
    6      67       1
    7      67       1
    7      80       1
    8      18       1
    8      28       1
    8      47       1
    8      48       1
    8      51       1
    8      86       1
    9      12       1
    9      41       1
    9      77       1
   10      18       1
   10      44       1
   10      56       1
   10      81       1
   11      14       1
   11      54       1
   11      71       1
   12      37       1
   12      56       1
   13      27       1
   13      36       1
   13      45       1
   13      55       1
   13      68       1
   13      69       1
   13      81       1
   13      86       1
   14      17       1
   14      19       1
   14      71       1
   15      37       1
   16      86       1
   16      87       1
   16      90       1
   17      19       1
   18      50       1
   18      61       1
   18      89       1
   18      97       1
   19      73       1
   19      81       1
   19      87       1
   20      40       1
   20      81       1
   21      27       1
   21      53       1
   22      36       1
   22      99       1
   23      49       1
   24      43       1
   24      90       1
   25      51       1
   26      43       1
   26      71       1
   27      70       1
   27      80       1
   28      44       1
   28      86       1
   29      72       1
   29      93       1
   30      34       1
   30      52       1
   30      94       1
   31      70       1
   32      74       1
   33      34       1
   33      63       1
   33      67       1
   33      98       1
   34      82       1
   35      45       1
   36      44       1
   36      83       1
   38      45       1
   39      69       1
   40      65       1
   40      73       1
   41      63       1
   41      75       1
   41      88       1
   42      47       1
   42      79       1
   42      99       1
   43      54       1
   43      88       1
   44      96       1
   45      59       1
   46      64       1
   47      49       1
   47      58       1
   47      79       1
   48      71       1
   49      59       1
   49      77       1
   51      59       1
   51      63       1
   52      87       1
   53      97       1
   55      74       1
   56      57       1
   56      95       1
   57      97       1
   58      78       1
   60      71       1
   62      97       1
   63      67       1
   64      73       1
   64      83       1
   66      69       1
   66      88       1
   68      84       1
   69      79       1
   69      91       1
   71      73       1
   72      76       1
   72      95       1
   73      81       1
   73      93       1
   74      86       1
   74      98       1
   75      77       1
   75      98       1
   77      81       1
   79      95       1
   81      85       1
   83      93       1
   84      92       1
   85      92       1
   86     100       1
   94      97       1
   96      98       1
