  400     489
    1      21       1
    1     182       1
    1     251       1
    1     260       1
    1     357       1
    1     369       1
    2     286       1
    2     290       1
    3     220       1
    3     305       1
    4     233       1
    5     115       1
    5     227       1
    5     370       1
    6     371       1
    7     205       1
    7     216       1
    8     301       1
    9     148       1
    9     272       1
    9     398       1
   10      46       1
   11     100       1
   11     206       1
   11     210       1
   11     236       1
   11     239       1
   12     207       1
   12     251       1
   12     308       1
   12     317       1
   12     341       1
   12     397       1
   13     120       1
   14     123       1
   15     125       1
   15     317       1
   15     340       1
   16     207       1
   16     273       1
   17     102       1
   17     183       1
   17     199       1
   18     388       1
   19      41       1
   19      51       1
   19     108       1
   19     205       1
   19     218       1
   19     251       1
   20      53       1
   20     368       1
   21     145       1
   22      45       1
   22     137       1
   22     301       1
   23     258       1
   24     163       1
   24     230       1
   24     265       1
   24     286       1
   24     311       1
   24     389       1
   25     241       1
   25     356       1
   26      95       1
   27      48       1
   27     297       1
   28     280       1
   29      44       1
   29     233       1
   30     286       1
   30     388       1
   31     144       1
   31     207       1
   31     363       1
   32     155       1
   32     198       1
   32     264       1
   33     235       1
   34      54       1
   34     257       1
   35     211       1
   36     173       1
   36     289       1
   37     286       1
   38     109       1
   38     221       1
   38     224       1
   39     123       1
   39     150       1
   39     218       1
   39     322       1
   39     350       1
   40     145       1
   40     306       1
   42     173       1
   42     222       1
   43     199       1
   43     362       1
   44     133       1
   44     196       1
   45     209       1
   46     109       1
   46     251       1
   46     255       1
   46     282       1
   46     325       1
   47     234       1
   47     283       1
   48      64       1
   48      89       1
   48     129       1
   48     195       1
   48     241       1
   49     311       1
   50     161       1
   50     394       1
   52      53       1
   52     160       1
   52     165       1
   52     200       1
   52     262       1
   52     352       1
   54     396       1
   55      71       1
   55      75       1
   55     115       1
   56      86       1
   57     105       1
   57     123       1
   58     175       1
   59     140       1
   59     245       1
   59     274       1
   59     320       1
   59     328       1
   60     106       1
   61     113       1
   61     250       1
   62     122       1
   62     168       1
   62     208       1
   62     222       1
   63     204       1
   63     233       1
   64     125       1
   64     162       1
   65     326       1
   65     388       1
   66      94       1
   67      91       1
   67     256       1
   67     399       1
   68     308       1
   68     352       1
   69     164       1
   69     374       1
   70     243       1
   70     266       1
   70     390       1
   72     110       1
   73      94       1
   74     200       1
   74     337       1
   74     382       1
   76     178       1
   77     131       1
   77     319       1
   78     154       1
   78     171       1
   79     106       1
   80     206       1
   80     302       1
   81     112       1
   81     128       1
   81     226       1
   81     269       1
   82     178       1
   82     275       1
   83     397       1
   84     132       1
   85     341       1
   85     355       1
   85     356       1
   86     247       1
   86     266       1
   86     369       1
   87     134       1
   87     227       1
   88     389       1
   89     181       1
   89     246       1
   89     358       1
   90     297       1
   92     307       1
   93     143       1
   94     293       1
   94     352       1
   95     121       1
   95     176       1
   95     251       1
   95     376       1
   96     265       1
   97     105       1
   98     148       1
   99     160       1
   99     281       1
   99     290       1
  101     137       1
  101     189       1
  101     296       1
  101     376       1
  102     193       1
  102     199       1
  103     178       1
  104     249       1
  104     326       1
  105     299       1
  106     227       1
  107     279       1
  107     372       1
  107     392       1
  108     158       1
  108     288       1
  109     223       1
  109     268       1
  109     307       1
  110     393       1
  111     284       1
  112     320       1
  112     400       1
  113     359       1
  114     121       1
  114     127       1
  114     159       1
  114     192       1
  115     190       1
  115     238       1
  115     296       1
  115     297       1
  115     303       1
  116     253       1
  117     231       1
  118     202       1
  118     242       1
  118     290       1
  119     225       1
  119     240       1
  119     245       1
  119     379       1
  120     381       1
  121     323       1
  122     247       1
  122     386       1
  123     157       1
  123     254       1
  123     263       1
  123     275       1
  124     341       1
  125     245       1
  125     273       1
  126     358       1
  127     167       1
  127     286       1
  128     318       1
  128     334       1
  130     247       1
  131     273       1
  132     137       1
  132     155       1
  132     171       1
  132     190       1
  133     296       1
  134     253       1
  134     336       1
  135     282       1
  136     311       1
  138     279       1
  139     226       1
  140     393       1
  141     394       1
  142     287       1
  143     155       1
  143     324       1
  145     273       1
  146     166       1
  146     291       1
  147     340       1
  148     351       1
  149     162       1
  151     352       1
  152     192       1
  153     321       1
  155     215       1
  155     334       1
  155     335       1
  156     285       1
  158     159       1
  158     374       1
  158     395       1
  160     297       1
  160     313       1
  162     199       1
  162     223       1
  162     379       1
  164     268       1
  168     186       1
  168     270       1
  169     258       1
  169     273       1
  169     297       1
  170     305       1
  171     211       1
  171     244       1
  172     261       1
  172     330       1
  173     212       1
  173     346       1
  173     382       1
  174     220       1
  174     287       1
  175     372       1
  176     333       1
  176     355       1
  177     254       1
  178     228       1
  178     349       1
  178     373       1
  179     251       1
  179     363       1
  180     214       1
  180     390       1
  182     363       1
  183     355       1
  183     396       1
  184     316       1
  184     317       1
  184     347       1
  185     249       1
  185     339       1
  185     391       1
  186     232       1
  186     368       1
  187     266       1
  188     252       1
  188     335       1
  188     351       1
  189     221       1
  189     275       1
  191     396       1
  192     396       1
  193     309       1
  194     304       1
  196     369       1
  197     353       1
  198     230       1
  198     267       1
  198     391       1
  199     297       1
  199     387       1
  201     390       1
  202     316       1
  203     332       1
  203     400       1
  204     283       1
  205     365       1
  207     400       1
  209     229       1
  209     340       1
  212     219       1
  212     235       1
  212     331       1
  213     373       1
  214     364       1
  214     368       1
  215     349       1
  215     394       1
  217     275       1
  217     341       1
  218     388       1
  219     398       1
  220     273       1
  222     227       1
  222     251       1
  222     286       1
  222     297       1
  222     334       1
  223     345       1
  224     371       1
  227     291       1
  227     348       1
  228     344       1
  231     273       1
  231     329       1
  233     317       1
  237     247       1
  241     324       1
  241     346       1
  242     361       1
  242     394       1
  243     272       1
  244     273       1
  244     359       1
  245     269       1
  245     302       1
  245     315       1
  248     334       1
  250     327       1
  251     254       1
  256     260       1
  257     290       1
  257     360       1
  259     343       1
  261     309       1
  261     338       1
  262     300       1
  264     304       1
  265     292       1
  271     321       1
  273     274       1
  273     371       1
  273     381       1
  274     395       1
  276     395       1
  277     325       1
  277     337       1
  278     329       1
  279     303       1
  280     398       1
  281     312       1
  281     353       1
  283     352       1
  284     293       1
  284     353       1
  284     364       1
  284     365       1
  285     289       1
  285     392       1
  286     364       1
  287     332       1
  292     341       1
  293     310       1
  294     343       1
  294     378       1
  295     344       1
  296     342       1
  297     335       1
  297     399       1
  298     358       1
  298     386       1
  300     303       1
  300     385       1
  300     387       1
  302     361       1
  304     332       1
  308     337       1
  308     354       1
  308     362       1
  308     393       1
  308     398       1
  311     361       1
  312     356       1
  314     353       1
  321     334       1
  322     327       1
  322     341       1
  323     331       1
  329     338       1
  332     342       1
  334     367       1
  337     384       1
  338     394       1
  342     347       1
  342     397       1
  345     379       1
  345     384       1
  349     372       1
  351     362       1
  353     388       1
  358     366       1
  361     378       1
  365     377       1
  366     396       1
  367     374       1
  375     377       1
  375     383       1
  380     394       1
  392     393       1
