  500     602
    1      40       1
    1     365       1
    1     397       1
    2     202       1
    2     429       1
    3     242       1
    3     286       1
    3     383       1
    3     401       1
    4     189       1
    5     398       1
    6     147       1
    6     185       1
    7     364       1
    7     483       1
    8     335       1
    8     460       1
    9     109       1
    9     222       1
   10     135       1
   10     315       1
   11      13       1
   11     253       1
   12     217       1
   13     145       1
   13     329       1
   14      30       1
   14     242       1
   14     369       1
   15      47       1
   15     387       1
   15     448       1
   16     232       1
   16     241       1
   16     267       1
   17      69       1
   17     217       1
   17     306       1
   17     391       1
   18     166       1
   19      66       1
   19     344       1
   20     191       1
   21      45       1
   21      49       1
   21     171       1
   21     261       1
   21     308       1
   22      40       1
   23      71       1
   24     378       1
   25     122       1
   25     204       1
   25     289       1
   25     337       1
   26      91       1
   26     219       1
   26     376       1
   27      53       1
   27     380       1
   28     260       1
   28     292       1
   29     158       1
   29     317       1
   30     162       1
   31      67       1
   31     362       1
   31     429       1
   31     456       1
   32      41       1
   32     328       1
   32     440       1
   33     123       1
   34     249       1
   35      65       1
   35     242       1
   35     440       1
   36     269       1
   36     338       1
   37     217       1
   38     290       1
   38     367       1
   38     398       1
   38     412       1
   39     234       1
   39     306       1
   40      90       1
   40     431       1
   41      66       1
   42     227       1
   42     246       1
   42     430       1
   43     414       1
   44      53       1
   44     345       1
   46     189       1
   46     253       1
   47     211       1
   47     488       1
   48     101       1
   49      98       1
   49     201       1
   49     398       1
   49     407       1
   49     436       1
   50     424       1
   51     247       1
   52     205       1
   52     303       1
   53      99       1
   53     237       1
   53     374       1
   54      75       1
   54     122       1
   55     221       1
   56     209       1
   56     251       1
   57      80       1
   57     341       1
   57     346       1
   58     199       1
   58     333       1
   58     363       1
   59     490       1
   60     207       1
   61     318       1
   62     258       1
   63     230       1
   63     281       1
   63     304       1
   63     459       1
   64     169       1
   66     160       1
   66     466       1
   66     492       1
   67     108       1
   68     130       1
   68     241       1
   68     449       1
   69      76       1
   69     395       1
   70     405       1
   71     356       1
   71     399       1
   72     440       1
   73     351       1
   73     365       1
   74     183       1
   74     213       1
   74     276       1
   75     343       1
   75     491       1
   76     477       1
   77     113       1
   77     326       1
   77     463       1
   78     407       1
   79     285       1
   79     375       1
   80     293       1
   81     333       1
   82     174       1
   83     276       1
   83     325       1
   84     315       1
   85     153       1
   85     221       1
   85     298       1
   85     379       1
   86     272       1
   86     398       1
   87     200       1
   87     263       1
   88     226       1
   89     409       1
   89     471       1
   90     482       1
   92     158       1
   92     480       1
   93     344       1
   93     457       1
   94     416       1
   95     120       1
   96     262       1
   97     381       1
   97     453       1
   97     492       1
   98     147       1
   98     254       1
   98     315       1
   98     362       1
  100     209       1
  100     358       1
  101     164       1
  101     373       1
  101     459       1
  102     191       1
  102     461       1
  103     329       1
  103     489       1
  104     250       1
  105     137       1
  105     342       1
  106     399       1
  107     299       1
  108     364       1
  110     358       1
  110     441       1
  111     402       1
  111     472       1
  111     493       1
  112     137       1
  113     459       1
  114     299       1
  114     366       1
  115     172       1
  115     466       1
  116     209       1
  117     235       1
  117     238       1
  117     339       1
  117     443       1
  117     485       1
  118     146       1
  118     237       1
  118     300       1
  118     381       1
  118     466       1
  119     299       1
  120     362       1
  121     263       1
  121     387       1
  122     195       1
  123     251       1
  123     264       1
  124     209       1
  124     345       1
  125     129       1
  125     194       1
  125     212       1
  125     216       1
  125     245       1
  125     424       1
  126     299       1
  126     443       1
  127     128       1
  127     255       1
  127     305       1
  128     203       1
  128     386       1
  129     170       1
  129     313       1
  131     172       1
  132     268       1
  132     443       1
  133     221       1
  134     419       1
  135     230       1
  135     375       1
  136     321       1
  136     451       1
  137     405       1
  138     227       1
  138     284       1
  139     183       1
  139     420       1
  140     434       1
  141     199       1
  141     368       1
  141     390       1
  142     227       1
  143     219       1
  143     360       1
  144     314       1
  144     430       1
  145     491       1
  148     375       1
  149     217       1
  149     323       1
  149     426       1
  150     184       1
  150     249       1
  150     411       1
  151     178       1
  152     234       1
  152     389       1
  154     330       1
  154     434       1
  154     485       1
  155     217       1
  156     309       1
  156     376       1
  156     450       1
  157     424       1
  157     443       1
  158     219       1
  159     490       1
  160     195       1
  160     233       1
  160     288       1
  160     310       1
  161     179       1
  161     316       1
  161     389       1
  162     212       1
  163     386       1
  163     498       1
  165     261       1
  166     275       1
  166     461       1
  167     241       1
  167     325       1
  167     498       1
  168     199       1
  169     403       1
  170     413       1
  170     458       1
  171     275       1
  172     236       1
  172     279       1
  172     324       1
  173     194       1
  173     333       1
  173     474       1
  174     272       1
  175     312       1
  176     221       1
  176     360       1
  177     253       1
  177     462       1
  178     189       1
  178     291       1
  179     198       1
  179     403       1
  179     415       1
  180     470       1
  181     434       1
  182     472       1
  183     335       1
  183     370       1
  184     273       1
  185     189       1
  185     199       1
  185     203       1
  185     252       1
  186     320       1
  187     239       1
  187     438       1
  188     313       1
  188     452       1
  189     193       1
  189     221       1
  189     346       1
  190     275       1
  191     300       1
  192     317       1
  192     340       1
  192     406       1
  194     314       1
  195     329       1
  196     365       1
  197     359       1
  199     216       1
  199     378       1
  199     487       1
  200     245       1
  201     237       1
  201     248       1
  201     299       1
  201     312       1
  201     356       1
  201     447       1
  203     225       1
  203     278       1
  204     205       1
  204     265       1
  204     294       1
  204     364       1
  204     365       1
  205     297       1
  205     317       1
  205     327       1
  205     384       1
  205     469       1
  206     258       1
  206     376       1
  207     365       1
  208     221       1
  209     339       1
  209     365       1
  210     317       1
  212     259       1
  212     340       1
  212     378       1
  213     343       1
  214     234       1
  215     244       1
  215     277       1
  215     299       1
  215     316       1
  216     292       1
  217     222       1
  217     299       1
  217     356       1
  217     451       1
  218     388       1
  218     420       1
  218     451       1
  219     245       1
  219     256       1
  219     354       1
  220     256       1
  220     320       1
  221     249       1
  221     322       1
  221     451       1
  222     399       1
  223     274       1
  223     298       1
  224     287       1
  224     332       1
  225     398       1
  226     257       1
  226     487       1
  227     242       1
  227     388       1
  228     263       1
  228     373       1
  229     459       1
  230     457       1
  231     299       1
  231     428       1
  234     242       1
  234     262       1
  234     302       1
  234     446       1
  234     487       1
  235     255       1
  236     469       1
  237     394       1
  238     463       1
  239     245       1
  239     447       1
  239     478       1
  240     273       1
  240     378       1
  241     348       1
  243     264       1
  245     476       1
  247     311       1
  247     398       1
  247     468       1
  249     474       1
  250     279       1
  250     329       1
  253     287       1
  253     295       1
  254     460       1
  255     268       1
  259     479       1
  261     374       1
  261     404       1
  261     498       1
  262     419       1
  264     420       1
  264     487       1
  265     418       1
  266     378       1
  270     356       1
  271     440       1
  272     415       1
  274     352       1
  276     377       1
  279     421       1
  280     446       1
  282     359       1
  282     466       1
  283     403       1
  284     499       1
  285     306       1
  285     357       1
  285     375       1
  285     411       1
  289     367       1
  290     313       1
  291     334       1
  293     399       1
  294     336       1
  294     396       1
  296     357       1
  297     382       1
  297     385       1
  297     494       1
  299     343       1
  299     364       1
  299     430       1
  299     487       1
  299     489       1
  300     412       1
  301     349       1
  301     391       1
  302     427       1
  304     331       1
  306     359       1
  306     459       1
  307     343       1
  307     359       1
  307     496       1
  308     316       1
  309     332       1
  313     451       1
  315     463       1
  317     319       1
  318     412       1
  318     484       1
  320     446       1
  320     464       1
  322     424       1
  327     468       1
  328     348       1
  329     478       1
  331     350       1
  331     500       1
  332     351       1
  332     455       1
  332     463       1
  333     487       1
  336     396       1
  338     387       1
  339     497       1
  342     500       1
  344     390       1
  346     425       1
  347     375       1
  352     364       1
  352     398       1
  353     430       1
  353     438       1
  354     392       1
  355     369       1
  356     486       1
  360     380       1
  360     435       1
  361     406       1
  361     430       1
  362     387       1
  365     380       1
  366     393       1
  366     473       1
  366     495       1
  369     388       1
  370     467       1
  371     498       1
  372     379       1
  376     392       1
  376     417       1
  376     436       1
  376     467       1
  378     433       1
  381     437       1
  382     431       1
  382     454       1
  387     440       1
  389     442       1
  390     399       1
  393     401       1
  394     439       1
  395     405       1
  400     430       1
  408     416       1
  409     446       1
  410     495       1
  413     446       1
  414     473       1
  415     445       1
  415     493       1
  416     446       1
  417     470       1
  418     494       1
  419     454       1
  421     451       1
  422     437       1
  423     455       1
  424     432       1
  424     446       1
  424     490       1
  425     480       1
  425     487       1
  427     440       1
  438     479       1
  441     453       1
  442     446       1
  443     485       1
  444     471       1
  446     475       1
  446     483       1
  447     458       1
  451     498       1
  465     490       1
  472     487       1
  481     487       1
  487     499       1
