  200     266
    1     153       1
    2      72       1
    2      81       1
    2      91       1
    3      64       1
    4     118       1
    4     186       1
    5      12       1
    5      38       1
    5      55       1
    5     151       1
    5     152       1
    6      27       1
    7      23       1
    7     157       1
    8      19       1
    8      40       1
    8      51       1
    9     118       1
    9     169       1
    9     190       1
   10      77       1
   11     172       1
   12     183       1
   13      55       1
   14     172       1
   15      38       1
   15      85       1
   15      86       1
   15     170       1
   16      53       1
   16      89       1
   16      98       1
   16     187       1
   17      29       1
   17     154       1
   18      24       1
   18      58       1
   18     116       1
   18     126       1
   18     139       1
   18     163       1
   18     173       1
   19     116       1
   20      38       1
   20     112       1
   20     195       1
   21      65       1
   21     191       1
   22     148       1
   23      42       1
   23     187       1
   24      96       1
   25      50       1
   25     164       1
   26      82       1
   26     185       1
   27      69       1
   27     127       1
   27     145       1
   27     146       1
   28     123       1
   28     193       1
   30     172       1
   31      97       1
   31     117       1
   31     183       1
   31     185       1
   31     187       1
   32     145       1
   32     187       1
   33     121       1
   33     147       1
   33     186       1
   34      36       1
   34     144       1
   34     174       1
   35     101       1
   36      81       1
   36     128       1
   36     154       1
   36     180       1
   37      43       1
   37      67       1
   37     124       1
   37     174       1
   38     137       1
   39     192       1
   39     199       1
   40     123       1
   41      58       1
   43     117       1
   43     163       1
   44     144       1
   45     141       1
   46      89       1
   46     107       1
   46     150       1
   46     189       1
   46     199       1
   47      65       1
   47     187       1
   48     107       1
   48     124       1
   48     136       1
   49     150       1
   50      66       1
   50     122       1
   50     126       1
   50     146       1
   50     179       1
   50     200       1
   52      59       1
   52      78       1
   53      90       1
   53     135       1
   53     159       1
   54      64       1
   54     131       1
   54     192       1
   55     103       1
   56      83       1
   56     147       1
   57     125       1
   57     198       1
   58      84       1
   58     110       1
   59      73       1
   59      81       1
   59     188       1
   60      81       1
   60     148       1
   60     163       1
   60     171       1
   61      96       1
   61     130       1
   62     126       1
   62     162       1
   62     187       1
   63     176       1
   64      90       1
   66     149       1
   67      83       1
   67     105       1
   67     150       1
   68     121       1
   70      75       1
   70     121       1
   70     149       1
   70     194       1
   71     112       1
   72      87       1
   72      88       1
   72     142       1
   72     145       1
   72     166       1
   73      89       1
   73     128       1
   74      90       1
   74     103       1
   74     107       1
   74     157       1
   76     146       1
   77     152       1
   77     183       1
   78     190       1
   79     159       1
   80     141       1
   80     190       1
   81     110       1
   81     126       1
   81     140       1
   81     178       1
   81     199       1
   84     199       1
   85     111       1
   85     127       1
   85     161       1
   87     147       1
   87     197       1
   88     143       1
   89     110       1
   90     135       1
   91     158       1
   92      99       1
   92     124       1
   93     110       1
   93     131       1
   94     110       1
   95     118       1
   97     136       1
   98     159       1
  100     150       1
  101     110       1
  101     117       1
  101     184       1
  102     110       1
  103     127       1
  103     129       1
  104     146       1
  104     185       1
  106     137       1
  106     191       1
  107     133       1
  107     168       1
  108     176       1
  109     110       1
  110     148       1
  111     140       1
  111     181       1
  111     199       1
  113     160       1
  113     191       1
  114     132       1
  115     146       1
  116     181       1
  116     194       1
  118     130       1
  118     182       1
  118     197       1
  119     152       1
  119     155       1
  120     141       1
  121     177       1
  123     146       1
  123     152       1
  124     134       1
  124     167       1
  125     130       1
  126     168       1
  129     173       1
  131     137       1
  131     142       1
  131     147       1
  132     172       1
  134     166       1
  135     199       1
  135     200       1
  136     164       1
  138     192       1
  141     181       1
  144     182       1
  146     150       1
  146     187       1
  152     156       1
  152     200       1
  153     175       1
  155     190       1
  156     199       1
  157     195       1
  159     163       1
  159     172       1
  163     181       1
  165     178       1
  169     192       1
  172     176       1
  173     188       1
  175     187       1
  178     182       1
  180     192       1
  180     196       1
  182     191       1
  186     191       1
  187     190       1
  188     199       1
  198     199       1
