  500     602
    1     100       1
    1     397       1
    2      23       1
    2     203       1
    3      38       1
    3      41       1
    3     225       1
    3     324       1
    4      62       1
    4     133       1
    4     181       1
    4     316       1
    5      20       1
    5     120       1
    5     133       1
    5     167       1
    5     295       1
    6     312       1
    6     398       1
    6     443       1
    7     272       1
    7     493       1
    8     389       1
    9     205       1
    9     445       1
   10      91       1
   11     424       1
   12     459       1
   13     142       1
   14     342       1
   14     359       1
   15     270       1
   15     419       1
   16     121       1
   16     133       1
   16     182       1
   16     228       1
   16     345       1
   16     357       1
   16     419       1
   16     436       1
   17      38       1
   17      74       1
   18     251       1
   19     320       1
   19     391       1
   19     448       1
   20     240       1
   20     259       1
   20     379       1
   20     389       1
   20     442       1
   21     200       1
   21     236       1
   21     261       1
   21     310       1
   21     354       1
   21     387       1
   22      52       1
   22     464       1
   23     104       1
   24     407       1
   25     255       1
   25     339       1
   26      80       1
   26     106       1
   26     349       1
   26     456       1
   27     299       1
   27     362       1
   27     389       1
   27     433       1
   28     116       1
   28     223       1
   28     346       1
   29     467       1
   30     108       1
   31     139       1
   32      48       1
   32     313       1
   33      95       1
   33     188       1
   33     255       1
   33     310       1
   33     332       1
   33     348       1
   34      75       1
   34     161       1
   34     231       1
   34     454       1
   34     496       1
   35     469       1
   35     500       1
   36     234       1
   36     406       1
   36     435       1
   36     451       1
   37      66       1
   37     212       1
   37     403       1
   38     257       1
   39     300       1
   39     352       1
   39     445       1
   40     134       1
   40     137       1
   40     203       1
   41      51       1
   42      68       1
   42     194       1
   42     232       1
   42     292       1
   43     180       1
   43     459       1
   44     122       1
   44     185       1
   44     424       1
   45      53       1
   45     172       1
   45     201       1
   45     252       1
   45     264       1
   46     110       1
   46     454       1
   47     288       1
   47     355       1
   49     237       1
   50     254       1
   51     156       1
   51     364       1
   52     267       1
   52     392       1
   52     418       1
   53     375       1
   54     225       1
   54     497       1
   55     390       1
   56     118       1
   56     431       1
   57      70       1
   57      82       1
   57     154       1
   57     366       1
   57     498       1
   58      63       1
   58     356       1
   58     381       1
   59      92       1
   59     143       1
   59     271       1
   59     280       1
   60      66       1
   60     273       1
   60     285       1
   61     140       1
   64     162       1
   65     193       1
   65     291       1
   65     493       1
   66     133       1
   66     207       1
   66     223       1
   66     364       1
   66     471       1
   67      90       1
   67     173       1
   68      88       1
   69     328       1
   70     208       1
   71     345       1
   71     432       1
   72     302       1
   73     466       1
   74     195       1
   75     172       1
   75     278       1
   75     390       1
   76      89       1
   76     151       1
   76     271       1
   76     479       1
   77     117       1
   77     194       1
   77     307       1
   77     316       1
   78     199       1
   78     440       1
   79     160       1
   79     201       1
   79     256       1
   79     316       1
   79     383       1
   80     351       1
   81     114       1
   81     168       1
   81     397       1
   81     430       1
   82     257       1
   82     350       1
   82     353       1
   83     479       1
   84     179       1
   84     259       1
   85     348       1
   86     217       1
   86     278       1
   86     496       1
   87     403       1
   87     487       1
   89     131       1
   89     405       1
   89     500       1
   90     148       1
   90     165       1
   91     169       1
   91     373       1
   91     478       1
   93     247       1
   94     142       1
   94     463       1
   95     365       1
   95     401       1
   96     331       1
   97     231       1
   98     240       1
   98     301       1
   99     150       1
  100     179       1
  101     302       1
  101     411       1
  102     412       1
  102     415       1
  103     316       1
  103     361       1
  104     490       1
  105     110       1
  105     158       1
  105     308       1
  106     399       1
  107     126       1
  107     390       1
  108     442       1
  109     283       1
  109     439       1
  111     146       1
  111     239       1
  111     392       1
  112     254       1
  112     284       1
  112     379       1
  112     455       1
  113     331       1
  114     148       1
  114     300       1
  115     176       1
  117     185       1
  117     234       1
  118     328       1
  118     480       1
  118     486       1
  119     375       1
  122     297       1
  122     445       1
  123     304       1
  123     312       1
  124     348       1
  125     488       1
  126     192       1
  127     327       1
  127     425       1
  128     157       1
  129     359       1
  129     368       1
  129     408       1
  129     440       1
  130     267       1
  130     413       1
  130     416       1
  130     472       1
  131     254       1
  132     333       1
  133     134       1
  133     146       1
  133     353       1
  133     416       1
  133     419       1
  134     321       1
  134     458       1
  135     206       1
  135     332       1
  136     420       1
  138     150       1
  139     237       1
  139     348       1
  140     255       1
  140     416       1
  140     444       1
  141     306       1
  142     226       1
  142     239       1
  142     281       1
  142     415       1
  143     247       1
  143     449       1
  144     293       1
  144     336       1
  144     448       1
  145     157       1
  145     178       1
  145     258       1
  145     375       1
  146     213       1
  146     440       1
  147     207       1
  148     209       1
  148     484       1
  149     489       1
  150     207       1
  152     343       1
  153     224       1
  155     492       1
  158     271       1
  159     277       1
  159     486       1
  162     225       1
  162     275       1
  162     412       1
  163     181       1
  163     266       1
  164     253       1
  164     274       1
  164     384       1
  165     471       1
  166     267       1
  166     449       1
  167     233       1
  167     270       1
  167     498       1
  168     225       1
  168     409       1
  170     246       1
  171     420       1
  172     335       1
  172     371       1
  172     383       1
  173     210       1
  173     220       1
  173     261       1
  173     303       1
  173     393       1
  174     328       1
  174     372       1
  175     215       1
  175     218       1
  175     437       1
  175     492       1
  176     222       1
  176     342       1
  177     191       1
  177     343       1
  178     478       1
  178     493       1
  179     414       1
  180     182       1
  180     309       1
  180     498       1
  181     422       1
  183     212       1
  184     302       1
  184     495       1
  186     250       1
  187     467       1
  189     347       1
  190     438       1
  192     196       1
  195     364       1
  196     407       1
  197     484       1
  198     260       1
  200     300       1
  202     312       1
  203     211       1
  203     383       1
  204     472       1
  206     367       1
  207     414       1
  208     219       1
  209     223       1
  209     326       1
  210     385       1
  212     245       1
  213     256       1
  213     394       1
  214     227       1
  214     229       1
  215     247       1
  215     251       1
  215     290       1
  216     227       1
  216     289       1
  218     229       1
  218     320       1
  219     498       1
  221     342       1
  221     432       1
  222     241       1
  222     254       1
  222     466       1
  222     493       1
  223     368       1
  224     355       1
  225     311       1
  227     421       1
  228     290       1
  229     358       1
  230     431       1
  231     399       1
  235     325       1
  235     416       1
  235     417       1
  235     434       1
  235     445       1
  238     334       1
  238     489       1
  239     263       1
  239     351       1
  239     356       1
  240     294       1
  240     450       1
  240     474       1
  242     351       1
  242     493       1
  243     294       1
  244     308       1
  246     255       1
  246     420       1
  248     312       1
  248     435       1
  249     423       1
  250     475       1
  251     411       1
  252     290       1
  253     265       1
  253     370       1
  255     268       1
  255     395       1
  258     495       1
  260     323       1
  261     311       1
  261     468       1
  261     470       1
  262     436       1
  262     477       1
  264     374       1
  264     380       1
  265     308       1
  265     318       1
  265     327       1
  265     416       1
  265     435       1
  267     305       1
  267     452       1
  267     459       1
  267     469       1
  268     421       1
  269     286       1
  271     436       1
  271     494       1
  272     304       1
  274     364       1
  274     421       1
  276     411       1
  277     478       1
  279     430       1
  279     451       1
  280     316       1
  281     500       1
  282     414       1
  283     344       1
  285     356       1
  285     399       1
  285     485       1
  286     448       1
  287     314       1
  287     365       1
  287     416       1
  288     445       1
  290     343       1
  290     416       1
  290     426       1
  290     472       1
  296     445       1
  297     315       1
  297     338       1
  297     421       1
  297     467       1
  298     489       1
  299     302       1
  300     438       1
  302     386       1
  302     481       1
  304     366       1
  305     441       1
  305     467       1
  306     335       1
  308     396       1
  310     345       1
  313     465       1
  314     373       1
  314     488       1
  316     342       1
  316     366       1
  317     322       1
  317     406       1
  317     427       1
  319     342       1
  319     423       1
  320     482       1
  321     488       1
  322     355       1
  323     451       1
  326     330       1
  326     347       1
  326     447       1
  327     328       1
  327     431       1
  327     448       1
  328     461       1
  329     332       1
  329     362       1
  330     337       1
  331     361       1
  332     434       1
  333     446       1
  334     406       1
  334     491       1
  335     374       1
  340     457       1
  341     406       1
  343     443       1
  344     406       1
  345     423       1
  347     488       1
  351     424       1
  352     454       1
  353     358       1
  358     460       1
  360     371       1
  361     416       1
  361     453       1
  363     448       1
  364     457       1
  364     495       1
  365     400       1
  366     407       1
  366     433       1
  366     445       1
  367     456       1
  368     409       1
  369     373       1
  369     446       1
  371     394       1
  371     462       1
  376     451       1
  377     474       1
  378     421       1
  379     382       1
  380     397       1
  383     391       1
  383     413       1
  385     436       1
  388     416       1
  392     416       1
  393     448       1
  393     455       1
  393     492       1
  396     428       1
  402     448       1
  404     410       1
  405     455       1
  406     464       1
  406     473       1
  410     442       1
  411     483       1
  417     465       1
  420     439       1
  424     448       1
  424     467       1
  429     443       1
  429     499       1
  431     471       1
  435     463       1
  435     467       1
  443     475       1
  447     462       1
  456     478       1
  465     467       1
  469     484       1
  472     497       1
  475     476       1
  477     494       1
  487     495       1
