  100     144
    1       9       1
    2      43       1
    2      64       1
    2      71       1
    2      94       1
    3      51       1
    3      57       1
    3      89       1
    3      99       1
    4      17       1
    4      40       1
    5      48       1
    5      70       1
    5      91       1
    6      41       1
    6      43       1
    6      44       1
    7      27       1
    7      46       1
    7      79       1
    8      12       1
    8      44       1
    8      46       1
    9      10       1
    9      27       1
    9      50       1
    9      69       1
    9      73       1
    9      79       1
   10      35       1
   10      45       1
   10      80       1
   11      41       1
   11      43       1
   13      17       1
   13      34       1
   13      43       1
   13      65       1
   13     100       1
   14      29       1
   14      81       1
   15      19       1
   15      83       1
   15      95       1
   16      17       1
   16      31       1
   17      43       1
   17      48       1
   18      19       1
   18      89       1
   18      96       1
   19      33       1
   19      54       1
   19      66       1
   19      89       1
   20      96       1
   21      22       1
   21      31       1
   21      46       1
   21      70       1
   21      78       1
   22      78       1
   23      36       1
   23      40       1
   23      42       1
   24      33       1
   25      40       1
   25      58       1
   25      96       1
   26      28       1
   26      44       1
   27      44       1
   27      68       1
   28      52       1
   29      46       1
   29      50       1
   30      90       1
   30     100       1
   31      92       1
   32      42       1
   33      36       1
   33      75       1
   34      48       1
   34      52       1
   34      68       1
   34      85       1
   34      98       1
   36      72       1
   36      81       1
   37      40       1
   37      56       1
   37      93       1
   37      94       1
   38      40       1
   39      68       1
   39      97       1
   40      47       1
   40      50       1
   40      72       1
   40      84       1
   42      71       1
   43      58       1
   43      88       1
   43      99       1
   44      46       1
   44      64       1
   44      78       1
   45      55       1
   46      87       1
   46     100       1
   47      64       1
   49      74       1
   49      91       1
   49      99       1
   50      57       1
   50      65       1
   50      89       1
   51      81       1
   53      59       1
   53     100       1
   56      86       1
   56      87       1
   57      59       1
   60      78       1
   60      94       1
   61      79       1
   62      71       1
   63      73       1
   64      71       1
   67      89       1
   68      87       1
   68      91       1
   71      73       1
   71      88       1
   71      98       1
   72      77       1
   73      90       1
   75      82       1
   76      83       1
   76      97       1
   76      99       1
   85      92       1
   88      94       1
   89      99       1
