  500     602
    1     214       1
    1     362       1
    2      73       1
    2      81       1
    3     272       1
    3     379       1
    3     443       1
    4      64       1
    5      22       1
    6     175       1
    6     209       1
    6     377       1
    7      36       1
    8     224       1
    8     381       1
    9      15       1
    9     293       1
    9     428       1
   10      68       1
   11      60       1
   11     417       1
   12     185       1
   12     273       1
   13     182       1
   13     458       1
   13     477       1
   13     483       1
   14     270       1
   16     313       1
   17     118       1
   18     290       1
   18     424       1
   18     489       1
   19     337       1
   20     396       1
   21     265       1
   21     294       1
   21     347       1
   22      45       1
   22     420       1
   23      58       1
   23     288       1
   23     298       1
   23     346       1
   23     424       1
   24      73       1
   24     235       1
   25     189       1
   25     211       1
   25     395       1
   25     402       1
   25     443       1
   26     455       1
   27     205       1
   27     214       1
   27     235       1
   28      43       1
   28     152       1
   28     220       1
   29     371       1
   29     457       1
   29     463       1
   30     187       1
   30     202       1
   31     230       1
   31     420       1
   32      85       1
   32     216       1
   32     232       1
   32     408       1
   32     428       1
   33     264       1
   34      50       1
   34     210       1
   35     192       1
   36     205       1
   37     214       1
   38      59       1
   38      86       1
   38     331       1
   39     149       1
   39     211       1
   39     279       1
   39     327       1
   40      98       1
   40     191       1
   41     110       1
   41     233       1
   42     140       1
   43     223       1
   43     374       1
   43     454       1
   44      74       1
   44     259       1
   45     295       1
   46     197       1
   47      52       1
   48     176       1
   49     145       1
   50     434       1
   51      82       1
   51     424       1
   52     109       1
   52     238       1
   52     284       1
   53     265       1
   53     312       1
   53     482       1
   54     247       1
   54     264       1
   54     283       1
   54     340       1
   54     403       1
   54     435       1
   54     452       1
   55     430       1
   56     156       1
   57     312       1
   58     122       1
   58     177       1
   58     287       1
   59      95       1
   59     126       1
   59     184       1
   59     217       1
   60     150       1
   60     369       1
   60     398       1
   61     196       1
   62     152       1
   63      91       1
   63     246       1
   64     112       1
   64     383       1
   64     487       1
   65     140       1
   65     466       1
   66     326       1
   67     394       1
   68     147       1
   68     224       1
   68     330       1
   68     376       1
   69     129       1
   69     181       1
   70     160       1
   71     201       1
   71     369       1
   72      99       1
   72     443       1
   73     168       1
   74     287       1
   75     198       1
   75     306       1
   76     179       1
   77     221       1
   77     288       1
   77     308       1
   77     478       1
   78     213       1
   78     318       1
   78     500       1
   79     113       1
   79     117       1
   80     420       1
   81      82       1
   81     159       1
   81     207       1
   81     448       1
   81     462       1
   82     373       1
   82     418       1
   83     418       1
   84     454       1
   85     259       1
   85     319       1
   86     122       1
   86     143       1
   86     488       1
   87     112       1
   88     411       1
   88     413       1
   88     458       1
   88     465       1
   88     491       1
   89     301       1
   89     312       1
   89     482       1
   90      96       1
   90     444       1
   91     104       1
   91     292       1
   91     336       1
   91     394       1
   92     392       1
   93     159       1
   93     405       1
   93     489       1
   94     275       1
   95     140       1
   96     415       1
   97     145       1
   97     337       1
   97     461       1
   98     454       1
  100     406       1
  100     448       1
  101     364       1
  102     411       1
  103     464       1
  105     207       1
  106     379       1
  107     186       1
  108     146       1
  109     290       1
  110     171       1
  111     430       1
  111     433       1
  112     230       1
  113     205       1
  114     179       1
  114     210       1
  115     210       1
  115     245       1
  116     153       1
  116     420       1
  116     473       1
  117     144       1
  117     264       1
  117     280       1
  117     460       1
  118     315       1
  118     360       1
  119     178       1
  119     280       1
  119     308       1
  120     283       1
  121     213       1
  121     495       1
  122     130       1
  122     174       1
  122     398       1
  122     423       1
  123     321       1
  124     179       1
  124     425       1
  125     134       1
  125     385       1
  125     455       1
  126     166       1
  127     166       1
  128     141       1
  128     295       1
  130     241       1
  130     285       1
  130     384       1
  131     254       1
  132     367       1
  133     198       1
  133     219       1
  134     248       1
  135     141       1
  136     289       1
  136     318       1
  136     352       1
  136     480       1
  137     300       1
  137     353       1
  138     447       1
  139     169       1
  139     186       1
  140     233       1
  141     167       1
  141     491       1
  142     165       1
  142     177       1
  142     369       1
  143     240       1
  143     427       1
  143     453       1
  143     486       1
  144     233       1
  144     441       1
  145     446       1
  146     318       1
  146     462       1
  148     180       1
  148     202       1
  148     238       1
  148     257       1
  148     298       1
  148     368       1
  148     372       1
  148     410       1
  148     462       1
  149     333       1
  149     457       1
  149     464       1
  151     221       1
  151     290       1
  152     359       1
  154     187       1
  154     233       1
  155     256       1
  155     462       1
  155     469       1
  156     191       1
  157     243       1
  157     355       1
  157     369       1
  157     425       1
  158     292       1
  159     180       1
  159     245       1
  159     327       1
  159     360       1
  160     292       1
  160     370       1
  160     406       1
  161     333       1
  162     332       1
  162     417       1
  163     387       1
  164     174       1
  165     311       1
  168     199       1
  168     224       1
  168     250       1
  168     274       1
  170     388       1
  171     217       1
  171     334       1
  171     354       1
  171     399       1
  172     240       1
  172     331       1
  172     452       1
  172     489       1
  173     180       1
  173     240       1
  173     303       1
  173     345       1
  173     486       1
  174     236       1
  176     221       1
  180     232       1
  180     306       1
  180     366       1
  180     418       1
  180     436       1
  180     456       1
  180     482       1
  181     266       1
  181     306       1
  183     426       1
  184     296       1
  184     446       1
  185     304       1
  185     399       1
  185     415       1
  186     292       1
  187     201       1
  187     231       1
  187     234       1
  187     449       1
  188     280       1
  188     476       1
  189     351       1
  189     360       1
  189     387       1
  190     203       1
  190     271       1
  190     430       1
  191     411       1
  192     237       1
  192     290       1
  193     373       1
  194     273       1
  194     387       1
  194     479       1
  194     488       1
  195     315       1
  196     371       1
  197     199       1
  199     232       1
  199     293       1
  199     399       1
  199     430       1
  200     227       1
  200     294       1
  200     297       1
  200     474       1
  201     255       1
  202     353       1
  204     264       1
  204     275       1
  205     353       1
  206     290       1
  206     401       1
  207     259       1
  207     305       1
  208     326       1
  209     399       1
  210     253       1
  211     481       1
  212     233       1
  214     438       1
  214     492       1
  215     309       1
  215     445       1
  217     276       1
  217     350       1
  218     249       1
  218     406       1
  218     430       1
  221     433       1
  222     360       1
  224     286       1
  224     292       1
  225     283       1
  226     329       1
  226     356       1
  228     426       1
  229     336       1
  229     405       1
  232     392       1
  233     305       1
  234     270       1
  235     443       1
  237     353       1
  238     294       1
  239     266       1
  240     435       1
  241     338       1
  242     248       1
  242     324       1
  242     451       1
  242     496       1
  243     343       1
  243     462       1
  244     328       1
  245     253       1
  245     396       1
  247     380       1
  247     382       1
  247     463       1
  248     368       1
  248     400       1
  248     431       1
  249     442       1
  251     327       1
  252     276       1
  252     440       1
  253     332       1
  253     378       1
  253     461       1
  253     464       1
  253     466       1
  253     468       1
  254     459       1
  254     489       1
  255     300       1
  256     471       1
  257     375       1
  257     465       1
  258     397       1
  258     437       1
  258     474       1
  259     467       1
  260     278       1
  260     387       1
  261     494       1
  262     454       1
  263     466       1
  264     306       1
  264     348       1
  264     469       1
  265     419       1
  266     270       1
  266     401       1
  266     406       1
  267     345       1
  268     462       1
  268     494       1
  269     365       1
  269     462       1
  269     497       1
  274     323       1
  276     335       1
  276     349       1
  276     389       1
  276     489       1
  277     376       1
  277     435       1
  280     414       1
  281     489       1
  282     344       1
  282     462       1
  282     470       1
  283     299       1
  285     376       1
  285     386       1
  288     447       1
  290     320       1
  291     363       1
  292     374       1
  295     438       1
  297     353       1
  297     429       1
  298     341       1
  298     342       1
  298     473       1
  302     438       1
  305     367       1
  306     356       1
  306     430       1
  307     331       1
  309     435       1
  310     380       1
  313     452       1
  314     387       1
  315     416       1
  315     477       1
  316     331       1
  316     390       1
  317     338       1
  320     414       1
  321     383       1
  321     391       1
  321     470       1
  321     476       1
  322     492       1
  325     420       1
  326     461       1
  326     491       1
  327     390       1
  328     378       1
  328     485       1
  328     499       1
  331     419       1
  332     500       1
  333     438       1
  333     487       1
  339     368       1
  339     372       1
  340     363       1
  347     439       1
  351     445       1
  353     490       1
  357     466       1
  358     404       1
  361     367       1
  362     391       1
  363     374       1
  364     375       1
  364     430       1
  369     374       1
  369     456       1
  369     477       1
  369     483       1
  370     396       1
  372     491       1
  374     404       1
  376     477       1
  384     418       1
  385     418       1
  387     475       1
  388     437       1
  392     443       1
  392     498       1
  393     443       1
  394     410       1
  397     444       1
  397     457       1
  398     417       1
  399     439       1
  399     477       1
  400     498       1
  402     426       1
  406     480       1
  406     484       1
  407     457       1
  409     429       1
  412     430       1
  415     437       1
  421     449       1
  422     459       1
  426     472       1
  429     439       1
  429     455       1
  429     495       1
  432     453       1
  433     457       1
  435     443       1
  438     464       1
  442     456       1
  445     478       1
  450     481       1
  454     482       1
  461     468       1
  462     484       1
  469     493       1
