   50      85
    1      27       1
    2      14       1
    2      23       1
    2      38       1
    2      40       1
    3      22       1
    4       8       1
    4      22       1
    4      23       1
    5      39       1
    5      47       1
    6      18       1
    6      22       1
    6      28       1
    6      40       1
    6      45       1
    6      47       1
    7      16       1
    8      10       1
    8      12       1
    8      13       1
    8      26       1
    8      28       1
    8      37       1
    8      45       1
    9      27       1
   10      11       1
   10      16       1
   10      17       1
   10      23       1
   11      18       1
   11      30       1
   11      40       1
   12      31       1
   13      22       1
   13      24       1
   13      34       1
   14      21       1
   14      22       1
   14      24       1
   14      28       1
   14      38       1
   15      25       1
   16      37       1
   16      42       1
   16      48       1
   17      44       1
   18      31       1
   18      37       1
   18      38       1
   18      46       1
   18      48       1
   19      24       1
   19      43       1
   20      31       1
   20      39       1
   21      32       1
   21      45       1
   23      43       1
   23      47       1
   24      33       1
   24      40       1
   24      44       1
   25      44       1
   26      35       1
   27      34       1
   27      38       1
   28      42       1
   28      49       1
   29      47       1
   30      32       1
   31      38       1
   32      40       1
   32      46       1
   32      47       1
   32      49       1
   33      49       1
   35      45       1
   36      37       1
   38      39       1
   38      41       1
   40      45       1
   40      48       1
   44      50       1
   47      48       1
