  700     820
    1     348       1
    2     299       1
    2     341       1
    3      46       1
    3      71       1
    3     111       1
    3     237       1
    3     304       1
    4      43       1
    4      64       1
    4     129       1
    4     236       1
    4     274       1
    4     487       1
    5     606       1
    5     685       1
    6     532       1
    7      47       1
    7     228       1
    7     542       1
    7     548       1
    8     296       1
    8     371       1
    8     427       1
    8     647       1
    9      19       1
    9     312       1
    9     420       1
    9     660       1
   10     139       1
   10     231       1
   10     326       1
   10     663       1
   10     689       1
   11     152       1
   11     212       1
   11     509       1
   12     336       1
   12     691       1
   13     124       1
   14     209       1
   14     319       1
   15     638       1
   16     391       1
   17     215       1
   17     280       1
   18     509       1
   19      64       1
   19     148       1
   19     614       1
   20     170       1
   20     375       1
   20     690       1
   21     180       1
   21     386       1
   22     643       1
   23     160       1
   23     642       1
   24     613       1
   25     480       1
   25     665       1
   26     112       1
   26     211       1
   27     305       1
   28     125       1
   28     208       1
   28     618       1
   29     328       1
   30     537       1
   31      37       1
   31     151       1
   31     190       1
   32     190       1
   32     267       1
   33     114       1
   33     137       1
   33     644       1
   34     364       1
   35     242       1
   35     300       1
   35     457       1
   35     570       1
   36     643       1
   37     279       1
   38     262       1
   38     302       1
   38     562       1
   39      82       1
   39     374       1
   39     426       1
   39     521       1
   39     648       1
   40      94       1
   40     664       1
   41     196       1
   41     239       1
   41     286       1
   41     544       1
   42     103       1
   42     293       1
   42     404       1
   43     194       1
   44     657       1
   45     259       1
   45     270       1
   46     321       1
   46     568       1
   47     126       1
   48     136       1
   48     237       1
   49      75       1
   49     160       1
   49     260       1
   49     278       1
   50     104       1
   50     223       1
   50     234       1
   50     549       1
   51     172       1
   51     217       1
   51     285       1
   51     288       1
   51     347       1
   51     552       1
   52     108       1
   52     191       1
   52     579       1
   52     700       1
   53      58       1
   53      87       1
   53     144       1
   53     164       1
   54     675       1
   55     428       1
   56     356       1
   56     662       1
   57     133       1
   57     286       1
   58     340       1
   59     293       1
   59     399       1
   60      98       1
   60     612       1
   61     694       1
   62     296       1
   62     585       1
   63     219       1
   63     351       1
   63     636       1
   64      77       1
   64     549       1
   64     589       1
   64     663       1
   65     229       1
   66     383       1
   66     624       1
   67     116       1
   68     458       1
   69     105       1
   69     447       1
   70     170       1
   70     537       1
   71      72       1
   71     101       1
   71     119       1
   71     130       1
   71     225       1
   71     295       1
   71     375       1
   71     700       1
   72     275       1
   72     307       1
   72     403       1
   72     445       1
   73      74       1
   73     460       1
   74     156       1
   75     150       1
   76     168       1
   77     272       1
   77     314       1
   78     323       1
   79     350       1
   79     638       1
   80     179       1
   81     501       1
   81     581       1
   81     676       1
   82     424       1
   82     595       1
   83     173       1
   83     374       1
   83     693       1
   84     338       1
   84     419       1
   84     674       1
   85     323       1
   85     467       1
   85     515       1
   86     126       1
   87     316       1
   88     305       1
   88     439       1
   88     491       1
   88     583       1
   88     587       1
   88     619       1
   88     683       1
   88     698       1
   89     377       1
   90     149       1
   90     303       1
   90     557       1
   90     642       1
   91     620       1
   92     586       1
   93     382       1
   93     457       1
   93     672       1
   94     625       1
   95     371       1
   95     645       1
   96     406       1
   97     134       1
   97     146       1
   97     225       1
   97     286       1
   97     413       1
   98     255       1
   98     667       1
   99     429       1
  100     443       1
  102     473       1
  103     650       1
  104     203       1
  104     353       1
  105     296       1
  106     273       1
  106     443       1
  107     355       1
  109     501       1
  109     664       1
  110     350       1
  110     464       1
  110     521       1
  111     164       1
  111     246       1
  111     664       1
  112     411       1
  112     458       1
  113     414       1
  115     204       1
  115     479       1
  115     608       1
  116     175       1
  117     446       1
  117     699       1
  118     170       1
  118     245       1
  118     391       1
  120     642       1
  121     662       1
  122     300       1
  123     167       1
  124     363       1
  124     642       1
  125     296       1
  125     551       1
  126     444       1
  127     238       1
  127     481       1
  127     685       1
  128     595       1
  129     325       1
  129     375       1
  129     560       1
  131     266       1
  131     278       1
  131     618       1
  132     488       1
  132     614       1
  132     673       1
  133     437       1
  135     319       1
  135     394       1
  136     145       1
  136     225       1
  136     367       1
  136     574       1
  136     640       1
  136     694       1
  138     408       1
  138     553       1
  139     453       1
  140     327       1
  140     518       1
  140     609       1
  141     544       1
  142     154       1
  142     250       1
  142     301       1
  142     573       1
  143     181       1
  143     278       1
  143     380       1
  143     468       1
  144     489       1
  144     578       1
  146     323       1
  146     504       1
  146     655       1
  147     166       1
  147     358       1
  148     183       1
  148     251       1
  148     642       1
  149     377       1
  149     438       1
  149     463       1
  149     472       1
  149     678       1
  150     585       1
  150     682       1
  151     193       1
  152     379       1
  152     471       1
  153     276       1
  153     506       1
  154     200       1
  154     572       1
  155     505       1
  156     257       1
  156     666       1
  157     432       1
  158     307       1
  159     462       1
  159     498       1
  159     573       1
  160     289       1
  160     306       1
  161     305       1
  162     449       1
  162     691       1
  163     639       1
  164     329       1
  164     512       1
  165     511       1
  165     651       1
  165     699       1
  166     262       1
  166     530       1
  166     604       1
  166     620       1
  167     390       1
  167     607       1
  168     182       1
  169     543       1
  169     698       1
  170     241       1
  170     358       1
  170     382       1
  170     493       1
  170     534       1
  171     293       1
  172     548       1
  172     659       1
  172     671       1
  173     359       1
  173     400       1
  173     474       1
  174     578       1
  175     533       1
  176     193       1
  177     487       1
  178     276       1
  179     488       1
  179     500       1
  180     285       1
  181     201       1
  181     514       1
  182     350       1
  182     531       1
  184     256       1
  184     330       1
  184     522       1
  185     223       1
  186     390       1
  186     625       1
  187     562       1
  188     636       1
  189     562       1
  189     698       1
  191     684       1
  192     440       1
  192     622       1
  193     382       1
  193     699       1
  195     336       1
  195     606       1
  196     211       1
  196     243       1
  196     604       1
  197     279       1
  197     668       1
  198     332       1
  198     345       1
  198     373       1
  199     570       1
  200     234       1
  200     530       1
  201     292       1
  201     566       1
  202     212       1
  202     558       1
  202     571       1
  202     666       1
  202     671       1
  203     240       1
  205     616       1
  205     681       1
  206     208       1
  207     620       1
  208     628       1
  210     249       1
  211     263       1
  211     298       1
  211     408       1
  212     346       1
  212     426       1
  212     597       1
  213     359       1
  213     685       1
  214     567       1
  215     393       1
  215     428       1
  216     299       1
  217     642       1
  218     324       1
  218     450       1
  218     623       1
  220     286       1
  220     319       1
  220     538       1
  221     443       1
  221     584       1
  222     227       1
  222     432       1
  222     477       1
  222     490       1
  222     535       1
  222     624       1
  223     649       1
  224     354       1
  224     412       1
  224     634       1
  225     461       1
  226     323       1
  227     425       1
  227     618       1
  227     683       1
  229     387       1
  230     284       1
  230     641       1
  231     559       1
  232     387       1
  233     539       1
  234     377       1
  234     489       1
  235     307       1
  235     413       1
  238     532       1
  240     335       1
  240     549       1
  244     409       1
  246     524       1
  247     607       1
  248     355       1
  249     469       1
  249     560       1
  250     357       1
  250     505       1
  250     694       1
  251     509       1
  251     582       1
  252     700       1
  253     406       1
  253     600       1
  254     368       1
  255     552       1
  258     636       1
  260     430       1
  261     290       1
  261     387       1
  263     329       1
  264     620       1
  265     352       1
  265     429       1
  265     581       1
  266     683       1
  268     286       1
  268     637       1
  269     317       1
  269     478       1
  269     521       1
  270     303       1
  270     443       1
  271     478       1
  271     633       1
  274     387       1
  274     404       1
  274     446       1
  274     515       1
  275     329       1
  275     565       1
  276     338       1
  277     464       1
  277     664       1
  278     522       1
  278     561       1
  278     639       1
  278     683       1
  279     437       1
  279     467       1
  280     316       1
  281     327       1
  282     359       1
  282     606       1
  282     679       1
  283     350       1
  283     425       1
  283     599       1
  284     426       1
  286     442       1
  286     605       1
  287     587       1
  287     697       1
  289     407       1
  290     671       1
  291     337       1
  292     365       1
  292     561       1
  294     462       1
  294     541       1
  296     375       1
  296     396       1
  296     514       1
  296     528       1
  296     557       1
  297     333       1
  297     549       1
  298     401       1
  298     647       1
  299     339       1
  300     521       1
  300     631       1
  300     668       1
  300     669       1
  301     598       1
  303     405       1
  303     629       1
  304     520       1
  306     329       1
  306     556       1
  307     337       1
  308     375       1
  308     479       1
  308     555       1
  308     697       1
  309     320       1
  309     700       1
  310     352       1
  311     322       1
  311     382       1
  311     494       1
  313     326       1
  313     548       1
  313     630       1
  314     378       1
  314     466       1
  314     499       1
  314     666       1
  315     333       1
  316     360       1
  316     642       1
  317     452       1
  318     436       1
  321     451       1
  322     523       1
  323     433       1
  323     507       1
  323     525       1
  324     385       1
  324     402       1
  324     407       1
  324     451       1
  324     694       1
  326     460       1
  326     521       1
  326     563       1
  326     627       1
  328     661       1
  329     414       1
  329     441       1
  331     662       1
  332     543       1
  334     477       1
  334     504       1
  334     564       1
  334     688       1
  336     369       1
  336     459       1
  336     549       1
  336     567       1
  341     368       1
  342     475       1
  343     490       1
  344     444       1
  344     536       1
  344     695       1
  346     486       1
  347     365       1
  348     513       1
  349     355       1
  349     396       1
  352     389       1
  353     529       1
  355     556       1
  356     416       1
  356     568       1
  358     450       1
  358     488       1
  358     627       1
  359     398       1
  359     465       1
  361     684       1
  362     387       1
  362     675       1
  364     455       1
  364     484       1
  364     685       1
  366     595       1
  368     463       1
  370     401       1
  372     488       1
  373     665       1
  374     482       1
  375     454       1
  375     521       1
  375     682       1
  375     683       1
  376     442       1
  381     650       1
  382     436       1
  383     396       1
  384     436       1
  384     545       1
  385     492       1
  386     426       1
  387     474       1
  387     518       1
  387     521       1
  387     647       1
  388     393       1
  391     664       1
  392     467       1
  395     700       1
  396     549       1
  396     692       1
  397     615       1
  397     655       1
  399     497       1
  399     518       1
  403     601       1
  404     657       1
  405     645       1
  406     526       1
  406     685       1
  407     480       1
  409     534       1
  409     586       1
  409     662       1
  410     411       1
  411     583       1
  412     557       1
  413     462       1
  415     657       1
  416     539       1
  417     646       1
  418     426       1
  421     479       1
  422     489       1
  422     521       1
  423     480       1
  426     516       1
  426     644       1
  428     476       1
  428     606       1
  429     483       1
  429     543       1
  429     583       1
  431     474       1
  432     677       1
  434     534       1
  435     578       1
  437     475       1
  437     521       1
  437     586       1
  441     673       1
  442     643       1
  443     592       1
  444     521       1
  444     540       1
  448     454       1
  449     546       1
  452     578       1
  454     694       1
  455     658       1
  456     534       1
  457     603       1
  460     496       1
  460     577       1
  460     596       1
  461     647       1
  462     552       1
  463     473       1
  464     507       1
  464     532       1
  466     505       1
  466     632       1
  469     527       1
  469     559       1
  470     665       1
  471     594       1
  473     542       1
  479     499       1
  480     646       1
  480     681       1
  485     613       1
  485     680       1
  489     547       1
  491     614       1
  495     664       1
  502     539       1
  503     620       1
  506     521       1
  506     561       1
  507     564       1
  508     573       1
  510     586       1
  511     599       1
  513     539       1
  513     540       1
  515     576       1
  516     610       1
  516     665       1
  517     620       1
  518     565       1
  518     688       1
  519     623       1
  519     658       1
  521     581       1
  521     674       1
  521     686       1
  522     622       1
  531     695       1
  533     676       1
  536     562       1
  536     636       1
  542     554       1
  544     647       1
  548     596       1
  549     606       1
  549     611       1
  549     691       1
  550     666       1
  551     673       1
  552     595       1
  553     604       1
  556     677       1
  557     573       1
  557     665       1
  558     573       1
  560     670       1
  561     569       1
  562     580       1
  567     654       1
  568     589       1
  572     592       1
  575     700       1
  582     696       1
  584     610       1
  588     620       1
  590     669       1
  591     674       1
  593     631       1
  593     632       1
  596     687       1
  601     673       1
  602     665       1
  607     681       1
  613     640       1
  613     683       1
  614     616       1
  617     663       1
  620     653       1
  620     683       1
  621     683       1
  626     700       1
  630     650       1
  631     684       1
  635     675       1
  638     652       1
  639     676       1
  643     690       1
  647     699       1
  650     665       1
  656     684       1
  661     700       1
  673     696       1
  683     685       1
