  400     489
    1      94       1
    1     144       1
    1     214       1
    1     343       1
    2      80       1
    2     173       1
    2     364       1
    3     286       1
    4      72       1
    4     218       1
    4     236       1
    4     342       1
    4     393       1
    5      64       1
    5      85       1
    5     100       1
    6      59       1
    6     135       1
    6     217       1
    7      25       1
    7     171       1
    7     249       1
    7     251       1
    7     346       1
    8      32       1
    8     147       1
    8     202       1
    9      66       1
    9     195       1
    9     244       1
    9     253       1
    9     273       1
    9     337       1
   10      65       1
   11     111       1
   11     238       1
   11     300       1
   12      23       1
   12      64       1
   13     324       1
   13     385       1
   14     254       1
   15      29       1
   16      91       1
   16     361       1
   17     101       1
   17     186       1
   18     141       1
   18     177       1
   18     252       1
   19     119       1
   19     248       1
   19     254       1
   20     276       1
   20     352       1
   21     132       1
   21     217       1
   22      36       1
   22      94       1
   22     202       1
   22     311       1
   22     315       1
   23     301       1
   23     356       1
   23     374       1
   24      63       1
   24     266       1
   24     284       1
   24     317       1
   24     365       1
   25     361       1
   26     111       1
   26     235       1
   27     246       1
   28      51       1
   28     107       1
   29     182       1
   29     223       1
   30     134       1
   30     288       1
   31     151       1
   31     156       1
   31     266       1
   31     270       1
   32     138       1
   33     197       1
   33     209       1
   33     337       1
   33     375       1
   34     233       1
   34     274       1
   35      96       1
   37     294       1
   38     210       1
   39     203       1
   39     322       1
   40      80       1
   40     181       1
   40     384       1
   41     182       1
   42     187       1
   42     215       1
   43     280       1
   44     126       1
   44     181       1
   44     229       1
   44     288       1
   45     140       1
   45     320       1
   46      65       1
   47     278       1
   47     347       1
   48     293       1
   48     298       1
   49     181       1
   50      99       1
   50     221       1
   50     347       1
   52      75       1
   53     181       1
   54     188       1
   54     189       1
   54     190       1
   54     351       1
   55      81       1
   55      99       1
   55     113       1
   55     147       1
   56     289       1
   57      78       1
   57     144       1
   57     163       1
   58     241       1
   59      90       1
   59     147       1
   59     232       1
   59     391       1
   60     266       1
   61     104       1
   61     132       1
   61     175       1
   61     215       1
   61     316       1
   62     149       1
   62     261       1
   63     161       1
   63     174       1
   63     279       1
   64     320       1
   64     370       1
   65     297       1
   65     310       1
   65     312       1
   66     130       1
   67     112       1
   68     366       1
   68     397       1
   69     272       1
   69     300       1
   70     131       1
   70     145       1
   70     231       1
   70     379       1
   71      84       1
   72     113       1
   72     172       1
   72     192       1
   73     223       1
   74     242       1
   75     286       1
   75     351       1
   76     398       1
   77     310       1
   78     200       1
   78     388       1
   78     393       1
   79     104       1
   79     121       1
   79     176       1
   79     250       1
   81     116       1
   82     247       1
   83     356       1
   84     128       1
   85     208       1
   85     291       1
   86     229       1
   86     304       1
   87     128       1
   87     178       1
   87     181       1
   88     145       1
   89      91       1
   90     155       1
   91     146       1
   91     191       1
   92     378       1
   93     248       1
   93     313       1
   95     175       1
   96     101       1
   96     190       1
   96     211       1
   96     221       1
   96     240       1
   96     357       1
   97     157       1
   97     161       1
   97     344       1
   98     187       1
   98     216       1
   98     269       1
   99     352       1
   99     371       1
  100     271       1
  102     191       1
  102     210       1
  102     318       1
  103     113       1
  104     108       1
  104     111       1
  104     118       1
  104     237       1
  104     246       1
  104     262       1
  104     355       1
  104     374       1
  105     379       1
  106     209       1
  107     156       1
  107     265       1
  108     109       1
  108     139       1
  108     264       1
  108     329       1
  108     345       1
  108     389       1
  109     298       1
  109     331       1
  109     393       1
  110     127       1
  110     201       1
  111     204       1
  111     229       1
  111     268       1
  112     209       1
  113     201       1
  114     166       1
  114     379       1
  115     154       1
  117     165       1
  117     172       1
  117     244       1
  117     338       1
  117     399       1
  118     229       1
  118     276       1
  118     350       1
  118     390       1
  118     400       1
  119     243       1
  120     220       1
  120     355       1
  121     176       1
  121     268       1
  122     204       1
  123     176       1
  123     193       1
  124     185       1
  124     192       1
  124     227       1
  124     239       1
  125     168       1
  125     195       1
  125     283       1
  128     226       1
  128     334       1
  129     293       1
  130     228       1
  130     274       1
  131     211       1
  132     200       1
  133     330       1
  133     364       1
  135     245       1
  136     241       1
  137     192       1
  138     183       1
  140     305       1
  140     309       1
  140     358       1
  141     335       1
  141     393       1
  142     241       1
  142     382       1
  143     367       1
  144     362       1
  145     292       1
  146     291       1
  146     319       1
  146     374       1
  147     152       1
  147     163       1
  147     221       1
  148     172       1
  148     201       1
  148     380       1
  149     181       1
  149     233       1
  149     355       1
  150     209       1
  151     305       1
  153     175       1
  154     398       1
  155     340       1
  157     296       1
  157     322       1
  158     195       1
  159     236       1
  159     273       1
  160     312       1
  160     318       1
  161     224       1
  161     268       1
  161     307       1
  162     382       1
  164     246       1
  167     212       1
  167     248       1
  167     367       1
  168     177       1
  168     385       1
  169     231       1
  169     239       1
  169     265       1
  170     323       1
  172     195       1
  172     310       1
  175     294       1
  175     377       1
  177     257       1
  177     288       1
  178     355       1
  179     355       1
  179     386       1
  180     246       1
  183     253       1
  184     285       1
  186     206       1
  186     398       1
  188     370       1
  189     347       1
  190     216       1
  192     306       1
  193     225       1
  194     393       1
  195     222       1
  195     239       1
  195     277       1
  195     314       1
  196     248       1
  197     380       1
  198     285       1
  199     323       1
  199     363       1
  200     290       1
  201     267       1
  201     355       1
  203     285       1
  203     298       1
  205     327       1
  205     397       1
  207     340       1
  207     397       1
  208     287       1
  210     297       1
  210     334       1
  211     325       1
  213     220       1
  213     357       1
  214     243       1
  215     285       1
  216     372       1
  217     297       1
  218     264       1
  219     311       1
  219     314       1
  221     239       1
  221     284       1
  221     309       1
  221     321       1
  223     321       1
  226     364       1
  226     386       1
  226     398       1
  229     234       1
  229     248       1
  229     295       1
  230     246       1
  230     282       1
  231     262       1
  231     290       1
  231     332       1
  232     336       1
  233     398       1
  234     255       1
  235     329       1
  235     349       1
  235     391       1
  236     369       1
  238     320       1
  238     378       1
  239     248       1
  239     297       1
  239     330       1
  239     369       1
  240     277       1
  241     332       1
  242     383       1
  243     394       1
  245     297       1
  246     268       1
  246     328       1
  246     364       1
  247     349       1
  247     357       1
  248     293       1
  248     299       1
  251     356       1
  253     303       1
  255     258       1
  256     376       1
  256     388       1
  257     298       1
  258     348       1
  259     345       1
  260     290       1
  262     336       1
  263     357       1
  266     308       1
  267     317       1
  268     360       1
  269     286       1
  270     353       1
  272     275       1
  273     285       1
  273     332       1
  273     343       1
  275     296       1
  280     307       1
  281     301       1
  281     367       1
  283     331       1
  286     302       1
  289     290       1
  296     356       1
  300     325       1
  301     387       1
  309     319       1
  310     352       1
  314     324       1
  315     326       1
  317     354       1
  317     355       1
  320     389       1
  321     361       1
  325     363       1
  326     340       1
  329     392       1
  333     354       1
  333     373       1
  339     358       1
  341     379       1
  341     396       1
  343     358       1
  343     382       1
  344     385       1
  345     368       1
  346     386       1
  350     381       1
  351     396       1
  357     385       1
  359     396       1
  363     393       1
  375     378       1
  376     386       1
  379     397       1
  383     398       1
  393     395       1
