  400     489
    1      19       1
    1     201       1
    1     294       1
    2     124       1
    2     125       1
    2     126       1
    2     127       1
    2     181       1
    2     195       1
    2     261       1
    2     268       1
    2     320       1
    2     359       1
    2     360       1
    3     262       1
    3     306       1
    3     396       1
    4     234       1
    5     294       1
    6      46       1
    6     183       1
    6     218       1
    6     242       1
    6     348       1
    7     298       1
    8     399       1
    9      50       1
    9     261       1
    9     278       1
    9     338       1
   10     122       1
   10     197       1
   11     151       1
   11     197       1
   11     264       1
   12      51       1
   12     149       1
   12     353       1
   13     135       1
   13     184       1
   13     205       1
   13     370       1
   14      47       1
   15      58       1
   15      95       1
   15     186       1
   16     248       1
   16     263       1
   17     263       1
   18      36       1
   18     155       1
   18     168       1
   18     235       1
   18     308       1
   18     394       1
   19     270       1
   20     254       1
   21     175       1
   21     332       1
   22     256       1
   23      88       1
   23     184       1
   23     262       1
   24     101       1
   24     342       1
   25     124       1
   25     207       1
   25     298       1
   25     364       1
   26      36       1
   27     360       1
   28     253       1
   29      43       1
   29     168       1
   30     105       1
   30     259       1
   31      40       1
   31      52       1
   31     137       1
   31     204       1
   31     254       1
   32     189       1
   32     283       1
   33     171       1
   33     282       1
   34     248       1
   35     321       1
   36     194       1
   36     216       1
   36     368       1
   37     286       1
   37     307       1
   38     178       1
   38     373       1
   39      44       1
   39     320       1
   40      96       1
   40     151       1
   40     345       1
   41     171       1
   42      61       1
   42      90       1
   42     129       1
   42     187       1
   42     197       1
   43      63       1
   44      56       1
   44      70       1
   44     101       1
   44     346       1
   45     241       1
   45     311       1
   46     233       1
   46     317       1
   47      79       1
   47     387       1
   48     125       1
   48     250       1
   49     162       1
   49     219       1
   49     313       1
   50     123       1
   50     320       1
   50     328       1
   51     132       1
   51     179       1
   52     129       1
   52     316       1
   53     110       1
   53     175       1
   53     292       1
   54     185       1
   54     289       1
   54     290       1
   55     231       1
   56     344       1
   57     329       1
   59     176       1
   59     250       1
   60     126       1
   60     183       1
   61     117       1
   61     239       1
   61     285       1
   61     336       1
   61     393       1
   62     242       1
   62     254       1
   62     315       1
   62     391       1
   63     209       1
   63     258       1
   63     260       1
   64     256       1
   64     338       1
   65     278       1
   65     296       1
   66     207       1
   66     334       1
   67     332       1
   68     315       1
   68     387       1
   69     267       1
   70     239       1
   71     147       1
   71     292       1
   72     281       1
   72     374       1
   73     109       1
   73     205       1
   73     238       1
   74     196       1
   74     292       1
   74     335       1
   75     218       1
   75     250       1
   75     322       1
   76     132       1
   77     137       1
   78     350       1
   78     399       1
   79     330       1
   80     281       1
   81     115       1
   81     306       1
   82     150       1
   82     268       1
   82     282       1
   82     294       1
   82     364       1
   82     376       1
   82     397       1
   83     150       1
   84     183       1
   84     300       1
   85     348       1
   86     101       1
   86     287       1
   86     318       1
   87      91       1
   88     174       1
   88     300       1
   88     380       1
   89     259       1
   89     262       1
   90     189       1
   91     167       1
   92     261       1
   93     131       1
   93     231       1
   93     283       1
   93     364       1
   94     125       1
   94     142       1
   94     299       1
   95     257       1
   95     291       1
   96     310       1
   97     147       1
   98     196       1
   99     193       1
  100     138       1
  100     182       1
  100     187       1
  100     221       1
  101     163       1
  101     169       1
  101     192       1
  102     315       1
  103     315       1
  104     188       1
  104     375       1
  106     273       1
  106     372       1
  107     363       1
  108     290       1
  108     327       1
  111     285       1
  112     150       1
  113     259       1
  114     222       1
  114     271       1
  114     367       1
  115     119       1
  115     137       1
  115     277       1
  116     191       1
  117     183       1
  118     160       1
  118     214       1
  118     252       1
  118     274       1
  118     297       1
  120     398       1
  121     339       1
  122     227       1
  122     311       1
  122     375       1
  122     395       1
  123     243       1
  125     159       1
  125     187       1
  125     201       1
  125     246       1
  125     249       1
  126     256       1
  126     325       1
  126     387       1
  127     243       1
  127     255       1
  127     347       1
  127     386       1
  128     361       1
  129     220       1
  129     263       1
  130     155       1
  131     294       1
  132     141       1
  132     378       1
  132     396       1
  133     270       1
  134     202       1
  134     279       1
  134     399       1
  135     398       1
  136     348       1
  137     140       1
  137     176       1
  137     215       1
  138     358       1
  139     198       1
  139     256       1
  140     382       1
  141     173       1
  141     224       1
  143     242       1
  143     310       1
  143     372       1
  144     175       1
  144     341       1
  144     369       1
  145     194       1
  146     298       1
  146     327       1
  146     381       1
  148     321       1
  150     241       1
  150     266       1
  150     269       1
  150     296       1
  150     311       1
  152     288       1
  152     338       1
  153     169       1
  153     204       1
  153     327       1
  154     328       1
  155     200       1
  155     224       1
  155     242       1
  155     288       1
  155     328       1
  155     379       1
  155     392       1
  156     213       1
  157     300       1
  158     167       1
  158     193       1
  159     192       1
  159     223       1
  160     192       1
  160     265       1
  160     313       1
  161     301       1
  161     313       1
  163     199       1
  163     400       1
  164     375       1
  165     379       1
  166     371       1
  167     264       1
  169     376       1
  170     369       1
  172     264       1
  173     221       1
  174     320       1
  177     195       1
  177     252       1
  177     385       1
  178     181       1
  178     255       1
  178     285       1
  180     312       1
  180     323       1
  180     353       1
  181     205       1
  181     284       1
  181     361       1
  183     293       1
  183     302       1
  183     316       1
  185     253       1
  185     337       1
  186     191       1
  186     239       1
  187     191       1
  187     193       1
  187     234       1
  187     319       1
  188     246       1
  189     194       1
  189     330       1
  190     307       1
  190     371       1
  191     294       1
  192     197       1
  192     222       1
  192     366       1
  193     390       1
  194     281       1
  195     268       1
  195     303       1
  195     314       1
  195     389       1
  196     248       1
  196     273       1
  197     208       1
  197     292       1
  197     388       1
  198     395       1
  199     205       1
  199     349       1
  200     229       1
  200     291       1
  201     330       1
  202     275       1
  202     308       1
  203     221       1
  206     340       1
  210     310       1
  211     226       1
  212     350       1
  213     294       1
  217     273       1
  218     238       1
  218     263       1
  219     396       1
  220     326       1
  220     357       1
  221     237       1
  221     242       1
  225     346       1
  226     341       1
  228     370       1
  229     315       1
  230     352       1
  230     366       1
  231     305       1
  231     310       1
  232     243       1
  233     400       1
  234     247       1
  236     360       1
  239     329       1
  240     285       1
  242     333       1
  243     292       1
  243     305       1
  243     354       1
  244     360       1
  245     294       1
  246     267       1
  246     290       1
  248     290       1
  251     313       1
  253     264       1
  253     362       1
  256     275       1
  258     329       1
  259     261       1
  259     364       1
  269     308       1
  270     355       1
  271     357       1
  272     299       1
  275     361       1
  276     394       1
  279     361       1
  280     281       1
  282     303       1
  287     295       1
  289     324       1
  289     350       1
  289     377       1
  289     398       1
  290     365       1
  293     307       1
  293     382       1
  294     309       1
  294     363       1
  302     355       1
  303     335       1
  304     333       1
  307     375       1
  310     340       1
  310     371       1
  313     361       1
  317     319       1
  319     398       1
  321     358       1
  324     352       1
  328     384       1
  331     362       1
  334     370       1
  336     370       1
  339     347       1
  343     378       1
  351     357       1
  352     393       1
  353     355       1
  353     357       1
  353     361       1
  355     364       1
  356     396       1
  363     390       1
  366     380       1
  382     386       1
  383     385       1
  395     398       1
