  100     144
    1      44       1
    1      48       1
    2      97       1
    3      37       1
    3      54       1
    4      40       1
    4      51       1
    4      55       1
    5      61       1
    5      70       1
    6      26       1
    6      28       1
    6      35       1
    6      97       1
    7      13       1
    7      40       1
    7      50       1
    7      51       1
    7      77       1
    8      21       1
    8      41       1
    8      67       1
    9      25       1
    9      53       1
    9      55       1
    9      60       1
    9      71       1
   10      38       1
   10      52       1
   11      66       1
   11      76       1
   12      39       1
   12      40       1
   12      58       1
   12      91       1
   12      99       1
   13      25       1
   13      42       1
   13      44       1
   13      66       1
   13      69       1
   13      97       1
   14      46       1
   15      48       1
   16      36       1
   16      89       1
   17      69       1
   17      97       1
   18      27       1
   18      31       1
   18      58       1
   19      28       1
   19      66       1
   19      80       1
   20      23       1
   21      22       1
   21      29       1
   21      47       1
   21      70       1
   21      94       1
   22      59       1
   23      56       1
   24      37       1
   24      40       1
   24      56       1
   25      40       1
   25      83       1
   26      64       1
   26      75       1
   27      59       1
   27      60       1
   27      75       1
   28      30       1
   28      39       1
   28      46       1
   28      72       1
   28      91       1
   29      61       1
   29      97       1
   29      99       1
   30      77       1
   30      83       1
   30      92       1
   31      73       1
   32      35       1
   32      43       1
   32      52       1
   33      71       1
   33      87       1
   34      67       1
   34      77       1
   36      62       1
   37      72       1
   37      95       1
   38     100       1
   39      52       1
   40      48       1
   40      49       1
   40      79       1
   41      71       1
   42      59       1
   43      74       1
   43      77       1
   44      54       1
   44      57       1
   44      74       1
   44      97       1
   45      70       1
   45      83       1
   45      89       1
   45      91       1
   46      49       1
   47      87       1
   49      68       1
   51      54       1
   51      64       1
   51      84       1
   53      71       1
   53      91       1
   55      82       1
   56      86       1
   56      92       1
   57     100       1
   58      97       1
   59      87       1
   60      74       1
   61      90       1
   63      64       1
   63      90       1
   65      77       1
   65      88       1
   66      93       1
   66      96       1
   70      92       1
   70      94       1
   70      98       1
   72      88       1
   74      91       1
   78      93       1
   79      90       1
   79      97       1
   80      91       1
   81      87       1
   85      97       1
