  700     820
    1     306       1
    1     353       1
    1     595       1
    2     145       1
    2     291       1
    3     186       1
    4     241       1
    4     481       1
    4     493       1
    4     547       1
    4     597       1
    5     390       1
    6     326       1
    6     674       1
    7      80       1
    7     421       1
    8      56       1
    8     542       1
    8     543       1
    9      49       1
    9     395       1
    9     521       1
    9     623       1
   10     675       1
   11      16       1
   11     401       1
   12     353       1
   12     572       1
   13     194       1
   14      99       1
   14     517       1
   14     620       1
   14     698       1
   15     554       1
   17     343       1
   17     353       1
   18     376       1
   19     415       1
   20     249       1
   20     422       1
   20     641       1
   21     135       1
   21     609       1
   22     110       1
   22     368       1
   22     609       1
   22     670       1
   23     224       1
   23     405       1
   23     687       1
   24      55       1
   24     299       1
   25     301       1
   26     128       1
   26     140       1
   26     283       1
   27     206       1
   27     244       1
   27     281       1
   28     174       1
   28     572       1
   29     640       1
   30      71       1
   30     432       1
   31     220       1
   32     675       1
   33     101       1
   33     165       1
   34     327       1
   34     386       1
   35     418       1
   35     465       1
   35     509       1
   35     571       1
   36      82       1
   36     462       1
   37     238       1
   38     186       1
   38     511       1
   39      91       1
   39     189       1
   39     255       1
   39     274       1
   39     428       1
   39     453       1
   39     617       1
   40     319       1
   40     412       1
   41     431       1
   41     470       1
   42     186       1
   42     281       1
   43      85       1
   43     134       1
   43     608       1
   44     201       1
   44     659       1
   45     147       1
   45     662       1
   45     671       1
   46      86       1
   46     559       1
   47      93       1
   47     192       1
   48     526       1
   48     580       1
   49     442       1
   50     124       1
   50     691       1
   51     646       1
   52     293       1
   52     521       1
   52     538       1
   53     408       1
   53     680       1
   54     360       1
   55     677       1
   56     171       1
   56     197       1
   56     457       1
   57     152       1
   58     186       1
   59     150       1
   60     294       1
   61     683       1
   62     272       1
   62     668       1
   63     249       1
   64     629       1
   65     551       1
   65     640       1
   66     408       1
   66     516       1
   67     157       1
   67     586       1
   67     700       1
   68      98       1
   69     320       1
   69     501       1
   69     504       1
   70     584       1
   71     274       1
   71     332       1
   71     477       1
   71     483       1
   72     135       1
   72     381       1
   72     533       1
   73     234       1
   74     156       1
   74     486       1
   75     102       1
   75     113       1
   75     208       1
   75     310       1
   75     362       1
   76     268       1
   77     133       1
   77     611       1
   77     632       1
   78      95       1
   78     521       1
   79      98       1
   79     468       1
   79     541       1
   80     480       1
   80     554       1
   81     241       1
   82     146       1
   82     184       1
   82     315       1
   82     647       1
   82     684       1
   83     547       1
   83     684       1
   84     145       1
   84     217       1
   84     308       1
   86     261       1
   87     260       1
   88     540       1
   88     563       1
   89     352       1
   89     476       1
   90      98       1
   90     328       1
   90     399       1
   91     521       1
   92     415       1
   92     697       1
   92     698       1
   94     148       1
   94     478       1
   95     110       1
   95     143       1
   95     536       1
   95     643       1
   96     195       1
   96     595       1
   97     353       1
   97     555       1
   98     162       1
   98     352       1
   98     394       1
   98     455       1
   98     649       1
   98     695       1
   99     674       1
  100     503       1
  101     392       1
  102     331       1
  103     252       1
  104     267       1
  105     106       1
  105     143       1
  106     178       1
  106     211       1
  106     445       1
  106     688       1
  107     409       1
  108     163       1
  108     242       1
  108     332       1
  108     357       1
  108     517       1
  108     588       1
  108     595       1
  108     628       1
  108     653       1
  108     682       1
  108     686       1
  109     338       1
  109     419       1
  109     471       1
  110     115       1
  110     389       1
  110     466       1
  110     526       1
  111     605       1
  112     697       1
  114     617       1
  115     484       1
  116     180       1
  116     203       1
  116     425       1
  117     124       1
  117     224       1
  117     356       1
  118     531       1
  119     339       1
  120     570       1
  121     224       1
  121     699       1
  122     331       1
  123     135       1
  123     189       1
  125     548       1
  125     549       1
  126     390       1
  127     434       1
  129     251       1
  129     443       1
  130     470       1
  131     305       1
  131     399       1
  131     558       1
  131     581       1
  132     575       1
  132     688       1
  134     306       1
  134     448       1
  134     685       1
  135     222       1
  135     459       1
  135     485       1
  136     145       1
  136     284       1
  137     284       1
  137     489       1
  137     610       1
  137     694       1
  138     476       1
  139     290       1
  140     297       1
  141     168       1
  141     684       1
  142     245       1
  142     259       1
  142     342       1
  142     403       1
  142     500       1
  143     688       1
  144     242       1
  145     295       1
  145     401       1
  146     187       1
  146     441       1
  146     478       1
  148     378       1
  149     160       1
  149     682       1
  150     213       1
  150     221       1
  151     200       1
  151     528       1
  152     247       1
  152     360       1
  153     228       1
  153     459       1
  153     614       1
  154     204       1
  155     666       1
  156     391       1
  156     459       1
  157     686       1
  158     579       1
  158     686       1
  159     449       1
  159     615       1
  161     321       1
  161     489       1
  161     664       1
  164     228       1
  164     240       1
  164     496       1
  164     546       1
  165     194       1
  165     239       1
  166     257       1
  166     434       1
  166     646       1
  166     686       1
  167     466       1
  168     171       1
  168     313       1
  168     496       1
  169     316       1
  170     453       1
  171     199       1
  171     215       1
  171     552       1
  172     205       1
  172     352       1
  172     490       1
  172     582       1
  173     438       1
  173     520       1
  174     247       1
  175     177       1
  175     201       1
  175     312       1
  175     426       1
  176     331       1
  176     633       1
  178     443       1
  179     346       1
  179     620       1
  181     476       1
  181     496       1
  182     283       1
  182     376       1
  183     220       1
  183     444       1
  183     564       1
  184     306       1
  184     471       1
  185     517       1
  186     350       1
  186     585       1
  186     628       1
  186     687       1
  187     689       1
  188     353       1
  189     400       1
  190     237       1
  191     581       1
  191     606       1
  192     213       1
  192     359       1
  193     673       1
  193     693       1
  194     290       1
  194     515       1
  194     544       1
  196     411       1
  196     635       1
  198     476       1
  199     456       1
  200     496       1
  201     333       1
  202     567       1
  204     647       1
  206     463       1
  207     217       1
  207     334       1
  208     226       1
  208     232       1
  208     237       1
  208     482       1
  208     517       1
  209     482       1
  210     599       1
  210     662       1
  211     396       1
  211     649       1
  212     357       1
  213     383       1
  213     535       1
  213     559       1
  214     379       1
  214     437       1
  214     484       1
  214     512       1
  216     219       1
  216     329       1
  216     347       1
  217     246       1
  218     304       1
  219     472       1
  220     254       1
  220     416       1
  220     566       1
  220     600       1
  221     431       1
  221     604       1
  221     698       1
  222     457       1
  223     564       1
  224     688       1
  225     342       1
  225     578       1
  226     286       1
  227     570       1
  228     535       1
  229     249       1
  230     665       1
  231     456       1
  231     684       1
  232     249       1
  232     283       1
  232     412       1
  232     638       1
  233     248       1
  233     400       1
  234     318       1
  234     337       1
  234     467       1
  234     472       1
  234     529       1
  234     573       1
  234     634       1
  234     653       1
  235     431       1
  236     474       1
  237     374       1
  237     407       1
  237     482       1
  237     565       1
  238     526       1
  239     559       1
  239     585       1
  240     673       1
  242     302       1
  242     330       1
  242     336       1
  242     480       1
  242     699       1
  243     254       1
  246     681       1
  247     253       1
  247     610       1
  248     646       1
  248     647       1
  250     404       1
  252     500       1
  252     581       1
  254     321       1
  254     338       1
  254     363       1
  254     533       1
  254     653       1
  256     283       1
  256     488       1
  257     438       1
  258     529       1
  259     398       1
  259     464       1
  259     487       1
  259     586       1
  259     631       1
  260     442       1
  261     456       1
  262     426       1
  262     654       1
  263     601       1
  263     668       1
  264     474       1
  265     572       1
  266     454       1
  266     614       1
  266     681       1
  267     290       1
  268     387       1
  268     637       1
  269     606       1
  270     655       1
  270     677       1
  271     301       1
  271     304       1
  271     340       1
  271     650       1
  273     644       1
  275     289       1
  275     531       1
  276     456       1
  277     299       1
  277     372       1
  277     693       1
  278     602       1
  279     391       1
  279     503       1
  280     281       1
  282     672       1
  283     424       1
  284     371       1
  285     654       1
  287     692       1
  288     530       1
  290     520       1
  290     523       1
  290     550       1
  290     628       1
  292     419       1
  292     526       1
  292     563       1
  292     598       1
  294     408       1
  294     496       1
  294     640       1
  295     450       1
  296     614       1
  297     426       1
  298     473       1
  300     332       1
  300     679       1
  302     539       1
  303     469       1
  304     316       1
  304     370       1
  304     660       1
  306     548       1
  306     613       1
  307     614       1
  309     588       1
  309     645       1
  310     399       1
  310     432       1
  311     690       1
  312     320       1
  312     375       1
  314     364       1
  314     369       1
  314     460       1
  314     570       1
  314     588       1
  314     627       1
  316     322       1
  316     387       1
  316     652       1
  317     342       1
  317     383       1
  318     687       1
  319     494       1
  319     633       1
  320     499       1
  321     390       1
  322     339       1
  322     588       1
  323     362       1
  324     374       1
  324     483       1
  325     501       1
  326     345       1
  326     561       1
  326     632       1
  326     668       1
  327     625       1
  328     574       1
  328     667       1
  329     508       1
  329     534       1
  330     335       1
  330     667       1
  331     390       1
  332     420       1
  332     513       1
  332     655       1
  333     458       1
  333     626       1
  334     665       1
  336     367       1
  338     384       1
  338     550       1
  341     352       1
  341     423       1
  344     589       1
  344     654       1
  345     617       1
  346     641       1
  347     446       1
  348     412       1
  349     503       1
  351     478       1
  352     385       1
  352     614       1
  352     678       1
  353     466       1
  354     652       1
  354     690       1
  355     635       1
  357     376       1
  357     431       1
  358     420       1
  359     567       1
  360     430       1
  361     568       1
  362     474       1
  362     516       1
  364     409       1
  364     439       1
  364     457       1
  364     491       1
  364     494       1
  365     405       1
  365     692       1
  366     578       1
  368     603       1
  369     461       1
  371     516       1
  373     620       1
  377     517       1
  378     467       1
  378     654       1
  380     488       1
  381     523       1
  381     607       1
  382     385       1
  383     411       1
  383     517       1
  386     535       1
  387     429       1
  387     553       1
  387     672       1
  388     520       1
  388     594       1
  390     447       1
  393     676       1
  397     650       1
  398     462       1
  398     695       1
  399     526       1
  399     662       1
  399     686       1
  402     581       1
  404     414       1
  404     433       1
  404     519       1
  404     582       1
  404     662       1
  405     585       1
  406     679       1
  407     647       1
  408     639       1
  408     698       1
  409     534       1
  410     643       1
  413     551       1
  415     420       1
  416     430       1
  417     540       1
  418     513       1
  420     640       1
  420     647       1
  422     484       1
  422     587       1
  424     560       1
  425     500       1
  425     512       1
  427     466       1
  429     458       1
  430     568       1
  431     637       1
  434     592       1
  435     460       1
  436     515       1
  437     526       1
  437     551       1
  440     458       1
  441     695       1
  443     507       1
  446     634       1
  447     507       1
  448     517       1
  451     452       1
  451     615       1
  452     497       1
  452     594       1
  456     560       1
  458     495       1
  458     675       1
  459     663       1
  461     577       1
  463     511       1
  463     596       1
  465     513       1
  469     511       1
  471     569       1
  471     661       1
  473     613       1
  474     661       1
  475     600       1
  478     549       1
  479     493       1
  480     524       1
  480     578       1
  480     630       1
  487     492       1
  489     504       1
  489     578       1
  489     618       1
  493     584       1
  496     535       1
  496     614       1
  498     517       1
  498     654       1
  498     692       1
  500     545       1
  500     588       1
  500     622       1
  501     526       1
  502     510       1
  503     525       1
  503     684       1
  505     530       1
  506     530       1
  507     560       1
  510     563       1
  514     652       1
  515     522       1
  517     668       1
  518     665       1
  520     629       1
  523     557       1
  523     584       1
  524     601       1
  526     615       1
  526     700       1
  527     612       1
  530     556       1
  530     584       1
  530     593       1
  531     625       1
  532     661       1
  532     677       1
  535     636       1
  535     659       1
  537     576       1
  538     683       1
  540     577       1
  540     647       1
  545     648       1
  546     670       1
  548     680       1
  559     666       1
  562     647       1
  568     688       1
  575     611       1
  576     611       1
  576     627       1
  578     605       1
  578     632       1
  578     693       1
  581     645       1
  582     656       1
  583     655       1
  586     651       1
  590     641       1
  591     610       1
  593     658       1
  594     602       1
  599     617       1
  604     612       1
  608     692       1
  613     676       1
  614     632       1
  614     642       1
  616     644       1
  619     672       1
  621     660       1
  622     644       1
  624     644       1
  624     653       1
  624     685       1
  625     632       1
  628     632       1
  631     655       1
  631     692       1
  632     669       1
  633     653       1
  641     689       1
  657     688       1
  659     683       1
  659     685       1
  664     681       1
  665     666       1
  670     693       1
  675     693       1
  679     693       1
  686     688       1
  696     698       1
