  300     380
    1      71       1
    1     278       1
    2     261       1
    2     278       1
    3      46       1
    3     174       1
    4      50       1
    4      91       1
    4     242       1
    5      99       1
    6     214       1
    7      42       1
    8     261       1
    8     294       1
    9     213       1
   10      53       1
   10     194       1
   10     200       1
   10     278       1
   10     294       1
   11      42       1
   11      63       1
   12      16       1
   12      43       1
   12      85       1
   12     105       1
   12     202       1
   12     274       1
   13      18       1
   13     184       1
   14      96       1
   14     279       1
   14     283       1
   15     228       1
   15     248       1
   15     272       1
   15     299       1
   16      45       1
   16      95       1
   16     174       1
   16     243       1
   17      46       1
   17     217       1
   18      26       1
   19     237       1
   20      78       1
   20     124       1
   20     137       1
   20     171       1
   20     209       1
   21     182       1
   21     274       1
   22      42       1
   22     103       1
   22     130       1
   23     107       1
   23     194       1
   24      31       1
   24     108       1
   24     122       1
   24     181       1
   25      86       1
   25     273       1
   26      34       1
   26      54       1
   26     112       1
   27      92       1
   27     203       1
   28      32       1
   28     276       1
   29     146       1
   30     271       1
   31      73       1
   32     278       1
   33      79       1
   33     149       1
   33     157       1
   33     187       1
   33     235       1
   33     268       1
   34     135       1
   35     297       1
   36      51       1
   37     275       1
   38      54       1
   38     239       1
   39      99       1
   39     110       1
   39     177       1
   39     214       1
   40     109       1
   40     141       1
   40     194       1
   40     296       1
   41     178       1
   41     207       1
   41     227       1
   42      74       1
   43     111       1
   43     280       1
   44     283       1
   45     116       1
   45     164       1
   45     289       1
   46     139       1
   46     189       1
   47     212       1
   48     210       1
   49      85       1
   51     123       1
   51     134       1
   52     218       1
   53      82       1
   54      74       1
   55     233       1
   56     113       1
   56     156       1
   56     291       1
   57     253       1
   58     207       1
   58     245       1
   59      83       1
   59      94       1
   59     164       1
   59     167       1
   60     198       1
   61     151       1
   61     201       1
   62      85       1
   62     283       1
   63      97       1
   63     100       1
   63     124       1
   63     184       1
   63     206       1
   63     253       1
   63     294       1
   64     159       1
   65     126       1
   66     274       1
   67     157       1
   67     283       1
   68     218       1
   69      89       1
   70     115       1
   70     129       1
   71      82       1
   71     144       1
   72     114       1
   73     158       1
   73     274       1
   74      78       1
   74     196       1
   75     215       1
   75     222       1
   75     232       1
   75     257       1
   76     155       1
   76     184       1
   76     198       1
   77     274       1
   78     188       1
   78     198       1
   78     255       1
   78     286       1
   80      85       1
   80     199       1
   80     201       1
   81     267       1
   81     295       1
   82     174       1
   82     222       1
   83     119       1
   83     229       1
   84     107       1
   84     236       1
   85     120       1
   85     139       1
   85     231       1
   86     147       1
   86     226       1
   87     191       1
   87     287       1
   88     100       1
   88     106       1
   89     167       1
   89     225       1
   89     241       1
   90     130       1
   91     162       1
   91     166       1
   91     203       1
   91     218       1
   91     279       1
   91     294       1
   92     164       1
   93     258       1
   94     154       1
   94     263       1
   95     232       1
   95     276       1
   96      98       1
   96     126       1
   98     272       1
  100     245       1
  100     288       1
  101     213       1
  102     189       1
  102     243       1
  104     210       1
  104     279       1
  105     122       1
  105     191       1
  105     203       1
  105     291       1
  106     177       1
  108     196       1
  108     267       1
  110     173       1
  110     300       1
  111     241       1
  111     274       1
  112     238       1
  112     282       1
  113     174       1
  114     202       1
  115     125       1
  115     273       1
  117     292       1
  118     142       1
  119     188       1
  120     166       1
  120     239       1
  121     124       1
  121     195       1
  121     218       1
  122     242       1
  122     289       1
  123     150       1
  123     164       1
  123     228       1
  123     271       1
  123     275       1
  124     165       1
  126     144       1
  126     176       1
  127     283       1
  128     160       1
  128     191       1
  129     177       1
  131     273       1
  132     237       1
  133     219       1
  133     231       1
  135     174       1
  135     185       1
  135     237       1
  136     262       1
  138     140       1
  138     190       1
  140     177       1
  140     192       1
  140     274       1
  140     292       1
  141     203       1
  142     211       1
  142     249       1
  143     145       1
  143     201       1
  143     299       1
  144     210       1
  145     203       1
  145     277       1
  146     175       1
  146     205       1
  146     236       1
  147     158       1
  147     223       1
  148     250       1
  149     219       1
  150     152       1
  151     217       1
  153     240       1
  156     159       1
  157     294       1
  159     167       1
  161     168       1
  161     177       1
  161     264       1
  163     180       1
  163     254       1
  163     275       1
  164     207       1
  164     208       1
  164     234       1
  164     262       1
  164     294       1
  165     229       1
  166     183       1
  166     251       1
  167     246       1
  167     247       1
  169     174       1
  169     186       1
  169     219       1
  169     295       1
  170     270       1
  170     300       1
  171     292       1
  172     199       1
  174     190       1
  174     222       1
  174     239       1
  174     261       1
  174     288       1
  175     194       1
  175     212       1
  176     233       1
  177     275       1
  178     244       1
  179     231       1
  179     271       1
  181     248       1
  184     196       1
  184     198       1
  186     244       1
  187     233       1
  190     234       1
  191     199       1
  191     269       1
  193     266       1
  194     259       1
  196     217       1
  197     235       1
  200     238       1
  200     258       1
  201     216       1
  201     294       1
  203     215       1
  203     240       1
  204     293       1
  206     278       1
  208     260       1
  211     213       1
  211     283       1
  215     218       1
  218     221       1
  220     256       1
  221     223       1
  224     253       1
  224     257       1
  229     257       1
  230     258       1
  230     274       1
  231     247       1
  233     253       1
  235     270       1
  236     256       1
  237     298       1
  238     272       1
  240     266       1
  241     284       1
  243     280       1
  245     259       1
  246     297       1
  250     275       1
  251     269       1
  252     272       1
  253     285       1
  253     293       1
  256     283       1
  256     294       1
  257     293       1
  260     292       1
  261     281       1
  263     270       1
  265     274       1
  273     294       1
  289     300       1
  290     293       1
