  200     266
    1      82       1
    2      18       1
    2      46       1
    2      60       1
    2     171       1
    3      16       1
    4      17       1
    4     106       1
    4     157       1
    4     158       1
    5     171       1
    6      12       1
    6      23       1
    6      39       1
    6     102       1
    6     127       1
    6     133       1
    6     148       1
    6     152       1
    7     167       1
    7     195       1
    8      79       1
    8     113       1
    8     142       1
    8     169       1
    9     148       1
    9     150       1
    9     159       1
   10      73       1
   11      12       1
   11     134       1
   11     136       1
   11     142       1
   12      32       1
   12      64       1
   12      98       1
   12     116       1
   12     159       1
   12     200       1
   13      31       1
   13     142       1
   14     186       1
   15     126       1
   15     183       1
   15     193       1
   16     153       1
   16     177       1
   16     186       1
   16     195       1
   17      91       1
   17     149       1
   18      93       1
   18      99       1
   18     152       1
   18     159       1
   18     191       1
   18     198       1
   19      59       1
   19     100       1
   20      36       1
   20      77       1
   20      94       1
   21      82       1
   22      47       1
   22      67       1
   22      96       1
   22     127       1
   22     176       1
   23      87       1
   23     156       1
   24      30       1
   24     141       1
   24     176       1
   24     183       1
   24     185       1
   24     188       1
   25      59       1
   25      71       1
   25      74       1
   25      95       1
   25     178       1
   26      36       1
   26     127       1
   26     151       1
   26     162       1
   27      31       1
   27     165       1
   28      90       1
   28     135       1
   29      30       1
   29     114       1
   30      76       1
   31     121       1
   31     176       1
   31     189       1
   31     196       1
   32      63       1
   33     100       1
   34     119       1
   34     124       1
   35      98       1
   35     175       1
   36     145       1
   37      50       1
   37      79       1
   37     150       1
   38      43       1
   38      73       1
   38     167       1
   40      90       1
   40      97       1
   40     193       1
   41     125       1
   41     147       1
   41     172       1
   41     180       1
   42      63       1
   42     155       1
   42     186       1
   43      50       1
   43      88       1
   44     108       1
   44     154       1
   44     171       1
   45      53       1
   45     172       1
   46     102       1
   47      70       1
   48     174       1
   48     176       1
   48     179       1
   49      59       1
   49      83       1
   49     116       1
   49     182       1
   50     172       1
   50     176       1
   51      97       1
   52      77       1
   53      99       1
   54      90       1
   54     102       1
   55      73       1
   56     154       1
   56     157       1
   56     183       1
   57      73       1
   57     125       1
   58     155       1
   58     179       1
   60     133       1
   60     163       1
   61     148       1
   62     126       1
   62     190       1
   64      82       1
   64      88       1
   64     152       1
   64     155       1
   64     168       1
   65     180       1
   66     110       1
   66     115       1
   66     131       1
   66     152       1
   67     109       1
   67     167       1
   68      74       1
   69      92       1
   69     115       1
   69     196       1
   70     158       1
   71      85       1
   72     154       1
   73     161       1
   74     127       1
   75     199       1
   77     154       1
   77     156       1
   78      90       1
   78     101       1
   78     107       1
   78     172       1
   78     174       1
   80     123       1
   80     140       1
   80     165       1
   81     199       1
   83     100       1
   83     117       1
   83     172       1
   84     115       1
   84     136       1
   84     171       1
   86     166       1
   86     176       1
   87     120       1
   89      96       1
   89     148       1
   90     147       1
   91     102       1
   91     108       1
   92     149       1
   94     103       1
   96     169       1
   96     199       1
   97     144       1
   98     143       1
  102     123       1
  103     171       1
  104     128       1
  104     172       1
  105     182       1
  106     177       1
  107     139       1
  109     112       1
  109     188       1
  109     191       1
  110     177       1
  111     148       1
  113     149       1
  113     192       1
  114     159       1
  115     120       1
  118     183       1
  119     146       1
  120     187       1
  121     123       1
  122     134       1
  122     199       1
  123     187       1
  124     153       1
  124     179       1
  124     200       1
  125     131       1
  125     173       1
  126     159       1
  126     163       1
  127     149       1
  127     150       1
  127     166       1
  129     159       1
  130     161       1
  130     166       1
  132     161       1
  133     139       1
  135     190       1
  136     164       1
  137     138       1
  138     142       1
  139     169       1
  139     180       1
  140     197       1
  146     150       1
  146     166       1
  148     164       1
  149     190       1
  157     173       1
  158     190       1
  160     186       1
  161     181       1
  169     184       1
  170     192       1
  171     176       1
  176     200       1
  187     194       1
