  100     144
    1      11       1
    1      73       1
    1      89       1
    2       5       1
    2      23       1
    2      24       1
    2      26       1
    2      41       1
    2      44       1
    2      69       1
    3      30       1
    3      34       1
    3      66       1
    3      96       1
    4      70       1
    4      74       1
    4      94       1
    5      26       1
    6      34       1
    7      26       1
    7      28       1
    7      51       1
    8      17       1
    8      35       1
    9      94       1
    9      99       1
   10      36       1
   10      97       1
   11      55       1
   12      42       1
   12      74       1
   12      79       1
   13      15       1
   13      71       1
   14      50       1
   14      96       1
   15      58       1
   15      66       1
   15      67       1
   15      88       1
   15      99       1
   16      24       1
   16      59       1
   17      23       1
   17      46       1
   17      79       1
   18      26       1
   18      52       1
   18      61       1
   18      94       1
   19      22       1
   19      74       1
   19      87       1
   20      62       1
   20      91       1
   21      42       1
   21      83       1
   21      99       1
   22      23       1
   22      32       1
   22      93       1
   22      98       1
   23      74       1
   24      41       1
   25      36       1
   25      69       1
   25      72       1
   26      27       1
   26      34       1
   26      45       1
   26      83       1
   27      48       1
   27      68       1
   28      37       1
   28      99       1
   29      44       1
   29      59       1
   29      75       1
   31      74       1
   31      96       1
   32      43       1
   33      81       1
   33      92       1
   34      79       1
   34      91       1
   34     100       1
   35      37       1
   35      82       1
   35      94       1
   36      37       1
   37      48       1
   37      49       1
   38      53       1
   39      48       1
   40      52       1
   40      69       1
   41      51       1
   42      70       1
   42      77       1
   43      91       1
   44      71       1
   46      83       1
   46      95       1
   47      61       1
   47      63       1
   49      53       1
   49      98       1
   50      63       1
   50      69       1
   50      80       1
   52      60       1
   52      73       1
   53      99       1
   54      55       1
   55      79       1
   55      80       1
   55      86       1
   55      89       1
   56      64       1
   57      79       1
   57      90       1
   58      82       1
   59      92       1
   60      83       1
   64      86       1
   65      89       1
   67      97       1
   68      81       1
   69      75       1
   69      77       1
   69      88       1
   70      79       1
   70      96       1
   74      76       1
   74      81       1
   74      87       1
   78      89       1
   79      84       1
   83      88       1
   85      94       1
   86     100       1
   87      94       1
   87      98       1
   97      99       1
