  300     380
    1     129       1
    1     278       1
    1     289       1
    2      37       1
    2     156       1
    2     285       1
    3      94       1
    4     218       1
    4     275       1
    5      69       1
    5     157       1
    5     221       1
    6      90       1
    6     108       1
    7     240       1
    7     280       1
    7     284       1
    8     149       1
    8     288       1
    9     172       1
    9     182       1
    9     191       1
   10     198       1
   10     255       1
   11     104       1
   11     125       1
   12     128       1
   12     232       1
   12     241       1
   13      21       1
   13     213       1
   13     231       1
   14     141       1
   14     234       1
   14     274       1
   15     117       1
   16     185       1
   17     145       1
   17     195       1
   17     225       1
   18      30       1
   18     299       1
   19     152       1
   20      61       1
   20      71       1
   20     229       1
   21      91       1
   21     259       1
   22     223       1
   22     293       1
   23      55       1
   23      98       1
   23     169       1
   23     179       1
   24     176       1
   25      52       1
   25      96       1
   25     193       1
   26      47       1
   26     118       1
   27      38       1
   27      96       1
   27     111       1
   27     206       1
   28     152       1
   28     271       1
   29     187       1
   30     127       1
   30     274       1
   31     124       1
   31     139       1
   31     163       1
   31     228       1
   31     239       1
   31     266       1
   32     140       1
   32     205       1
   32     248       1
   33      37       1
   33      68       1
   34      94       1
   35     146       1
   36      48       1
   36     156       1
   36     218       1
   36     223       1
   37      42       1
   37      45       1
   37     101       1
   37     102       1
   38      83       1
   39     126       1
   39     154       1
   39     273       1
   39     280       1
   40     171       1
   40     219       1
   41     134       1
   41     211       1
   41     213       1
   43     113       1
   43     296       1
   44     213       1
   45     219       1
   45     244       1
   46     101       1
   47      53       1
   47     143       1
   47     239       1
   48     300       1
   49     174       1
   50     136       1
   50     214       1
   51     294       1
   52     102       1
   53     119       1
   53     160       1
   53     242       1
   54     207       1
   55      94       1
   55      95       1
   55     207       1
   56     199       1
   56     201       1
   57      94       1
   57     257       1
   58     237       1
   59      80       1
   59     173       1
   59     279       1
   60      71       1
   61      64       1
   62     255       1
   62     285       1
   63     196       1
   64      69       1
   64     128       1
   64     296       1
   65     259       1
   66     183       1
   67     221       1
   68     135       1
   68     268       1
   68     282       1
   69      98       1
   70     248       1
   71     155       1
   71     279       1
   71     280       1
   72     123       1
   73     140       1
   74     120       1
   74     212       1
   74     251       1
   75      96       1
   75     239       1
   75     261       1
   75     271       1
   76      87       1
   76     126       1
   76     160       1
   76     202       1
   76     239       1
   77     116       1
   77     225       1
   78     243       1
   79      93       1
   79     125       1
   79     196       1
   80     151       1
   80     192       1
   80     287       1
   81     171       1
   82     149       1
   82     201       1
   84      88       1
   85     192       1
   85     202       1
   86     267       1
   87     219       1
   87     253       1
   87     266       1
   88     276       1
   89     100       1
   90     146       1
   91     193       1
   91     269       1
   92     237       1
   93     115       1
   93     162       1
   93     280       1
   93     296       1
   93     299       1
   94     271       1
   95     227       1
   96     205       1
   97     144       1
   97     279       1
   98     251       1
   98     258       1
   99     129       1
  100     146       1
  100     214       1
  100     285       1
  102     149       1
  102     298       1
  103     214       1
  103     233       1
  105     122       1
  105     248       1
  106     213       1
  106     252       1
  106     282       1
  107     263       1
  108     150       1
  108     185       1
  108     280       1
  109     145       1
  109     244       1
  110     163       1
  110     198       1
  110     204       1
  111     126       1
  111     133       1
  111     151       1
  112     161       1
  112     176       1
  112     200       1
  112     299       1
  113     265       1
  114     189       1
  117     194       1
  117     286       1
  117     292       1
  117     295       1
  119     225       1
  119     231       1
  119     233       1
  120     263       1
  121     164       1
  121     267       1
  122     291       1
  123     244       1
  123     265       1
  125     294       1
  126     195       1
  126     235       1
  129     148       1
  129     205       1
  129     263       1
  129     284       1
  129     289       1
  129     296       1
  130     219       1
  131     147       1
  131     165       1
  132     281       1
  133     165       1
  136     228       1
  136     249       1
  137     226       1
  138     272       1
  138     280       1
  139     154       1
  139     158       1
  139     225       1
  140     197       1
  140     222       1
  140     280       1
  140     292       1
  141     147       1
  141     184       1
  141     198       1
  141     262       1
  141     271       1
  142     183       1
  142     239       1
  143     258       1
  144     260       1
  145     220       1
  145     221       1
  146     167       1
  146     223       1
  146     226       1
  146     281       1
  147     198       1
  147     280       1
  148     226       1
  149     273       1
  151     254       1
  153     297       1
  155     289       1
  157     244       1
  157     288       1
  157     299       1
  159     212       1
  159     271       1
  159     299       1
  161     217       1
  162     189       1
  162     216       1
  165     230       1
  165     297       1
  166     187       1
  168     174       1
  170     198       1
  171     259       1
  174     292       1
  175     177       1
  175     237       1
  176     212       1
  177     198       1
  177     225       1
  178     185       1
  178     232       1
  180     209       1
  180     293       1
  181     196       1
  181     282       1
  182     232       1
  184     229       1
  185     246       1
  185     299       1
  186     198       1
  187     264       1
  187     299       1
  188     194       1
  189     265       1
  190     222       1
  190     238       1
  190     245       1
  191     194       1
  191     285       1
  192     278       1
  193     246       1
  198     237       1
  201     223       1
  203     229       1
  203     279       1
  204     256       1
  205     253       1
  207     215       1
  208     262       1
  210     247       1
  210     295       1
  211     218       1
  211     229       1
  213     224       1
  213     231       1
  213     292       1
  214     250       1
  214     256       1
  214     273       1
  219     275       1
  223     273       1
  226     229       1
  228     291       1
  231     270       1
  233     297       1
  234     275       1
  234     283       1
  236     254       1
  236     272       1
  236     279       1
  238     250       1
  239     262       1
  240     284       1
  243     279       1
  246     259       1
  249     286       1
  250     277       1
  254     276       1
  259     297       1
  263     282       1
  263     293       1
  267     271       1
  271     276       1
  271     279       1
  271     297       1
  285     290       1
