  100     144
    1      35       1
    1      71       1
    1      79       1
    2      23       1
    2      39       1
    2      67       1
    2      94       1
    2      98       1
    3      34       1
    3      81       1
    3      83       1
    4      28       1
    4      78       1
    4      97       1
    5      11       1
    5      25       1
    5      81       1
    6      58       1
    7      34       1
    7      53       1
    7      54       1
    7     100       1
    8      28       1
    9      17       1
    9      31       1
    9      84       1
   10      26       1
   10      85       1
   11      33       1
   12      22       1
   12      68       1
   12      87       1
   13      36       1
   13      48       1
   13      87       1
   14      44       1
   14      50       1
   14      82       1
   15      65       1
   15      77       1
   16      32       1
   17      21       1
   17      50       1
   17      75       1
   17      80       1
   17      94       1
   18      54       1
   18      94       1
   19      29       1
   19      45       1
   19      46       1
   19      59       1
   20      43       1
   20      90       1
   20      91       1
   21      23       1
   21      31       1
   21      43       1
   21      76       1
   21      97       1
   22      84       1
   22      85       1
   23      31       1
   24      55       1
   25      51       1
   25      65       1
   25      73       1
   26      28       1
   26      48       1
   26      62       1
   27      98       1
   28      30       1
   28      47       1
   28      66       1
   28      80       1
   28      86       1
   29      83       1
   31      92       1
   32      88       1
   32      94       1
   33      38       1
   33      98       1
   34      36       1
   34      59       1
   35      37       1
   35      60       1
   35      75       1
   37      39       1
   37      61       1
   37     100       1
   38      81       1
   40      75       1
   41      49       1
   41      61       1
   41      99       1
   42      62       1
   42      89       1
   43      64       1
   43      84       1
   44      75       1
   44      87       1
   45      49       1
   45      79       1
   45      80       1
   46      73       1
   48      51       1
   48      75       1
   50      89       1
   51      62       1
   51      89       1
   52      72       1
   52      73       1
   52      90       1
   52      95       1
   55      65       1
   55      71       1
   56      68       1
   57      75       1
   58      63       1
   58      75       1
   59      76       1
   61      62       1
   63      69       1
   64      72       1
   64      76       1
   64      78       1
   64      93       1
   65      77       1
   66      83       1
   68      73       1
   70      72       1
   70      99       1
   72      74       1
   72      91       1
   73      91       1
   75      81       1
   75      96       1
   81      98       1
   82      84       1
   82      86       1
   83     100       1
   84      86       1
   86      90       1
   88      94       1
