  400     489
    1     120       1
    1     314       1
    2     319       1
    2     344       1
    3       6       1
    3     387       1
    4     315       1
    5     182       1
    5     376       1
    6      60       1
    7     240       1
    7     349       1
    8     337       1
    9      94       1
    9     252       1
    9     388       1
   10     119       1
   11     181       1
   12     363       1
   13     259       1
   13     325       1
   14     162       1
   14     191       1
   15     140       1
   15     198       1
   15     223       1
   16      44       1
   16     101       1
   16     134       1
   16     150       1
   16     162       1
   16     187       1
   16     254       1
   16     312       1
   17      82       1
   17      95       1
   18     139       1
   18     142       1
   18     290       1
   18     333       1
   19      76       1
   19     108       1
   20      75       1
   20     142       1
   20     275       1
   20     284       1
   21      61       1
   21     175       1
   21     208       1
   22     140       1
   22     184       1
   22     203       1
   22     245       1
   22     386       1
   22     393       1
   23      92       1
   23     165       1
   24     139       1
   25     116       1
   26      54       1
   27     213       1
   27     220       1
   28     293       1
   29     219       1
   30      94       1
   30     220       1
   31      61       1
   31      63       1
   31     256       1
   31     327       1
   32     232       1
   33     119       1
   34     105       1
   35     328       1
   35     367       1
   36     270       1
   36     327       1
   37      49       1
   37      65       1
   37     268       1
   37     291       1
   38     167       1
   38     335       1
   39     150       1
   40      95       1
   41     224       1
   42     146       1
   43     278       1
   43     336       1
   44      87       1
   44     200       1
   45     366       1
   46      82       1
   46     180       1
   46     296       1
   47      66       1
   47      97       1
   47     281       1
   48     182       1
   48     249       1
   49     228       1
   49     348       1
   50     272       1
   50     365       1
   51      53       1
   51     190       1
   51     228       1
   51     254       1
   51     272       1
   51     344       1
   51     392       1
   52     351       1
   53      85       1
   53     235       1
   53     364       1
   54     131       1
   55      79       1
   56      76       1
   56     319       1
   56     379       1
   57      62       1
   57     109       1
   57     321       1
   58      64       1
   58      65       1
   58     143       1
   58     354       1
   58     392       1
   59     122       1
   60     208       1
   61     129       1
   61     196       1
   62      66       1
   62     254       1
   62     264       1
   62     304       1
   62     331       1
   62     400       1
   63     278       1
   64     122       1
   64     225       1
   64     226       1
   66     325       1
   67      71       1
   68      81       1
   68      89       1
   68     312       1
   69      71       1
   69     143       1
   69     337       1
   70     119       1
   70     322       1
   72     191       1
   73      87       1
   74     372       1
   75      95       1
   75     255       1
   75     357       1
   76     126       1
   76     165       1
   76     192       1
   76     200       1
   76     276       1
   76     302       1
   77     362       1
   78     185       1
   78     237       1
   78     344       1
   79     241       1
   79     249       1
   80     253       1
   80     268       1
   81     253       1
   82     145       1
   83     147       1
   83     241       1
   84     135       1
   84     156       1
   86     112       1
   86     173       1
   86     257       1
   87     131       1
   87     155       1
   87     160       1
   87     242       1
   88     106       1
   88     235       1
   88     355       1
   89     361       1
   90     178       1
   90     219       1
   90     249       1
   90     296       1
   91     106       1
   91     298       1
   92     289       1
   93     132       1
   93     174       1
   94     201       1
   94     310       1
   95     311       1
   95     383       1
   96     268       1
   97     176       1
   98     352       1
   99     153       1
  100     171       1
  100     286       1
  101     363       1
  102     258       1
  102     390       1
  103     235       1
  103     287       1
  104     208       1
  105     155       1
  106     400       1
  107     280       1
  108     351       1
  110     148       1
  110     335       1
  110     396       1
  111     272       1
  111     311       1
  112     169       1
  113     198       1
  113     262       1
  114     158       1
  114     307       1
  114     330       1
  115     188       1
  115     230       1
  115     240       1
  115     290       1
  116     338       1
  116     344       1
  117     145       1
  117     175       1
  117     254       1
  118     307       1
  119     128       1
  119     233       1
  119     254       1
  119     324       1
  120     222       1
  120     239       1
  120     334       1
  120     344       1
  121     126       1
  121     159       1
  122     189       1
  122     316       1
  122     321       1
  122     332       1
  122     380       1
  123     275       1
  124     262       1
  125     239       1
  125     376       1
  125     393       1
  126     146       1
  126     264       1
  126     368       1
  127     209       1
  128     396       1
  129     301       1
  130     257       1
  131     265       1
  132     332       1
  133     384       1
  134     192       1
  134     297       1
  136     236       1
  136     398       1
  137     205       1
  137     229       1
  138     277       1
  138     304       1
  139     152       1
  139     310       1
  139     360       1
  139     381       1
  139     395       1
  140     254       1
  140     337       1
  140     339       1
  140     368       1
  141     311       1
  141     347       1
  142     305       1
  144     241       1
  144     341       1
  144     394       1
  145     216       1
  145     219       1
  145     234       1
  145     259       1
  146     210       1
  147     203       1
  147     257       1
  147     276       1
  147     290       1
  148     172       1
  148     263       1
  148     294       1
  148     343       1
  149     337       1
  150     366       1
  150     375       1
  151     243       1
  151     276       1
  151     314       1
  152     179       1
  152     337       1
  153     259       1
  154     244       1
  155     253       1
  155     270       1
  155     278       1
  155     295       1
  155     330       1
  156     369       1
  157     350       1
  158     204       1
  158     356       1
  159     379       1
  161     187       1
  161     240       1
  162     179       1
  162     211       1
  162     214       1
  162     333       1
  163     191       1
  164     188       1
  164     261       1
  164     320       1
  165     390       1
  166     328       1
  167     265       1
  168     229       1
  168     376       1
  170     304       1
  171     395       1
  173     217       1
  174     181       1
  174     238       1
  174     334       1
  177     278       1
  177     295       1
  177     350       1
  178     315       1
  181     362       1
  181     399       1
  183     215       1
  183     228       1
  186     274       1
  186     358       1
  187     277       1
  189     272       1
  191     241       1
  191     322       1
  191     393       1
  193     220       1
  194     208       1
  194     358       1
  194     364       1
  195     286       1
  196     268       1
  196     294       1
  196     369       1
  197     267       1
  199     328       1
  200     288       1
  202     320       1
  203     304       1
  203     362       1
  203     373       1
  206     344       1
  207     257       1
  208     251       1
  208     387       1
  209     279       1
  209     345       1
  210     217       1
  210     249       1
  211     230       1
  212     293       1
  212     303       1
  213     292       1
  213     357       1
  214     223       1
  216     219       1
  216     385       1
  218     345       1
  219     248       1
  219     260       1
  220     254       1
  221     241       1
  222     253       1
  224     254       1
  224     308       1
  226     287       1
  227     230       1
  227     363       1
  228     232       1
  228     340       1
  228     372       1
  228     377       1
  229     337       1
  231     288       1
  236     317       1
  236     365       1
  238     396       1
  239     369       1
  241     285       1
  242     269       1
  243     258       1
  244     346       1
  246     256       1
  247     337       1
  250     393       1
  252     390       1
  253     318       1
  253     333       1
  257     374       1
  258     262       1
  258     342       1
  259     320       1
  262     321       1
  263     274       1
  263     336       1
  266     352       1
  267     280       1
  268     271       1
  271     273       1
  275     299       1
  275     328       1
  277     313       1
  278     338       1
  279     282       1
  280     335       1
  283     357       1
  283     374       1
  284     326       1
  284     400       1
  285     303       1
  286     328       1
  289     395       1
  292     327       1
  293     328       1
  294     392       1
  296     345       1
  296     352       1
  296     387       1
  296     388       1
  296     400       1
  297     343       1
  297     377       1
  300     366       1
  302     350       1
  306     331       1
  306     352       1
  309     312       1
  311     351       1
  311     368       1
  311     384       1
  313     330       1
  315     387       1
  315     392       1
  317     344       1
  323     364       1
  327     397       1
  328     400       1
  329     342       1
  330     400       1
  344     369       1
  346     369       1
  346     391       1
  346     400       1
  353     368       1
  353     382       1
  356     359       1
  363     378       1
  363     386       1
  366     370       1
  369     386       1
  369     391       1
  371     385       1
  377     389       1
  388     393       1
