  300     380
    1     147       1
    1     182       1
    1     236       1
    1     288       1
    1     300       1
    2      27       1
    2     102       1
    2     149       1
    3     190       1
    4     271       1
    5      70       1
    5     295       1
    6     277       1
    7     221       1
    7     260       1
    8      61       1
    8     141       1
    8     291       1
    9     274       1
   10     131       1
   11     164       1
   11     196       1
   12     210       1
   12     219       1
   13     117       1
   14      64       1
   15     106       1
   15     239       1
   16     101       1
   16     131       1
   16     204       1
   16     263       1
   17      68       1
   17     157       1
   17     238       1
   17     273       1
   17     290       1
   18     162       1
   19      32       1
   19     281       1
   20      31       1
   20      95       1
   20     104       1
   20     148       1
   21      37       1
   21      56       1
   21     206       1
   22      55       1
   22     108       1
   22     130       1
   22     160       1
   23     253       1
   23     285       1
   24     180       1
   24     285       1
   25     234       1
   26      65       1
   26      76       1
   26     126       1
   26     277       1
   27     177       1
   27     208       1
   28      61       1
   28     132       1
   28     230       1
   29     102       1
   29     116       1
   29     122       1
   30     215       1
   30     269       1
   31      37       1
   31     211       1
   32     207       1
   32     297       1
   33     194       1
   34     114       1
   34     150       1
   34     200       1
   34     242       1
   35     203       1
   35     212       1
   35     266       1
   35     269       1
   36      69       1
   36     158       1
   37      58       1
   37     110       1
   38     158       1
   38     236       1
   38     291       1
   39     261       1
   39     289       1
   40     277       1
   41     206       1
   41     210       1
   41     285       1
   42     266       1
   43     237       1
   44     106       1
   44     136       1
   44     183       1
   44     222       1
   45     129       1
   45     137       1
   46     238       1
   47     124       1
   47     165       1
   48     227       1
   48     241       1
   48     296       1
   49     135       1
   50     157       1
   50     251       1
   50     277       1
   51     121       1
   52     106       1
   52     166       1
   52     168       1
   53      98       1
   54      77       1
   54     144       1
   54     186       1
   54     215       1
   54     218       1
   55     112       1
   55     174       1
   55     226       1
   56     153       1
   56     222       1
   56     264       1
   56     289       1
   56     297       1
   57     161       1
   58      91       1
   58      94       1
   59     219       1
   59     224       1
   59     277       1
   60     185       1
   61      62       1
   61     103       1
   61     190       1
   61     209       1
   63     265       1
   64     139       1
   64     266       1
   65     170       1
   65     207       1
   66     126       1
   66     233       1
   66     280       1
   67     210       1
   68     104       1
   68     229       1
   69     137       1
   69     274       1
   69     275       1
   69     294       1
   69     300       1
   71      89       1
   71     194       1
   72     113       1
   72     146       1
   73      98       1
   73     196       1
   74      97       1
   74     166       1
   75      76       1
   75      88       1
   76     107       1
   76     290       1
   77     172       1
   78     269       1
   78     296       1
   79      84       1
   79     202       1
   79     286       1
   80     167       1
   80     232       1
   81     244       1
   82     206       1
   82     223       1
   83     141       1
   84     211       1
   85     166       1
   85     190       1
   86     124       1
   86     161       1
   87     123       1
   87     221       1
   88     164       1
   88     247       1
   90     133       1
   90     289       1
   91     294       1
   92     141       1
   93     170       1
   93     242       1
   94     244       1
   94     262       1
   96     199       1
   97     115       1
   98     290       1
   99     197       1
   99     258       1
  100     123       1
  100     266       1
  103     211       1
  103     242       1
  104     119       1
  104     162       1
  104     201       1
  104     266       1
  104     284       1
  104     300       1
  105     172       1
  106     121       1
  106     188       1
  107     178       1
  108     126       1
  108     209       1
  108     228       1
  108     289       1
  109     189       1
  109     300       1
  110     249       1
  111     179       1
  111     281       1
  113     118       1
  113     210       1
  114     136       1
  116     296       1
  117     288       1
  118     122       1
  119     136       1
  119     265       1
  120     290       1
  122     129       1
  122     145       1
  122     199       1
  122     242       1
  123     126       1
  123     134       1
  123     235       1
  124     254       1
  125     217       1
  125     221       1
  126     255       1
  126     276       1
  127     152       1
  127     243       1
  128     229       1
  129     201       1
  129     216       1
  131     227       1
  132     169       1
  132     172       1
  132     180       1
  132     186       1
  134     171       1
  134     193       1
  134     295       1
  135     196       1
  137     235       1
  137     275       1
  138     208       1
  139     188       1
  139     253       1
  139     257       1
  140     141       1
  140     143       1
  140     189       1
  140     268       1
  142     152       1
  144     299       1
  146     241       1
  146     249       1
  148     192       1
  148     226       1
  148     300       1
  150     216       1
  151     183       1
  153     194       1
  154     242       1
  155     271       1
  156     209       1
  156     249       1
  158     265       1
  159     194       1
  161     222       1
  163     164       1
  163     193       1
  165     208       1
  167     292       1
  168     289       1
  168     300       1
  170     247       1
  171     261       1
  172     195       1
  172     283       1
  173     275       1
  174     190       1
  175     209       1
  176     252       1
  177     230       1
  178     182       1
  178     191       1
  179     250       1
  181     236       1
  183     210       1
  183     225       1
  183     237       1
  183     240       1
  183     242       1
  183     282       1
  184     261       1
  185     201       1
  185     256       1
  186     205       1
  186     206       1
  187     230       1
  187     293       1
  188     232       1
  190     234       1
  192     221       1
  195     263       1
  195     290       1
  196     203       1
  196     236       1
  197     275       1
  197     289       1
  198     261       1
  199     298       1
  200     223       1
  200     228       1
  208     281       1
  208     289       1
  209     252       1
  209     290       1
  213     300       1
  214     248       1
  214     262       1
  217     248       1
  217     263       1
  219     220       1
  219     241       1
  220     279       1
  222     267       1
  223     231       1
  224     286       1
  225     246       1
  225     272       1
  235     278       1
  235     284       1
  236     270       1
  237     273       1
  240     279       1
  240     281       1
  241     292       1
  243     265       1
  243     268       1
  245     288       1
  246     264       1
  249     250       1
  249     259       1
  252     272       1
  254     259       1
  257     280       1
  258     264       1
  260     271       1
  260     290       1
  261     289       1
  262     266       1
  263     293       1
  265     274       1
  266     287       1
  280     289       1
  280     298       1
  281     286       1
  289     296       1
