   50      85
    1      12       1
    1      27       1
    1      28       1
    1      43       1
    1      46       1
    1      48       1
    2       6       1
    2       8       1
    2      30       1
    2      47       1
    3       6       1
    3      47       1
    4      19       1
    4      29       1
    4      37       1
    5      25       1
    5      31       1
    5      40       1
    6      46       1
    7      17       1
    7      35       1
    8      32       1
    8      36       1
    9      17       1
    9      26       1
    9      38       1
    9      42       1
   10      27       1
   10      45       1
   11      40       1
   11      48       1
   12      16       1
   12      25       1
   12      48       1
   13      28       1
   13      36       1
   14      18       1
   14      22       1
   14      34       1
   15      27       1
   15      44       1
   15      49       1
   16      17       1
   16      19       1
   16      23       1
   16      39       1
   17      18       1
   18      20       1
   19      39       1
   20      22       1
   20      23       1
   20      25       1
   20      28       1
   21      29       1
   21      31       1
   21      35       1
   23      46       1
   24      26       1
   24      44       1
   25      28       1
   25      29       1
   25      40       1
   26      30       1
   26      45       1
   27      31       1
   27      39       1
   28      31       1
   28      42       1
   29      32       1
   29      35       1
   29      41       1
   30      31       1
   30      38       1
   30      40       1
   32      49       1
   33      34       1
   33      38       1
   35      36       1
   36      37       1
   36      50       1
   37      41       1
   37      43       1
   37      50       1
   38      42       1
   44      46       1
