  600     711
    1     137       1
    2     398       1
    2     554       1
    3     346       1
    4      33       1
    4     164       1
    5     424       1
    6       7       1
    6     276       1
    6     376       1
    7     274       1
    7     385       1
    8     204       1
    8     492       1
    9      29       1
   10     507       1
   11      26       1
   11     106       1
   11     366       1
   11     474       1
   12     294       1
   13      45       1
   13      51       1
   14     361       1
   14     438       1
   15      24       1
   15     185       1
   15     228       1
   15     321       1
   16     280       1
   16     343       1
   16     414       1
   17      61       1
   17     103       1
   17     330       1
   17     437       1
   18     125       1
   18     169       1
   18     496       1
   19     318       1
   19     349       1
   20     118       1
   20     169       1
   20     273       1
   20     495       1
   21     174       1
   22     345       1
   22     415       1
   22     470       1
   23     123       1
   23     192       1
   23     564       1
   24     200       1
   24     395       1
   25     498       1
   25     505       1
   26     351       1
   27     533       1
   28      35       1
   29     109       1
   29     423       1
   30     406       1
   30     514       1
   31     245       1
   32     414       1
   34     339       1
   34     444       1
   34     477       1
   35     345       1
   35     419       1
   35     514       1
   36     314       1
   36     385       1
   37     275       1
   38      51       1
   38     391       1
   39     259       1
   39     537       1
   40     383       1
   40     408       1
   41     134       1
   41     204       1
   41     289       1
   41     580       1
   42     296       1
   42     323       1
   43     306       1
   43     550       1
   43     596       1
   44     353       1
   45     326       1
   46     134       1
   46     246       1
   47     207       1
   47     304       1
   47     512       1
   47     533       1
   48     407       1
   48     483       1
   49     283       1
   50     300       1
   51     205       1
   51     251       1
   51     451       1
   51     555       1
   52     140       1
   53     464       1
   54     144       1
   54     293       1
   55     303       1
   56     175       1
   56     550       1
   56     595       1
   57     173       1
   57     327       1
   57     495       1
   57     596       1
   58      82       1
   58     151       1
   58     179       1
   58     420       1
   59     338       1
   60      98       1
   60     140       1
   61     202       1
   61     210       1
   61     244       1
   61     428       1
   62     169       1
   62     219       1
   63     171       1
   63     231       1
   63     350       1
   64     162       1
   64     195       1
   64     223       1
   64     361       1
   64     409       1
   64     472       1
   65     134       1
   65     201       1
   65     461       1
   66     307       1
   66     560       1
   67     150       1
   68     296       1
   69     206       1
   70     370       1
   71     182       1
   71     258       1
   71     389       1
   71     451       1
   72     172       1
   72     249       1
   73     376       1
   74     356       1
   75     173       1
   75     594       1
   76     150       1
   76     180       1
   76     307       1
   76     468       1
   76     490       1
   76     503       1
   76     517       1
   77     259       1
   77     480       1
   78     345       1
   79     144       1
   80     488       1
   81     430       1
   81     552       1
   82     312       1
   83     135       1
   83     592       1
   84     167       1
   84     515       1
   85     550       1
   86     123       1
   87     239       1
   87     251       1
   87     424       1
   88     192       1
   88     362       1
   89     450       1
   89     543       1
   90     464       1
   91     165       1
   91     302       1
   92     150       1
   92     206       1
   92     455       1
   93     235       1
   93     445       1
   94     444       1
   95     432       1
   96     525       1
   97     428       1
   97     532       1
   98     247       1
   98     342       1
   98     546       1
   99     505       1
  100     264       1
  100     594       1
  101     155       1
  101     199       1
  101     570       1
  102     582       1
  103     157       1
  103     495       1
  103     510       1
  104     304       1
  104     516       1
  105     165       1
  105     232       1
  105     242       1
  105     275       1
  105     307       1
  105     569       1
  106     556       1
  107     515       1
  108     168       1
  109     236       1
  109     359       1
  109     418       1
  110     129       1
  110     500       1
  111     138       1
  111     220       1
  111     246       1
  111     364       1
  111     452       1
  111     481       1
  112     267       1
  113     209       1
  113     474       1
  114     162       1
  115     186       1
  115     235       1
  115     292       1
  115     384       1
  116     166       1
  116     324       1
  117     215       1
  117     397       1
  118     291       1
  119     247       1
  120     174       1
  120     300       1
  121     278       1
  122     131       1
  124     310       1
  125     565       1
  126     567       1
  127     139       1
  127     142       1
  127     341       1
  127     515       1
  128     369       1
  128     496       1
  130     416       1
  130     454       1
  131     144       1
  131     447       1
  131     581       1
  132     202       1
  133     195       1
  134     313       1
  134     331       1
  135     323       1
  135     396       1
  135     510       1
  136     256       1
  136     359       1
  136     412       1
  137     256       1
  137     600       1
  138     464       1
  139     277       1
  140     145       1
  140     517       1
  141     386       1
  142     405       1
  143     313       1
  144     300       1
  146     535       1
  146     537       1
  147     300       1
  148     229       1
  149     372       1
  149     463       1
  150     215       1
  150     225       1
  150     332       1
  150     444       1
  150     463       1
  150     513       1
  151     462       1
  151     537       1
  152     263       1
  152     502       1
  153     274       1
  154     536       1
  155     344       1
  156     169       1
  156     194       1
  157     303       1
  157     361       1
  157     401       1
  158     177       1
  158     359       1
  159     443       1
  159     521       1
  160     313       1
  161     187       1
  161     394       1
  161     526       1
  162     267       1
  162     335       1
  162     456       1
  162     542       1
  162     545       1
  162     568       1
  163     267       1
  164     340       1
  164     515       1
  167     176       1
  167     385       1
  167     446       1
  167     578       1
  168     213       1
  169     499       1
  169     584       1
  170     185       1
  170     523       1
  172     253       1
  172     380       1
  172     530       1
  174     507       1
  174     511       1
  175     490       1
  176     493       1
  177     518       1
  178     330       1
  179     356       1
  179     599       1
  181     272       1
  181     278       1
  181     407       1
  183     196       1
  183     572       1
  184     491       1
  185     251       1
  185     426       1
  185     428       1
  188     224       1
  188     226       1
  189     465       1
  189     486       1
  190     344       1
  190     515       1
  191     338       1
  192     193       1
  192     317       1
  192     330       1
  192     528       1
  193     520       1
  195     217       1
  195     287       1
  195     433       1
  195     451       1
  195     454       1
  195     468       1
  195     476       1
  196     328       1
  197     338       1
  198     349       1
  198     478       1
  199     435       1
  201     532       1
  202     272       1
  202     397       1
  202     585       1
  203     329       1
  206     427       1
  206     592       1
  208     344       1
  210     390       1
  211     311       1
  212     373       1
  213     293       1
  213     600       1
  214     459       1
  215     325       1
  216     526       1
  216     536       1
  217     222       1
  217     243       1
  217     251       1
  217     285       1
  218     551       1
  219     560       1
  221     234       1
  221     307       1
  222     491       1
  223     308       1
  223     359       1
  223     373       1
  224     299       1
  224     433       1
  224     471       1
  224     491       1
  224     507       1
  225     346       1
  225     473       1
  227     309       1
  227     468       1
  229     450       1
  229     502       1
  230     243       1
  231     432       1
  231     518       1
  232     500       1
  233     359       1
  233     489       1
  234     320       1
  235     301       1
  235     354       1
  235     377       1
  236     321       1
  237     451       1
  237     484       1
  238     264       1
  238     428       1
  239     298       1
  239     446       1
  240     468       1
  240     525       1
  241     269       1
  241     551       1
  242     469       1
  242     591       1
  245     360       1
  245     517       1
  247     429       1
  247     469       1
  247     494       1
  247     563       1
  248     470       1
  249     346       1
  249     361       1
  249     549       1
  249     575       1
  250     439       1
  250     577       1
  251     260       1
  251     496       1
  251     521       1
  252     538       1
  254     571       1
  254     587       1
  255     345       1
  255     576       1
  257     364       1
  257     583       1
  258     398       1
  258     509       1
  259     422       1
  259     476       1
  260     367       1
  260     454       1
  261     568       1
  262     358       1
  262     557       1
  264     588       1
  264     594       1
  265     306       1
  265     317       1
  265     328       1
  266     569       1
  267     288       1
  267     315       1
  267     357       1
  268     403       1
  268     428       1
  269     430       1
  269     513       1
  270     432       1
  271     484       1
  271     560       1
  272     286       1
  272     292       1
  272     319       1
  272     382       1
  272     589       1
  273     377       1
  274     371       1
  274     460       1
  278     385       1
  278     393       1
  278     490       1
  278     540       1
  279     566       1
  281     337       1
  282     501       1
  283     377       1
  284     335       1
  285     337       1
  286     385       1
  287     356       1
  287     489       1
  289     492       1
  290     476       1
  291     374       1
  292     597       1
  294     482       1
  295     345       1
  295     358       1
  297     545       1
  298     365       1
  300     439       1
  300     451       1
  300     457       1
  300     482       1
  301     419       1
  302     453       1
  303     487       1
  304     378       1
  304     421       1
  304     562       1
  305     413       1
  306     336       1
  307     334       1
  307     345       1
  307     377       1
  307     406       1
  307     441       1
  307     442       1
  307     467       1
  310     342       1
  311     371       1
  311     414       1
  312     465       1
  314     501       1
  314     547       1
  315     316       1
  315     482       1
  316     373       1
  316     576       1
  317     489       1
  318     457       1
  321     344       1
  322     342       1
  322     361       1
  322     410       1
  324     497       1
  324     563       1
  327     424       1
  327     488       1
  329     458       1
  330     582       1
  333     432       1
  334     366       1
  334     423       1
  334     488       1
  336     484       1
  338     339       1
  338     355       1
  339     548       1
  342     369       1
  342     378       1
  342     450       1
  342     483       1
  342     541       1
  345     544       1
  346     421       1
  347     353       1
  347     510       1
  347     529       1
  347     539       1
  348     493       1
  349     541       1
  350     408       1
  350     572       1
  352     517       1
  356     404       1
  356     471       1
  357     474       1
  361     486       1
  361     500       1
  361     534       1
  363     459       1
  363     545       1
  364     517       1
  365     506       1
  368     369       1
  369     432       1
  370     555       1
  371     394       1
  372     491       1
  375     433       1
  375     490       1
  376     566       1
  377     416       1
  378     474       1
  378     505       1
  378     563       1
  379     591       1
  380     547       1
  381     504       1
  383     549       1
  383     564       1
  385     468       1
  386     537       1
  387     419       1
  387     580       1
  388     392       1
  392     517       1
  393     430       1
  394     476       1
  394     535       1
  394     550       1
  395     416       1
  396     446       1
  399     566       1
  400     568       1
  401     549       1
  402     496       1
  402     558       1
  404     479       1
  411     440       1
  412     436       1
  413     449       1
  413     532       1
  414     486       1
  414     596       1
  417     518       1
  418     519       1
  423     431       1
  425     574       1
  427     501       1
  428     530       1
  429     552       1
  431     524       1
  432     440       1
  432     509       1
  432     571       1
  433     537       1
  433     551       1
  433     580       1
  434     472       1
  435     466       1
  440     477       1
  441     561       1
  442     540       1
  443     579       1
  444     499       1
  444     586       1
  445     495       1
  447     575       1
  448     594       1
  451     506       1
  451     552       1
  454     553       1
  456     536       1
  457     549       1
  458     522       1
  464     531       1
  464     532       1
  465     488       1
  466     480       1
  466     486       1
  466     498       1
  466     600       1
  467     531       1
  468     574       1
  468     594       1
  469     484       1
  475     563       1
  476     485       1
  476     532       1
  478     562       1
  482     502       1
  488     504       1
  491     557       1
  492     545       1
  492     597       1
  496     546       1
  499     586       1
  501     508       1
  501     573       1
  504     598       1
  507     522       1
  510     538       1
  510     566       1
  515     559       1
  527     551       1
  528     588       1
  537     573       1
  541     571       1
  545     593       1
  549     561       1
  549     590       1
  550     567       1
  556     577       1
  558     596       1
  559     575       1
  562     599       1
  573     574       1
  596     599       1
