  700     820
    1      53       1
    1     579       1
    2     591       1
    3      90       1
    4     395       1
    4     453       1
    5      27       1
    5     474       1
    5     551       1
    5     568       1
    5     633       1
    6     158       1
    6     652       1
    7      18       1
    8     472       1
    8     672       1
    9     211       1
    9     670       1
   10     282       1
   10     604       1
   11     607       1
   11     610       1
   12     242       1
   12     564       1
   13     101       1
   14      27       1
   14     292       1
   14     506       1
   15     112       1
   16     216       1
   17     109       1
   17     138       1
   17     183       1
   17     302       1
   17     333       1
   17     586       1
   18     221       1
   18     372       1
   19      75       1
   19     278       1
   19     289       1
   19     654       1
   20     160       1
   20     524       1
   20     604       1
   20     657       1
   21      98       1
   21     333       1
   21     488       1
   21     598       1
   22     378       1
   22     448       1
   22     533       1
   22     674       1
   23     302       1
   24     309       1
   24     690       1
   25     339       1
   25     534       1
   25     660       1
   25     685       1
   26     436       1
   26     524       1
   27      86       1
   27     191       1
   27     314       1
   28     148       1
   28     534       1
   28     647       1
   29     630       1
   30     203       1
   30     439       1
   31      46       1
   32     482       1
   33      50       1
   33      59       1
   33     277       1
   33     293       1
   33     316       1
   33     545       1
   33     663       1
   34     539       1
   35     134       1
   35     150       1
   35     588       1
   36     284       1
   36     576       1
   37     422       1
   37     519       1
   38     272       1
   38     506       1
   39     605       1
   40     630       1
   41     165       1
   41     304       1
   42     645       1
   42     656       1
   43      68       1
   43     380       1
   43     481       1
   43     585       1
   44     618       1
   44     690       1
   45      66       1
   45     235       1
   45     467       1
   45     580       1
   45     637       1
   46      56       1
   46     379       1
   46     410       1
   46     590       1
   46     666       1
   47     308       1
   48     152       1
   48     680       1
   49     340       1
   49     349       1
   49     700       1
   50     144       1
   51     105       1
   51     534       1
   52     606       1
   53     141       1
   53     283       1
   54     182       1
   55     318       1
   55     532       1
   55     633       1
   56     106       1
   57     295       1
   57     467       1
   58     125       1
   59     592       1
   60     200       1
   60     667       1
   61     571       1
   62     689       1
   63     300       1
   63     392       1
   64     280       1
   64     639       1
   64     684       1
   65     510       1
   65     553       1
   65     680       1
   67     544       1
   69     311       1
   69     414       1
   70     151       1
   71     346       1
   71     623       1
   72     395       1
   73     330       1
   74     534       1
   75     158       1
   75     438       1
   76     360       1
   77     277       1
   77     570       1
   78     446       1
   79     533       1
   80     121       1
   80     188       1
   80     530       1
   81     201       1
   81     225       1
   81     398       1
   81     445       1
   82     635       1
   83     417       1
   83     599       1
   83     623       1
   84     229       1
   84     387       1
   84     495       1
   85     303       1
   87     161       1
   87     219       1
   87     294       1
   87     363       1
   88     133       1
   88     362       1
   88     389       1
   88     576       1
   88     699       1
   89     214       1
   89     252       1
   89     570       1
   90     156       1
   90     220       1
   90     271       1
   90     327       1
   90     328       1
   90     609       1
   91     231       1
   91     683       1
   92     179       1
   92     210       1
   92     284       1
   93     184       1
   93     369       1
   94     431       1
   95     180       1
   95     201       1
   96     260       1
   96     507       1
   97     591       1
   97     638       1
   99     113       1
   99     198       1
   99     328       1
   99     356       1
   99     540       1
  100     273       1
  100     361       1
  100     509       1
  101     657       1
  101     680       1
  102     564       1
  102     628       1
  102     629       1
  103     127       1
  103     648       1
  103     683       1
  104     131       1
  104     598       1
  105     264       1
  105     427       1
  105     541       1
  105     630       1
  106     623       1
  107     356       1
  108     580       1
  108     594       1
  109     141       1
  109     196       1
  109     505       1
  109     557       1
  109     571       1
  109     658       1
  110     535       1
  111     193       1
  111     206       1
  111     222       1
  111     328       1
  111     334       1
  111     430       1
  111     601       1
  112     544       1
  113     315       1
  113     382       1
  114     508       1
  115     253       1
  116     334       1
  117     259       1
  117     602       1
  118     246       1
  118     679       1
  119     188       1
  119     219       1
  119     499       1
  120     317       1
  122     244       1
  122     284       1
  123     391       1
  123     420       1
  123     511       1
  123     580       1
  124     287       1
  124     306       1
  125     680       1
  126     572       1
  126     682       1
  128     428       1
  129     435       1
  130     300       1
  130     647       1
  131     285       1
  131     358       1
  131     693       1
  132     338       1
  132     696       1
  133     194       1
  134     475       1
  134     643       1
  135     178       1
  135     319       1
  136     300       1
  137     189       1
  137     216       1
  137     318       1
  137     330       1
  137     458       1
  137     633       1
  138     402       1
  139     221       1
  139     691       1
  140     205       1
  140     521       1
  141     472       1
  141     485       1
  141     534       1
  142     444       1
  143     576       1
  145     355       1
  146     422       1
  147     497       1
  147     653       1
  148     164       1
  148     180       1
  148     445       1
  149     272       1
  149     505       1
  151     266       1
  151     346       1
  152     274       1
  153     229       1
  154     358       1
  154     475       1
  154     639       1
  155     333       1
  156     353       1
  157     396       1
  157     433       1
  157     449       1
  158     253       1
  158     333       1
  159     186       1
  159     197       1
  159     262       1
  160     558       1
  162     415       1
  162     698       1
  163     376       1
  165     327       1
  165     578       1
  166     491       1
  166     670       1
  167     271       1
  168     542       1
  168     672       1
  169     189       1
  170     299       1
  170     614       1
  170     630       1
  171     385       1
  171     532       1
  172     588       1
  173     668       1
  174     363       1
  174     381       1
  174     591       1
  175     690       1
  176     369       1
  176     408       1
  177     400       1
  178     371       1
  179     345       1
  181     454       1
  181     525       1
  182     317       1
  184     276       1
  184     481       1
  184     536       1
  185     488       1
  185     501       1
  185     599       1
  186     227       1
  186     432       1
  187     588       1
  188     320       1
  188     326       1
  189     202       1
  189     204       1
  189     314       1
  189     345       1
  189     352       1
  189     584       1
  189     593       1
  190     429       1
  191     473       1
  191     559       1
  191     648       1
  192     385       1
  192     605       1
  193     556       1
  194     526       1
  194     641       1
  195     497       1
  195     561       1
  196     315       1
  196     405       1
  197     645       1
  198     256       1
  198     365       1
  198     419       1
  199     254       1
  199     341       1
  199     425       1
  199     514       1
  199     599       1
  199     601       1
  199     650       1
  200     605       1
  203     577       1
  205     540       1
  206     218       1
  206     257       1
  206     470       1
  207     337       1
  207     562       1
  208     496       1
  209     457       1
  211     503       1
  211     581       1
  212     378       1
  212     512       1
  213     251       1
  213     406       1
  213     595       1
  215     326       1
  216     697       1
  217     428       1
  217     575       1
  218     314       1
  218     436       1
  219     233       1
  219     316       1
  219     352       1
  219     519       1
  219     621       1
  219     629       1
  219     665       1
  220     400       1
  221     350       1
  221     534       1
  221     588       1
  221     649       1
  221     698       1
  223     258       1
  223     533       1
  224     237       1
  224     530       1
  225     328       1
  225     643       1
  225     666       1
  226     643       1
  227     336       1
  228     608       1
  229     319       1
  230     273       1
  231     260       1
  231     309       1
  231     495       1
  231     687       1
  232     597       1
  232     603       1
  232     690       1
  233     530       1
  233     690       1
  234     299       1
  234     526       1
  236     412       1
  236     437       1
  238     373       1
  239     319       1
  239     350       1
  239     549       1
  240     248       1
  240     376       1
  240     575       1
  241     379       1
  243     273       1
  243     431       1
  243     646       1
  244     531       1
  245     332       1
  245     695       1
  247     376       1
  249     251       1
  250     352       1
  250     607       1
  250     643       1
  251     308       1
  251     357       1
  251     443       1
  251     490       1
  251     627       1
  251     687       1
  252     411       1
  252     460       1
  253     547       1
  254     492       1
  254     608       1
  255     688       1
  258     580       1
  259     633       1
  260     579       1
  261     407       1
  261     562       1
  262     537       1
  262     554       1
  263     268       1
  265     327       1
  266     284       1
  266     314       1
  267     303       1
  267     653       1
  268     367       1
  268     368       1
  268     427       1
  268     502       1
  268     525       1
  269     279       1
  269     379       1
  269     531       1
  270     620       1
  271     390       1
  272     419       1
  273     282       1
  273     311       1
  273     345       1
  273     602       1
  274     347       1
  274     488       1
  274     686       1
  275     373       1
  275     661       1
  277     456       1
  278     453       1
  279     469       1
  279     585       1
  280     387       1
  281     433       1
  281     519       1
  281     658       1
  283     480       1
  286     493       1
  287     335       1
  287     624       1
  288     425       1
  290     419       1
  290     421       1
  290     449       1
  290     515       1
  290     665       1
  291     395       1
  291     620       1
  292     622       1
  293     447       1
  294     308       1
  294     317       1
  296     369       1
  296     446       1
  297     378       1
  297     385       1
  297     482       1
  298     418       1
  298     659       1
  301     320       1
  302     390       1
  302     675       1
  303     315       1
  303     412       1
  303     447       1
  304     472       1
  304     625       1
  305     330       1
  305     351       1
  305     388       1
  306     314       1
  307     365       1
  307     523       1
  309     369       1
  309     548       1
  310     363       1
  312     451       1
  312     642       1
  313     499       1
  314     361       1
  314     657       1
  317     450       1
  317     483       1
  317     672       1
  318     354       1
  318     543       1
  319     487       1
  319     496       1
  319     606       1
  319     666       1
  321     429       1
  321     463       1
  322     335       1
  322     563       1
  322     661       1
  323     352       1
  323     451       1
  323     644       1
  324     334       1
  325     633       1
  325     671       1
  326     647       1
  328     460       1
  328     576       1
  328     643       1
  329     350       1
  330     471       1
  330     591       1
  331     658       1
  332     527       1
  332     601       1
  333     369       1
  334     341       1
  334     528       1
  335     621       1
  336     556       1
  337     624       1
  338     352       1
  339     341       1
  339     399       1
  339     550       1
  339     688       1
  342     440       1
  342     457       1
  343     452       1
  344     367       1
  345     392       1
  345     489       1
  345     490       1
  345     547       1
  345     630       1
  346     360       1
  346     460       1
  348     643       1
  349     691       1
  350     461       1
  350     477       1
  352     362       1
  352     666       1
  352     692       1
  354     432       1
  354     494       1
  354     550       1
  354     562       1
  355     602       1
  357     636       1
  358     382       1
  358     535       1
  359     366       1
  363     553       1
  364     467       1
  366     416       1
  366     597       1
  366     664       1
  369     465       1
  369     698       1
  370     657       1
  371     554       1
  372     676       1
  373     412       1
  374     477       1
  375     552       1
  377     544       1
  378     583       1
  378     689       1
  380     651       1
  382     387       1
  382     493       1
  382     580       1
  383     667       1
  383     696       1
  384     520       1
  384     635       1
  385     555       1
  386     643       1
  389     550       1
  392     435       1
  392     464       1
  393     447       1
  393     553       1
  393     560       1
  394     532       1
  395     612       1
  395     633       1
  397     565       1
  398     478       1
  398     566       1
  401     591       1
  403     481       1
  403     661       1
  404     633       1
  404     648       1
  408     557       1
  409     635       1
  410     538       1
  412     523       1
  413     612       1
  415     673       1
  422     488       1
  422     615       1
  422     617       1
  423     634       1
  424     561       1
  426     559       1
  427     542       1
  429     479       1
  432     504       1
  432     614       1
  434     557       1
  437     504       1
  439     534       1
  440     461       1
  441     580       1
  442     645       1
  444     528       1
  444     547       1
  450     635       1
  452     677       1
  454     588       1
  455     490       1
  455     522       1
  455     631       1
  455     673       1
  457     649       1
  457     659       1
  459     576       1
  460     596       1
  460     664       1
  461     479       1
  461     517       1
  461     574       1
  462     492       1
  466     597       1
  467     500       1
  468     619       1
  468     658       1
  469     570       1
  473     653       1
  474     593       1
  475     630       1
  476     517       1
  477     679       1
  479     611       1
  481     540       1
  481     677       1
  482     528       1
  482     589       1
  482     600       1
  484     668       1
  484     691       1
  485     493       1
  486     557       1
  490     539       1
  491     550       1
  491     552       1
  492     516       1
  497     544       1
  498     591       1
  499     626       1
  505     516       1
  508     527       1
  512     540       1
  513     580       1
  518     680       1
  519     534       1
  519     567       1
  519     678       1
  519     689       1
  520     573       1
  522     569       1
  524     647       1
  526     604       1
  528     632       1
  529     552       1
  530     651       1
  533     550       1
  544     690       1
  546     547       1
  547     679       1
  556     697       1
  557     561       1
  559     624       1
  564     694       1
  565     635       1
  565     678       1
  566     582       1
  572     616       1
  572     640       1
  572     691       1
  574     644       1
  575     630       1
  578     694       1
  579     700       1
  582     630       1
  587     654       1
  588     613       1
  588     669       1
  590     682       1
  592     621       1
  596     600       1
  599     652       1
  602     622       1
  608     656       1
  608     681       1
  619     655       1
  620     666       1
  621     642       1
  621     700       1
  628     641       1
  629     672       1
  629     688       1
  630     680       1
  631     676       1
  634     690       1
  635     664       1
  635     667       1
  662     694       1
  664     665       1
  670     680       1
