   50      85
    1      28       1
    2       3       1
    2      13       1
    2      14       1
    2      46       1
    3       5       1
    3      11       1
    3      13       1
    3      28       1
    3      35       1
    3      38       1
    3      40       1
    3      42       1
    3      47       1
    3      49       1
    4       5       1
    5      28       1
    6       7       1
    6      24       1
    6      25       1
    6      32       1
    7      37       1
    7      41       1
    7      45       1
    8      21       1
    8      43       1
    8      49       1
    9      12       1
   10      22       1
   10      28       1
   10      43       1
   10      45       1
   11      28       1
   11      31       1
   12      28       1
   12      34       1
   13      21       1
   13      26       1
   14      19       1
   14      31       1
   15      36       1
   15      42       1
   15      46       1
   16      20       1
   16      24       1
   16      47       1
   16      50       1
   17      22       1
   17      28       1
   17      46       1
   18      30       1
   19      36       1
   20      37       1
   20      48       1
   21      44       1
   21      48       1
   22      39       1
   22      48       1
   23      25       1
   23      32       1
   24      34       1
   24      45       1
   25      35       1
   25      39       1
   25      40       1
   25      44       1
   26      43       1
   26      44       1
   27      40       1
   27      43       1
   27      45       1
   28      34       1
   28      35       1
   29      37       1
   29      45       1
   30      33       1
   31      49       1
   33      38       1
   36      38       1
   37      49       1
   39      40       1
   39      45       1
   43      47       1
   43      49       1
   45      48       1
