  300     380
    1     182       1
    2      86       1
    2     121       1
    2     145       1
    3      61       1
    4     166       1
    4     250       1
    5      52       1
    5      99       1
    5     147       1
    5     195       1
    5     217       1
    5     282       1
    6      99       1
    6     252       1
    6     299       1
    7     234       1
    7     271       1
    8      55       1
    9     101       1
    9     126       1
    9     140       1
    9     293       1
   10     145       1
   10     179       1
   11     295       1
   12     114       1
   12     199       1
   13      62       1
   13      79       1
   13     162       1
   13     272       1
   14     181       1
   14     239       1
   15      76       1
   15     169       1
   15     178       1
   16      60       1
   16     183       1
   17      18       1
   17      52       1
   17      77       1
   17     188       1
   17     237       1
   17     277       1
   18      71       1
   18     172       1
   19     137       1
   20      85       1
   20     117       1
   21     212       1
   22     226       1
   23     128       1
   24     160       1
   24     203       1
   24     205       1
   24     222       1
   25     115       1
   25     199       1
   26      84       1
   26     129       1
   26     148       1
   26     262       1
   27     109       1
   27     203       1
   27     293       1
   28      50       1
   28      68       1
   29      94       1
   29     125       1
   29     238       1
   30     106       1
   30     168       1
   31     128       1
   31     135       1
   31     210       1
   32      83       1
   32     225       1
   32     274       1
   33     193       1
   33     291       1
   34     214       1
   34     219       1
   35      41       1
   35     114       1
   36     132       1
   36     258       1
   36     293       1
   37     281       1
   38      70       1
   38      96       1
   38     224       1
   38     239       1
   38     299       1
   39     139       1
   39     189       1
   39     192       1
   39     294       1
   40     128       1
   41     240       1
   41     257       1
   42     203       1
   43      58       1
   43     185       1
   43     233       1
   43     242       1
   43     256       1
   44     126       1
   44     203       1
   44     287       1
   45     165       1
   46     126       1
   46     262       1
   47      78       1
   47      93       1
   48     202       1
   49      60       1
   49     117       1
   50      81       1
   51     126       1
   51     228       1
   52     199       1
   52     202       1
   53     172       1
   54     134       1
   54     196       1
   55     167       1
   55     168       1
   55     180       1
   55     199       1
   55     209       1
   55     220       1
   55     224       1
   55     283       1
   56      62       1
   56     128       1
   56     188       1
   56     269       1
   56     287       1
   57     206       1
   59     205       1
   60     153       1
   60     250       1
   61     277       1
   62      82       1
   62     176       1
   62     250       1
   63      81       1
   63      98       1
   64     244       1
   65     257       1
   65     269       1
   66      72       1
   67      75       1
   67     105       1
   69      73       1
   69      93       1
   69     254       1
   70      99       1
   70     234       1
   70     255       1
   71     125       1
   71     153       1
   71     206       1
   71     293       1
   72     141       1
   72     225       1
   72     272       1
   73     231       1
   73     285       1
   74     272       1
   75     206       1
   77     292       1
   78     183       1
   80     194       1
   81      87       1
   81     139       1
   81     202       1
   81     222       1
   81     223       1
   81     293       1
   82     138       1
   83     276       1
   83     288       1
   84     109       1
   84     143       1
   84     165       1
   84     206       1
   84     260       1
   85     120       1
   85     141       1
   85     156       1
   85     167       1
   86     126       1
   86     191       1
   86     216       1
   87     158       1
   87     216       1
   87     243       1
   87     271       1
   87     296       1
   88     168       1
   88     186       1
   89      95       1
   89     300       1
   90     118       1
   90     126       1
   91     200       1
   91     268       1
   91     290       1
   92     295       1
   94     171       1
   94     180       1
   94     202       1
   94     215       1
   94     249       1
   94     276       1
   95     289       1
   96     186       1
   97     165       1
  100     133       1
  100     243       1
  100     249       1
  102     139       1
  103     154       1
  103     176       1
  103     296       1
  104     139       1
  104     152       1
  106     211       1
  107     125       1
  107     128       1
  107     181       1
  108     239       1
  109     139       1
  110     240       1
  111     151       1
  112     207       1
  112     300       1
  113     127       1
  113     230       1
  113     273       1
  113     288       1
  114     135       1
  116     156       1
  116     192       1
  117     225       1
  117     236       1
  117     254       1
  118     240       1
  119     199       1
  122     237       1
  123     223       1
  123     274       1
  124     175       1
  126     169       1
  127     154       1
  127     296       1
  129     140       1
  129     168       1
  129     202       1
  130     143       1
  130     278       1
  131     202       1
  131     286       1
  133     266       1
  134     189       1
  134     229       1
  134     272       1
  136     243       1
  137     164       1
  139     151       1
  139     193       1
  140     164       1
  140     251       1
  141     177       1
  142     176       1
  142     180       1
  143     169       1
  143     211       1
  143     223       1
  143     272       1
  144     287       1
  145     195       1
  145     248       1
  145     274       1
  146     203       1
  146     236       1
  146     250       1
  146     261       1
  147     230       1
  149     229       1
  150     246       1
  151     204       1
  152     155       1
  153     242       1
  154     277       1
  155     206       1
  155     218       1
  156     239       1
  157     259       1
  158     289       1
  159     260       1
  161     293       1
  162     269       1
  163     196       1
  165     199       1
  165     267       1
  165     281       1
  165     300       1
  166     184       1
  166     221       1
  167     243       1
  168     263       1
  168     265       1
  169     279       1
  170     263       1
  171     212       1
  173     219       1
  173     245       1
  174     197       1
  175     234       1
  175     290       1
  176     246       1
  176     290       1
  177     187       1
  177     199       1
  178     239       1
  181     244       1
  182     272       1
  183     209       1
  184     200       1
  185     261       1
  186     218       1
  189     266       1
  190     276       1
  191     275       1
  192     247       1
  193     241       1
  194     299       1
  195     221       1
  196     277       1
  196     293       1
  197     267       1
  197     278       1
  198     260       1
  199     234       1
  199     299       1
  200     271       1
  201     231       1
  202     225       1
  203     240       1
  207     267       1
  208     259       1
  208     269       1
  213     241       1
  214     232       1
  219     293       1
  223     227       1
  225     259       1
  226     246       1
  227     233       1
  229     243       1
  233     239       1
  233     284       1
  235     265       1
  237     264       1
  243     248       1
  245     296       1
  246     261       1
  246     270       1
  246     281       1
  250     270       1
  253     295       1
  254     298       1
  259     288       1
  280     289       1
  280     300       1
  294     297       1
  295     299       1
