  500     602
    1       8       1
    2      76       1
    3     167       1
    4     182       1
    5      86       1
    5     418       1
    6      61       1
    6     241       1
    7     117       1
    7     229       1
    7     457       1
    7     476       1
    8     294       1
    9     221       1
    9     313       1
   10     262       1
   11     131       1
   12      79       1
   12     224       1
   13      29       1
   13     221       1
   13     297       1
   14     214       1
   14     229       1
   15     177       1
   16     177       1
   17     226       1
   17     278       1
   17     355       1
   17     423       1
   18     114       1
   18     204       1
   18     207       1
   18     375       1
   18     406       1
   18     455       1
   19     151       1
   19     225       1
   20      78       1
   20     258       1
   20     392       1
   20     399       1
   20     456       1
   21     161       1
   22     156       1
   22     318       1
   23     199       1
   23     465       1
   23     492       1
   24      42       1
   24     110       1
   24     179       1
   24     351       1
   25     407       1
   26      53       1
   27     153       1
   27     169       1
   27     340       1
   27     425       1
   28     264       1
   29     175       1
   30     317       1
   31     287       1
   31     400       1
   32     318       1
   32     378       1
   32     388       1
   33     109       1
   33     127       1
   33     317       1
   33     327       1
   33     387       1
   34     132       1
   34     421       1
   35     151       1
   35     417       1
   35     434       1
   36     433       1
   36     483       1
   37     149       1
   38      64       1
   39     110       1
   39     212       1
   39     381       1
   39     473       1
   39     476       1
   40     360       1
   40     487       1
   41     147       1
   42      73       1
   42     143       1
   43     134       1
   43     222       1
   43     324       1
   43     486       1
   44     140       1
   44     194       1
   44     228       1
   45      47       1
   45     156       1
   45     197       1
   45     228       1
   46     403       1
   46     437       1
   47     300       1
   48     158       1
   48     185       1
   48     227       1
   48     432       1
   49     311       1
   50     412       1
   51     447       1
   52      94       1
   52     163       1
   53     396       1
   53     439       1
   54     148       1
   54     254       1
   54     286       1
   54     439       1
   55      79       1
   55      87       1
   55     221       1
   55     259       1
   55     395       1
   56     184       1
   56     217       1
   56     296       1
   56     380       1
   57     360       1
   58     377       1
   59     239       1
   60      91       1
   60     145       1
   60     381       1
   62      86       1
   63     129       1
   64     353       1
   64     447       1
   65     207       1
   66     222       1
   66     493       1
   67      74       1
   67      91       1
   68     332       1
   68     493       1
   69     282       1
   69     350       1
   70     162       1
   70     277       1
   71     111       1
   71     197       1
   71     210       1
   71     496       1
   72      83       1
   72     484       1
   74     419       1
   75     405       1
   76     143       1
   76     221       1
   77     446       1
   78     122       1
   78     180       1
   78     245       1
   78     429       1
   79      82       1
   79     163       1
   79     269       1
   79     334       1
   79     457       1
   79     482       1
   80     387       1
   81     112       1
   81     237       1
   82     308       1
   83     159       1
   84     122       1
   84     423       1
   85      99       1
   85     166       1
   85     453       1
   86     102       1
   86     106       1
   86     230       1
   87     280       1
   87     407       1
   88     174       1
   89     287       1
   89     373       1
   89     405       1
   90     394       1
   91     263       1
   92     112       1
   92     252       1
   93     430       1
   94     401       1
   95     167       1
   96     341       1
   97     232       1
   97     397       1
   97     409       1
   97     425       1
   97     441       1
   98     352       1
  100     325       1
  101     112       1
  101     141       1
  101     245       1
  101     362       1
  102     433       1
  103     186       1
  103     204       1
  104     457       1
  104     495       1
  105     233       1
  105     397       1
  106     168       1
  106     298       1
  107     423       1
  108     241       1
  108     408       1
  110     122       1
  110     139       1
  110     387       1
  110     479       1
  111     277       1
  111     434       1
  113     148       1
  113     395       1
  114     146       1
  114     246       1
  114     475       1
  115     137       1
  115     376       1
  116     167       1
  117     151       1
  118     273       1
  119     211       1
  119     361       1
  119     464       1
  119     491       1
  120     142       1
  120     189       1
  120     234       1
  121     327       1
  122     192       1
  122     253       1
  122     356       1
  122     411       1
  122     414       1
  122     464       1
  122     497       1
  123     472       1
  124     273       1
  124     338       1
  124     371       1
  125     188       1
  125     216       1
  125     228       1
  125     436       1
  125     471       1
  126     356       1
  128     239       1
  128     315       1
  129     187       1
  129     212       1
  129     433       1
  130     450       1
  130     464       1
  131     483       1
  132     153       1
  132     339       1
  132     410       1
  133     316       1
  134     150       1
  134     253       1
  134     422       1
  135     235       1
  136     273       1
  136     478       1
  137     384       1
  138     211       1
  139     484       1
  140     154       1
  140     295       1
  140     334       1
  140     357       1
  140     365       1
  144     344       1
  144     376       1
  144     420       1
  144     474       1
  145     234       1
  145     243       1
  145     275       1
  145     419       1
  145     442       1
  145     498       1
  146     170       1
  146     270       1
  146     324       1
  146     476       1
  147     166       1
  147     329       1
  148     302       1
  148     387       1
  148     445       1
  148     447       1
  149     318       1
  151     221       1
  151     266       1
  152     240       1
  152     307       1
  152     410       1
  153     162       1
  153     318       1
  154     348       1
  154     488       1
  155     182       1
  155     315       1
  156     254       1
  156     319       1
  157     196       1
  157     472       1
  157     482       1
  159     237       1
  159     258       1
  159     354       1
  160     322       1
  160     326       1
  160     423       1
  161     341       1
  162     323       1
  164     273       1
  165     433       1
  166     182       1
  166     289       1
  166     304       1
  166     380       1
  166     417       1
  166     496       1
  167     290       1
  167     402       1
  167     462       1
  167     464       1
  168     340       1
  169     188       1
  170     270       1
  170     394       1
  170     446       1
  170     458       1
  170     462       1
  171     465       1
  172     487       1
  173     432       1
  174     247       1
  174     411       1
  176     252       1
  176     385       1
  177     228       1
  178     260       1
  178     440       1
  179     481       1
  181     308       1
  183     391       1
  183     441       1
  183     470       1
  184     268       1
  187     442       1
  188     289       1
  188     430       1
  189     205       1
  190     287       1
  191     456       1
  192     333       1
  193     210       1
  194     249       1
  195     302       1
  195     350       1
  196     369       1
  198     200       1
  198     273       1
  198     291       1
  198     426       1
  200     279       1
  200     281       1
  200     393       1
  201     231       1
  201     404       1
  202     262       1
  202     276       1
  203     319       1
  205     493       1
  206     344       1
  207     383       1
  207     461       1
  208     367       1
  209     433       1
  211     402       1
  211     500       1
  212     242       1
  213     258       1
  214     222       1
  215     243       1
  215     316       1
  215     386       1
  215     438       1
  215     459       1
  216     238       1
  217     345       1
  217     499       1
  218     358       1
  219     383       1
  220     298       1
  220     309       1
  221     283       1
  221     398       1
  221     480       1
  223     302       1
  223     389       1
  224     267       1
  225     375       1
  226     273       1
  226     292       1
  226     387       1
  227     295       1
  228     289       1
  228     341       1
  228     342       1
  228     387       1
  228     482       1
  230     490       1
  233     381       1
  233     467       1
  234     370       1
  234     415       1
  234     445       1
  235     324       1
  236     298       1
  236     364       1
  238     247       1
  238     454       1
  239     445       1
  240     430       1
  241     304       1
  242     268       1
  243     480       1
  244     327       1
  245     295       1
  245     493       1
  247     338       1
  247     367       1
  248     340       1
  249     484       1
  250     396       1
  250     493       1
  251     457       1
  253     383       1
  255     397       1
  256     263       1
  256     283       1
  257     270       1
  257     281       1
  259     446       1
  260     457       1
  260     478       1
  261     367       1
  261     374       1
  263     468       1
  264     421       1
  265     440       1
  266     427       1
  267     336       1
  268     366       1
  268     414       1
  269     274       1
  271     315       1
  272     331       1
  272     382       1
  273     375       1
  273     401       1
  273     477       1
  276     342       1
  276     435       1
  276     470       1
  277     345       1
  279     490       1
  280     381       1
  283     331       1
  283     370       1
  283     403       1
  284     341       1
  285     403       1
  286     328       1
  287     417       1
  287     490       1
  288     302       1
  289     299       1
  289     303       1
  289     370       1
  289     452       1
  291     420       1
  291     465       1
  292     320       1
  292     373       1
  292     426       1
  292     449       1
  293     294       1
  294     387       1
  294     492       1
  297     372       1
  298     306       1
  298     332       1
  298     341       1
  299     352       1
  300     355       1
  301     360       1
  303     409       1
  304     397       1
  305     351       1
  306     309       1
  307     318       1
  307     337       1
  307     499       1
  308     471       1
  309     381       1
  309     460       1
  310     311       1
  311     453       1
  312     483       1
  313     375       1
  313     414       1
  314     492       1
  316     424       1
  318     347       1
  318     404       1
  318     443       1
  320     401       1
  321     417       1
  321     487       1
  323     443       1
  323     446       1
  323     485       1
  324     379       1
  324     469       1
  324     482       1
  325     493       1
  326     338       1
  327     481       1
  330     351       1
  331     360       1
  331     439       1
  333     443       1
  334     335       1
  334     463       1
  336     473       1
  338     344       1
  341     367       1
  342     412       1
  343     408       1
  344     489       1
  346     418       1
  347     392       1
  349     445       1
  350     357       1
  350     416       1
  351     374       1
  352     363       1
  352     385       1
  353     396       1
  354     469       1
  357     449       1
  358     422       1
  359     378       1
  359     445       1
  360     407       1
  361     424       1
  363     377       1
  364     458       1
  364     467       1
  368     415       1
  371     448       1
  384     435       1
  385     411       1
  387     453       1
  387     462       1
  390     464       1
  396     431       1
  399     418       1
  404     444       1
  407     418       1
  407     451       1
  413     414       1
  421     462       1
  428     475       1
  433     498       1
  438     465       1
  443     453       1
  466     490       1
  468     484       1
  471     497       1
  493     494       1
