  700     820
    1      34       1
    1     490       1
    1     599       1
    2     260       1
    2     509       1
    2     592       1
    2     644       1
    3     207       1
    3     272       1
    4     277       1
    4     308       1
    5      23       1
    5     633       1
    5     634       1
    6     164       1
    6     503       1
    7      14       1
    8     449       1
    9      47       1
    9     640       1
   10     106       1
   10     489       1
   10     587       1
   11      27       1
   11      51       1
   11     224       1
   11     575       1
   11     613       1
   11     629       1
   12      86       1
   13     411       1
   14     160       1
   14     294       1
   14     315       1
   14     540       1
   15      98       1
   16      69       1
   17      89       1
   17     176       1
   17     214       1
   17     515       1
   18     496       1
   19      84       1
   19     198       1
   19     449       1
   20     327       1
   20     613       1
   21     177       1
   21     572       1
   22     430       1
   22     669       1
   23     516       1
   24      65       1
   24     280       1
   25     481       1
   26     657       1
   27     546       1
   28     133       1
   29     283       1
   29     662       1
   29     698       1
   30     219       1
   30     603       1
   31      84       1
   31     668       1
   32     296       1
   32     696       1
   33     258       1
   33     595       1
   35     289       1
   36      72       1
   36     192       1
   36     378       1
   36     635       1
   37      92       1
   37     156       1
   37     210       1
   38     180       1
   38     229       1
   38     391       1
   38     465       1
   38     504       1
   39     597       1
   40     193       1
   40     331       1
   41     175       1
   41     318       1
   42     267       1
   42     334       1
   42     361       1
   42     489       1
   42     661       1
   43     108       1
   44     353       1
   45     180       1
   45     373       1
   46     612       1
   47     341       1
   48     344       1
   48     676       1
   49     470       1
   50     471       1
   51      90       1
   51     214       1
   51     385       1
   51     593       1
   51     678       1
   52     105       1
   52     356       1
   52     374       1
   52     386       1
   52     474       1
   52     475       1
   53     567       1
   54     326       1
   54     562       1
   55     207       1
   55     233       1
   55     305       1
   56     313       1
   57     105       1
   57     571       1
   57     614       1
   58      59       1
   58      88       1
   58     364       1
   58     564       1
   58     637       1
   59      77       1
   59     183       1
   59     319       1
   59     426       1
   60     205       1
   60     609       1
   60     694       1
   61     218       1
   61     325       1
   62      77       1
   62     264       1
   62     378       1
   62     597       1
   63     146       1
   63     203       1
   63     285       1
   63     320       1
   63     594       1
   64     324       1
   64     694       1
   65     335       1
   66     312       1
   67     231       1
   68     110       1
   68     674       1
   68     700       1
   69     324       1
   70      93       1
   70     144       1
   70     220       1
   70     284       1
   70     675       1
   71     533       1
   71     601       1
   72     316       1
   72     543       1
   73     363       1
   74     399       1
   74     472       1
   75     503       1
   76     254       1
   76     290       1
   77     275       1
   77     277       1
   77     398       1
   77     505       1
   77     668       1
   78     274       1
   78     390       1
   78     615       1
   79      94       1
   79     522       1
   79     688       1
   79     700       1
   80     402       1
   80     669       1
   81     383       1
   81     617       1
   81     641       1
   82     365       1
   82     435       1
   82     538       1
   82     573       1
   82     618       1
   83     293       1
   83     458       1
   83     662       1
   85     273       1
   85     690       1
   86     415       1
   86     428       1
   87     395       1
   87     691       1
   88     145       1
   91     197       1
   91     255       1
   91     467       1
   91     528       1
   91     636       1
   92     113       1
   92     133       1
   92     252       1
   92     666       1
   94     583       1
   95     383       1
   96     158       1
   97     517       1
   98     346       1
   99     231       1
  100     349       1
  101     287       1
  101     474       1
  102     215       1
  103     238       1
  103     454       1
  103     489       1
  103     664       1
  104     137       1
  104     324       1
  104     439       1
  105     192       1
  106     471       1
  107     168       1
  108     306       1
  108     621       1
  109     232       1
  109     421       1
  109     584       1
  110     275       1
  110     397       1
  110     483       1
  110     500       1
  110     633       1
  111     139       1
  112     293       1
  113     195       1
  114     289       1
  114     445       1
  114     532       1
  115     454       1
  116     518       1
  117     146       1
  117     530       1
  118     242       1
  119     465       1
  119     466       1
  119     565       1
  120     259       1
  120     367       1
  120     442       1
  120     507       1
  121     175       1
  121     657       1
  122     374       1
  123     128       1
  123     165       1
  123     276       1
  123     338       1
  123     372       1
  123     377       1
  123     672       1
  124     562       1
  124     607       1
  125     450       1
  126     393       1
  126     645       1
  127     420       1
  129     307       1
  129     349       1
  130     408       1
  130     553       1
  131     338       1
  131     506       1
  132     151       1
  132     524       1
  132     554       1
  132     617       1
  133     274       1
  134     140       1
  134     339       1
  134     378       1
  135     258       1
  135     279       1
  135     302       1
  136     214       1
  136     358       1
  137     339       1
  137     464       1
  138     207       1
  138     332       1
  139     234       1
  139     415       1
  140     384       1
  140     406       1
  141     197       1
  142     251       1
  143     159       1
  143     405       1
  143     550       1
  144     262       1
  144     323       1
  144     481       1
  144     550       1
  144     665       1
  145     362       1
  145     616       1
  145     628       1
  146     164       1
  146     667       1
  146     669       1
  147     189       1
  147     450       1
  148     254       1
  148     323       1
  148     581       1
  149     590       1
  150     283       1
  150     431       1
  150     482       1
  150     614       1
  151     397       1
  151     531       1
  152     556       1
  153     235       1
  154     175       1
  154     383       1
  155     251       1
  155     296       1
  157     537       1
  157     669       1
  158     633       1
  159     615       1
  160     162       1
  161     311       1
  161     580       1
  161     585       1
  161     697       1
  162     172       1
  162     475       1
  163     424       1
  165     189       1
  165     215       1
  165     223       1
  165     336       1
  166     540       1
  167     308       1
  168     243       1
  168     318       1
  168     499       1
  169     319       1
  170     173       1
  170     441       1
  170     574       1
  170     596       1
  170     646       1
  171     328       1
  171     375       1
  171     581       1
  172     384       1
  173     199       1
  174     307       1
  174     603       1
  174     677       1
  177     267       1
  177     275       1
  177     462       1
  178     302       1
  179     224       1
  180     259       1
  180     275       1
  180     544       1
  180     640       1
  181     235       1
  181     307       1
  181     502       1
  181     513       1
  182     252       1
  184     205       1
  184     496       1
  184     564       1
  184     596       1
  185     236       1
  186     262       1
  187     349       1
  188     629       1
  188     689       1
  190     557       1
  191     293       1
  192     525       1
  193     401       1
  193     643       1
  194     342       1
  194     371       1
  195     518       1
  195     547       1
  196     244       1
  196     256       1
  196     454       1
  197     614       1
  198     216       1
  198     496       1
  199     385       1
  199     446       1
  200     479       1
  201     267       1
  202     445       1
  203     292       1
  204     251       1
  204     397       1
  204     510       1
  206     573       1
  207     386       1
  207     390       1
  207     499       1
  208     231       1
  208     300       1
  208     487       1
  209     333       1
  209     490       1
  210     339       1
  210     380       1
  210     657       1
  211     456       1
  212     349       1
  212     595       1
  213     236       1
  213     578       1
  214     308       1
  214     309       1
  214     432       1
  215     245       1
  217     307       1
  217     649       1
  217     691       1
  218     575       1
  219     500       1
  220     415       1
  221     335       1
  222     503       1
  223     235       1
  224     394       1
  225     597       1
  226     538       1
  227     275       1
  227     588       1
  228     304       1
  230     358       1
  230     415       1
  230     456       1
  231     397       1
  233     370       1
  234     306       1
  234     556       1
  235     399       1
  235     619       1
  236     259       1
  236     388       1
  236     424       1
  236     446       1
  236     457       1
  237     572       1
  238     534       1
  238     608       1
  239     286       1
  239     491       1
  239     573       1
  240     283       1
  240     443       1
  240     493       1
  240     577       1
  241     426       1
  242     407       1
  242     454       1
  242     480       1
  242     602       1
  243     544       1
  245     612       1
  246     444       1
  246     447       1
  246     590       1
  247     379       1
  248     304       1
  248     353       1
  249     458       1
  249     553       1
  249     573       1
  250     616       1
  251     284       1
  251     314       1
  251     351       1
  251     418       1
  252     380       1
  252     434       1
  253     290       1
  254     283       1
  254     354       1
  254     368       1
  254     383       1
  254     662       1
  255     331       1
  255     376       1
  255     440       1
  255     620       1
  255     668       1
  256     424       1
  256     523       1
  256     588       1
  257     338       1
  258     680       1
  259     400       1
  260     535       1
  260     600       1
  260     670       1
  260     693       1
  261     267       1
  262     450       1
  263     541       1
  264     321       1
  265     387       1
  266     593       1
  266     606       1
  266     642       1
  267     624       1
  268     453       1
  268     568       1
  268     618       1
  269     428       1
  270     578       1
  271     379       1
  271     581       1
  272     504       1
  273     355       1
  275     289       1
  275     303       1
  275     361       1
  275     370       1
  275     485       1
  275     667       1
  275     676       1
  276     413       1
  277     486       1
  278     495       1
  278     626       1
  278     668       1
  280     424       1
  280     511       1
  281     338       1
  281     689       1
  282     459       1
  285     557       1
  285     658       1
  285     687       1
  287     542       1
  288     589       1
  289     519       1
  290     512       1
  290     555       1
  291     398       1
  292     475       1
  294     441       1
  295     561       1
  295     600       1
  295     679       1
  296     478       1
  297     412       1
  298     594       1
  299     452       1
  299     648       1
  300     429       1
  301     583       1
  302     583       1
  302     654       1
  304     477       1
  306     386       1
  306     469       1
  307     309       1
  307     324       1
  307     558       1
  307     656       1
  308     617       1
  309     412       1
  310     322       1
  310     391       1
  311     528       1
  312     362       1
  312     525       1
  313     391       1
  314     557       1
  314     666       1
  317     531       1
  320     346       1
  321     700       1
  323     559       1
  324     538       1
  325     340       1
  328     424       1
  328     570       1
  329     400       1
  330     549       1
  330     613       1
  330     687       1
  333     398       1
  334     638       1
  335     559       1
  335     653       1
  337     503       1
  338     373       1
  338     386       1
  338     500       1
  338     629       1
  340     424       1
  340     608       1
  341     353       1
  343     353       1
  345     612       1
  345     633       1
  345     696       1
  346     369       1
  347     471       1
  348     352       1
  349     532       1
  350     497       1
  352     397       1
  353     386       1
  353     411       1
  353     412       1
  353     533       1
  354     611       1
  355     370       1
  355     699       1
  357     483       1
  359     648       1
  360     686       1
  361     501       1
  363     631       1
  366     409       1
  366     528       1
  367     531       1
  367     622       1
  368     623       1
  368     680       1
  369     484       1
  370     421       1
  371     493       1
  372     630       1
  373     379       1
  373     401       1
  373     450       1
  373     550       1
  376     497       1
  377     438       1
  380     569       1
  381     488       1
  381     685       1
  382     691       1
  383     429       1
  384     429       1
  385     645       1
  386     493       1
  386     596       1
  387     429       1
  388     427       1
  388     610       1
  389     674       1
  392     478       1
  392     624       1
  395     418       1
  396     679       1
  398     566       1
  399     450       1
  401     514       1
  402     422       1
  402     582       1
  402     633       1
  403     513       1
  403     536       1
  404     518       1
  406     642       1
  408     633       1
  409     684       1
  410     431       1
  411     697       1
  413     493       1
  414     569       1
  416     634       1
  417     486       1
  419     691       1
  420     495       1
  420     675       1
  421     494       1
  423     441       1
  423     616       1
  424     471       1
  425     456       1
  425     668       1
  427     463       1
  427     641       1
  431     695       1
  433     573       1
  435     459       1
  435     561       1
  436     593       1
  437     456       1
  438     449       1
  438     591       1
  439     486       1
  439     680       1
  440     541       1
  442     567       1
  443     562       1
  443     569       1
  445     513       1
  448     462       1
  450     608       1
  451     673       1
  452     536       1
  452     631       1
  453     465       1
  453     519       1
  454     616       1
  454     636       1
  454     655       1
  455     493       1
  456     678       1
  459     545       1
  460     538       1
  461     582       1
  465     508       1
  466     604       1
  467     590       1
  468     476       1
  468     550       1
  470     518       1
  472     678       1
  473     673       1
  475     510       1
  475     613       1
  475     658       1
  475     660       1
  475     662       1
  475     685       1
  475     692       1
  476     511       1
  477     478       1
  479     650       1
  486     696       1
  490     587       1
  492     650       1
  494     517       1
  497     598       1
  498     586       1
  498     699       1
  500     581       1
  500     631       1
  500     662       1
  503     550       1
  503     560       1
  505     623       1
  505     653       1
  508     552       1
  511     591       1
  511     694       1
  516     652       1
  518     550       1
  518     598       1
  519     629       1
  519     686       1
  520     526       1
  520     668       1
  521     635       1
  527     577       1
  528     647       1
  529     575       1
  530     607       1
  533     652       1
  535     548       1
  538     666       1
  538     683       1
  539     622       1
  551     592       1
  560     627       1
  563     594       1
  567     574       1
  569     592       1
  570     636       1
  570     644       1
  571     662       1
  573     663       1
  576     616       1
  579     598       1
  580     591       1
  581     607       1
  581     659       1
  581     666       1
  583     629       1
  589     613       1
  591     651       1
  593     632       1
  595     633       1
  596     605       1
  597     625       1
  600     673       1
  601     668       1
  601     673       1
  627     639       1
  628     650       1
  636     681       1
  645     678       1
  659     682       1
  662     677       1
  671     691       1
  682     683       1
