  800     929
    1      34       1
    1     407       1
    1     619       1
    2     417       1
    3      59       1
    3     580       1
    4     365       1
    4     457       1
    4     566       1
    5      38       1
    6      94       1
    6     121       1
    6     440       1
    7      72       1
    7     219       1
    7     383       1
    7     440       1
    7     610       1
    7     634       1
    8      85       1
    8     577       1
    9     690       1
   10     790       1
   11     599       1
   12     208       1
   12     625       1
   13     473       1
   14     324       1
   15     293       1
   15     568       1
   16     451       1
   16     459       1
   17      22       1
   17     461       1
   17     494       1
   17     538       1
   18      25       1
   18     115       1
   18     153       1
   19     343       1
   20     116       1
   21     357       1
   22     120       1
   23     567       1
   23     643       1
   24     200       1
   24     379       1
   24     491       1
   26     350       1
   27     358       1
   27     502       1
   28      41       1
   28      79       1
   28     662       1
   29     128       1
   30     740       1
   31     125       1
   31     269       1
   31     290       1
   31     670       1
   32     692       1
   33     126       1
   33     336       1
   33     702       1
   34     102       1
   34     192       1
   34     343       1
   35     357       1
   35     443       1
   35     797       1
   36     748       1
   37      79       1
   38      63       1
   38     285       1
   38     321       1
   38     447       1
   38     471       1
   38     477       1
   38     749       1
   39     282       1
   40      72       1
   40     340       1
   40     354       1
   41     222       1
   41     748       1
   42     158       1
   42     773       1
   43     183       1
   43     253       1
   43     533       1
   43     614       1
   43     658       1
   43     666       1
   44     268       1
   44     298       1
   44     684       1
   44     703       1
   45     400       1
   45     487       1
   45     514       1
   46     731       1
   47     145       1
   48      61       1
   48     392       1
   48     417       1
   48     453       1
   49      70       1
   49     471       1
   49     782       1
   50     162       1
   50     531       1
   51     128       1
   51     282       1
   51     312       1
   52     245       1
   53     566       1
   54      96       1
   55      57       1
   55     464       1
   55     799       1
   56     551       1
   56     582       1
   57     536       1
   58     412       1
   58     705       1
   59     102       1
   59     466       1
   59     614       1
   60     336       1
   60     530       1
   61     374       1
   61     448       1
   61     479       1
   61     578       1
   61     631       1
   62     235       1
   62     294       1
   62     519       1
   64     405       1
   65     753       1
   65     797       1
   66      80       1
   66     227       1
   66     622       1
   67     131       1
   68     409       1
   68     492       1
   68     690       1
   69      87       1
   69     360       1
   69     562       1
   69     590       1
   71     139       1
   71     325       1
   71     351       1
   71     378       1
   71     403       1
   71     521       1
   71     527       1
   71     629       1
   71     702       1
   71     769       1
   71     794       1
   72     181       1
   72     225       1
   72     240       1
   73     559       1
   73     711       1
   74     287       1
   75     750       1
   76     256       1
   76     290       1
   76     449       1
   76     751       1
   77     525       1
   78     279       1
   78     307       1
   78     633       1
   78     641       1
   78     734       1
   79     113       1
   79     402       1
   80     615       1
   80     782       1
   81     280       1
   81     729       1
   82     330       1
   83     130       1
   83     693       1
   84     382       1
   84     455       1
   84     496       1
   84     511       1
   84     601       1
   85     412       1
   85     579       1
   85     747       1
   86     354       1
   87     116       1
   87     277       1
   87     457       1
   87     709       1
   88     113       1
   88     349       1
   89     601       1
   90     108       1
   91     241       1
   91     759       1
   92     650       1
   93     128       1
   93     460       1
   95     314       1
   96     478       1
   97     311       1
   98     290       1
   98     492       1
   99     566       1
  100     377       1
  100     609       1
  101     724       1
  102     679       1
  102     745       1
  103     229       1
  103     283       1
  103     553       1
  103     683       1
  103     769       1
  104     128       1
  104     451       1
  105     652       1
  105     754       1
  106     160       1
  106     669       1
  107     293       1
  107     361       1
  107     402       1
  107     533       1
  107     576       1
  107     588       1
  108     234       1
  108     264       1
  108     680       1
  109     402       1
  110     228       1
  110     555       1
  111     182       1
  112     563       1
  112     737       1
  114     482       1
  114     488       1
  114     517       1
  115     139       1
  115     290       1
  115     305       1
  115     347       1
  116     160       1
  117     527       1
  118     550       1
  119     207       1
  119     648       1
  120     673       1
  122     380       1
  122     541       1
  123     376       1
  124     446       1
  126     171       1
  126     750       1
  127     279       1
  128     523       1
  128     678       1
  129     142       1
  129     520       1
  129     732       1
  131     186       1
  131     368       1
  131     576       1
  131     615       1
  132     351       1
  133     286       1
  133     437       1
  134     364       1
  135     368       1
  136     231       1
  137     218       1
  137     362       1
  138     162       1
  138     621       1
  138     756       1
  139     148       1
  139     570       1
  139     709       1
  139     759       1
  140     681       1
  141     187       1
  141     634       1
  141     650       1
  141     788       1
  142     543       1
  143     306       1
  144     219       1
  145     431       1
  145     606       1
  146     750       1
  146     791       1
  147     319       1
  147     568       1
  147     633       1
  148     417       1
  148     623       1
  148     793       1
  149     169       1
  149     220       1
  149     448       1
  150     751       1
  150     780       1
  151     481       1
  152     673       1
  153     442       1
  154     549       1
  154     557       1
  154     708       1
  155     310       1
  155     724       1
  156     386       1
  157     664       1
  157     748       1
  158     227       1
  158     375       1
  159     247       1
  159     692       1
  161     674       1
  163     466       1
  164     221       1
  164     689       1
  165     325       1
  165     611       1
  166     671       1
  167     248       1
  167     295       1
  167     455       1
  168     690       1
  168     733       1
  170     468       1
  171     707       1
  172     289       1
  173     410       1
  174     730       1
  175     307       1
  176     204       1
  176     321       1
  177     709       1
  178     314       1
  178     351       1
  178     386       1
  179     189       1
  180     481       1
  180     735       1
  181     277       1
  182     482       1
  182     585       1
  183     420       1
  183     596       1
  183     750       1
  184     459       1
  184     556       1
  184     773       1
  185     261       1
  185     273       1
  185     684       1
  186     556       1
  187     367       1
  187     500       1
  187     749       1
  188     437       1
  188     555       1
  188     558       1
  188     615       1
  189     786       1
  190     477       1
  191     296       1
  191     487       1
  192     297       1
  192     397       1
  192     494       1
  192     519       1
  193     608       1
  193     657       1
  194     791       1
  195     506       1
  196     297       1
  196     399       1
  197     516       1
  197     702       1
  198     648       1
  199     700       1
  200     529       1
  201     363       1
  201     789       1
  202     228       1
  203     786       1
  204     750       1
  205     231       1
  206     597       1
  207     408       1
  207     481       1
  208     401       1
  209     359       1
  209     401       1
  210     243       1
  210     274       1
  210     358       1
  211     304       1
  211     333       1
  211     403       1
  211     449       1
  211     651       1
  212     690       1
  212     741       1
  213     218       1
  213     734       1
  214     577       1
  214     613       1
  214     646       1
  215     382       1
  216     380       1
  216     450       1
  217     520       1
  217     736       1
  218     359       1
  218     787       1
  219     716       1
  219     797       1
  220     647       1
  221     351       1
  221     438       1
  223     685       1
  223     724       1
  223     789       1
  224     694       1
  226     333       1
  226     746       1
  227     418       1
  227     769       1
  229     291       1
  230     246       1
  230     277       1
  231     292       1
  231     698       1
  231     759       1
  232     285       1
  233     499       1
  233     787       1
  234     447       1
  234     450       1
  234     515       1
  236     468       1
  236     625       1
  236     743       1
  236     754       1
  237     425       1
  237     452       1
  237     518       1
  237     560       1
  238     333       1
  238     410       1
  238     487       1
  238     523       1
  238     614       1
  239     427       1
  239     537       1
  239     777       1
  240     349       1
  241     358       1
  241     487       1
  241     742       1
  241     758       1
  242     702       1
  242     774       1
  244     364       1
  244     746       1
  245     344       1
  245     359       1
  245     509       1
  245     742       1
  246     461       1
  246     561       1
  247     501       1
  247     769       1
  248     708       1
  249     519       1
  250     750       1
  250     776       1
  251     449       1
  251     638       1
  252     794       1
  254     465       1
  254     706       1
  255     394       1
  255     490       1
  255     683       1
  257     370       1
  257     762       1
  258     508       1
  258     799       1
  259     262       1
  260     469       1
  260     533       1
  261     411       1
  262     612       1
  262     628       1
  262     650       1
  263     452       1
  263     715       1
  265     793       1
  266     436       1
  266     481       1
  266     699       1
  267     537       1
  267     607       1
  268     390       1
  268     512       1
  268     532       1
  268     541       1
  268     561       1
  270     333       1
  271     290       1
  271     333       1
  271     481       1
  271     726       1
  272     551       1
  273     654       1
  273     656       1
  274     584       1
  275     493       1
  276     322       1
  276     463       1
  276     593       1
  276     670       1
  277     638       1
  278     368       1
  278     660       1
  279     736       1
  280     668       1
  280     786       1
  281     533       1
  282     566       1
  282     587       1
  282     690       1
  284     601       1
  287     440       1
  288     491       1
  289     790       1
  290     684       1
  291     760       1
  292     605       1
  293     636       1
  294     531       1
  295     374       1
  295     477       1
  295     649       1
  296     539       1
  296     605       1
  298     326       1
  298     373       1
  298     585       1
  299     725       1
  300     354       1
  300     642       1
  301     788       1
  302     493       1
  303     566       1
  303     582       1
  304     693       1
  305     416       1
  306     366       1
  306     684       1
  307     389       1
  307     520       1
  308     780       1
  309     388       1
  309     418       1
  311     320       1
  311     476       1
  311     576       1
  311     626       1
  312     499       1
  313     428       1
  314     771       1
  315     588       1
  316     530       1
  317     336       1
  317     455       1
  318     351       1
  318     739       1
  318     772       1
  320     677       1
  321     681       1
  321     721       1
  322     380       1
  323     456       1
  323     551       1
  324     718       1
  327     462       1
  328     389       1
  328     631       1
  329     399       1
  329     591       1
  330     360       1
  330     410       1
  331     610       1
  332     389       1
  333     354       1
  334     385       1
  335     411       1
  336     723       1
  336     730       1
  336     785       1
  337     443       1
  338     429       1
  338     683       1
  338     792       1
  339     403       1
  340     734       1
  341     585       1
  342     447       1
  342     484       1
  342     640       1
  343     710       1
  344     539       1
  344     598       1
  344     789       1
  345     389       1
  346     362       1
  346     480       1
  348     524       1
  348     541       1
  349     444       1
  350     404       1
  350     426       1
  350     477       1
  350     501       1
  350     669       1
  350     796       1
  351     510       1
  351     790       1
  352     436       1
  353     702       1
  354     470       1
  354     620       1
  354     797       1
  355     533       1
  355     589       1
  356     386       1
  356     522       1
  357     646       1
  358     491       1
  359     752       1
  360     557       1
  361     459       1
  361     489       1
  362     470       1
  363     697       1
  364     427       1
  364     758       1
  366     655       1
  368     722       1
  369     521       1
  370     423       1
  370     697       1
  371     477       1
  372     586       1
  372     606       1
  372     683       1
  376     389       1
  377     702       1
  379     400       1
  381     674       1
  382     384       1
  382     489       1
  382     534       1
  382     650       1
  385     458       1
  385     519       1
  385     576       1
  385     697       1
  386     667       1
  387     447       1
  389     743       1
  391     395       1
  391     478       1
  391     615       1
  392     657       1
  392     717       1
  393     532       1
  394     593       1
  394     596       1
  396     494       1
  396     600       1
  397     554       1
  398     463       1
  399     648       1
  400     616       1
  401     697       1
  402     555       1
  402     709       1
  402     774       1
  403     727       1
  405     739       1
  406     610       1
  407     764       1
  409     730       1
  410     626       1
  410     725       1
  410     786       1
  412     471       1
  412     674       1
  413     643       1
  414     710       1
  415     686       1
  417     495       1
  419     613       1
  421     461       1
  421     690       1
  422     614       1
  422     622       1
  424     482       1
  424     528       1
  425     453       1
  425     454       1
  426     636       1
  428     608       1
  428     718       1
  430     705       1
  431     623       1
  432     558       1
  432     706       1
  432     759       1
  433     583       1
  434     738       1
  435     556       1
  435     565       1
  435     618       1
  437     553       1
  437     569       1
  438     707       1
  438     781       1
  439     675       1
  440     652       1
  440     695       1
  440     709       1
  440     712       1
  441     474       1
  442     634       1
  442     744       1
  443     729       1
  445     471       1
  445     559       1
  446     783       1
  447     597       1
  447     719       1
  448     470       1
  452     684       1
  453     546       1
  453     602       1
  454     539       1
  455     794       1
  460     791       1
  462     568       1
  462     598       1
  463     482       1
  463     794       1
  464     500       1
  464     673       1
  465     504       1
  465     576       1
  465     637       1
  465     694       1
  465     780       1
  466     624       1
  466     686       1
  466     738       1
  467     480       1
  468     534       1
  470     722       1
  470     795       1
  471     520       1
  471     702       1
  472     725       1
  472     755       1
  473     734       1
  474     617       1
  475     663       1
  477     602       1
  477     603       1
  479     574       1
  480     535       1
  480     590       1
  481     550       1
  481     553       1
  482     495       1
  482     559       1
  482     647       1
  482     766       1
  483     547       1
  483     643       1
  484     716       1
  485     621       1
  485     706       1
  486     505       1
  486     752       1
  488     622       1
  489     789       1
  491     757       1
  492     702       1
  492     737       1
  493     626       1
  495     558       1
  495     641       1
  497     630       1
  497     634       1
  497     682       1
  498     602       1
  503     702       1
  504     783       1
  506     571       1
  507     685       1
  510     794       1
  513     683       1
  514     721       1
  516     619       1
  516     705       1
  519     718       1
  520     663       1
  522     620       1
  523     576       1
  525     675       1
  525     684       1
  525     799       1
  526     635       1
  527     645       1
  528     731       1
  529     774       1
  531     598       1
  531     639       1
  531     671       1
  540     702       1
  542     558       1
  543     665       1
  544     670       1
  545     585       1
  545     775       1
  548     699       1
  550     667       1
  551     581       1
  551     639       1
  551     709       1
  552     631       1
  555     604       1
  556     607       1
  557     567       1
  560     581       1
  561     763       1
  563     750       1
  564     722       1
  566     661       1
  568     569       1
  568     750       1
  571     779       1
  571     793       1
  571     800       1
  572     752       1
  573     748       1
  574     661       1
  575     773       1
  583     737       1
  592     613       1
  594     738       1
  594     775       1
  595     683       1
  598     734       1
  599     638       1
  600     660       1
  600     728       1
  601     695       1
  601     784       1
  607     687       1
  609     667       1
  612     778       1
  613     627       1
  613     702       1
  614     745       1
  617     699       1
  618     768       1
  627     782       1
  628     720       1
  631     760       1
  632     791       1
  635     697       1
  635     700       1
  637     761       1
  642     688       1
  643     645       1
  644     670       1
  646     693       1
  647     653       1
  649     725       1
  650     701       1
  655     735       1
  659     757       1
  670     765       1
  672     703       1
  674     704       1
  674     778       1
  676     747       1
  679     726       1
  684     767       1
  691     703       1
  694     795       1
  696     718       1
  700     714       1
  704     788       1
  705     740       1
  706     714       1
  706     791       1
  713     753       1
  717     798       1
  736     788       1
  738     770       1
  751     768       1
