  500     602
    1      41       1
    1      95       1
    1     247       1
    2     472       1
    3     297       1
    3     370       1
    4     363       1
    5     325       1
    6      25       1
    6     480       1
    6     490       1
    7     221       1
    7     225       1
    8      98       1
    9     171       1
    9     231       1
   10     100       1
   10     495       1
   11     482       1
   12     393       1
   13     356       1
   14      97       1
   14     435       1
   14     454       1
   15     181       1
   15     486       1
   16      68       1
   16     285       1
   16     299       1
   16     440       1
   16     486       1
   17     465       1
   18      55       1
   18     397       1
   19     446       1
   20     221       1
   20     280       1
   21     149       1
   21     171       1
   21     395       1
   22     290       1
   23     284       1
   24     129       1
   24     465       1
   25      92       1
   25     105       1
   26     392       1
   26     447       1
   26     462       1
   27     115       1
   27     390       1
   28     311       1
   28     409       1
   28     413       1
   28     428       1
   29      64       1
   29      88       1
   29     115       1
   29     135       1
   30     266       1
   30     402       1
   31     436       1
   32     262       1
   32     363       1
   33      52       1
   33      84       1
   33     112       1
   33     162       1
   33     286       1
   33     443       1
   34     153       1
   34     340       1
   35      54       1
   35     377       1
   35     475       1
   36     108       1
   36     348       1
   37      64       1
   37     199       1
   38     115       1
   39      76       1
   39     388       1
   39     477       1
   40     217       1
   42     211       1
   42     235       1
   42     425       1
   43     184       1
   43     334       1
   43     498       1
   44     481       1
   45     269       1
   45     284       1
   45     331       1
   46     203       1
   47     183       1
   47     220       1
   47     251       1
   47     318       1
   47     379       1
   47     403       1
   48     226       1
   48     304       1
   49     398       1
   49     432       1
   50     193       1
   50     318       1
   51     176       1
   51     360       1
   51     406       1
   51     422       1
   52     195       1
   52     382       1
   52     491       1
   53     183       1
   53     489       1
   54     180       1
   54     194       1
   54     441       1
   55     306       1
   56     196       1
   56     209       1
   57     189       1
   57     475       1
   58     121       1
   58     140       1
   58     308       1
   58     424       1
   59     478       1
   60      72       1
   60     251       1
   60     268       1
   61     278       1
   62     144       1
   62     295       1
   63     448       1
   64     274       1
   65     105       1
   65     265       1
   65     381       1
   66     144       1
   67     401       1
   68     105       1
   68     211       1
   68     393       1
   69     189       1
   69     479       1
   70      94       1
   70     332       1
   71     204       1
   71     357       1
   71     430       1
   71     457       1
   72     182       1
   72     199       1
   72     265       1
   73      74       1
   73     448       1
   74     240       1
   74     255       1
   74     256       1
   74     398       1
   74     439       1
   75     463       1
   76     124       1
   76     288       1
   76     426       1
   77     416       1
   78     406       1
   79     436       1
   80     334       1
   80     356       1
   81     159       1
   81     171       1
   82      95       1
   82     177       1
   83     197       1
   83     332       1
   84     300       1
   84     479       1
   85     177       1
   86     244       1
   86     306       1
   87     212       1
   88     482       1
   89     217       1
   89     225       1
   89     354       1
   90     411       1
   91     197       1
   91     465       1
   92     485       1
   93     101       1
   93     354       1
   93     356       1
   94     216       1
   94     245       1
   94     385       1
   94     447       1
   94     472       1
   94     483       1
   95     367       1
   95     436       1
   96     207       1
   97     217       1
   97     398       1
   98     373       1
   98     414       1
   99     473       1
  100     175       1
  100     241       1
  100     364       1
  100     367       1
  101     104       1
  102     381       1
  103     384       1
  104     320       1
  104     363       1
  104     436       1
  105     296       1
  105     347       1
  105     496       1
  106     109       1
  106     144       1
  106     300       1
  107     314       1
  108     436       1
  108     460       1
  109     286       1
  109     399       1
  110     255       1
  111     192       1
  112     313       1
  113     178       1
  113     305       1
  114     220       1
  115     185       1
  116     180       1
  117     213       1
  117     458       1
  118     156       1
  118     159       1
  118     197       1
  118     199       1
  118     230       1
  118     397       1
  119     136       1
  120     401       1
  121     128       1
  121     216       1
  121     220       1
  121     233       1
  121     394       1
  121     436       1
  121     438       1
  122     433       1
  123     172       1
  123     251       1
  124     252       1
  124     332       1
  125     450       1
  125     472       1
  126     135       1
  126     493       1
  127     358       1
  130     473       1
  131     468       1
  132     246       1
  132     268       1
  132     280       1
  132     295       1
  133     178       1
  133     418       1
  134     260       1
  134     362       1
  135     342       1
  135     479       1
  136     343       1
  137     140       1
  137     302       1
  138     155       1
  138     234       1
  138     294       1
  139     231       1
  139     410       1
  140     225       1
  140     236       1
  141     155       1
  142     143       1
  142     226       1
  142     281       1
  142     369       1
  144     359       1
  144     383       1
  144     413       1
  144     462       1
  145     151       1
  145     290       1
  145     307       1
  145     336       1
  145     401       1
  146     387       1
  146     407       1
  147     170       1
  147     246       1
  148     193       1
  149     206       1
  149     250       1
  149     255       1
  149     280       1
  149     282       1
  149     302       1
  150     419       1
  152     470       1
  153     319       1
  153     468       1
  154     322       1
  154     401       1
  155     417       1
  155     486       1
  156     264       1
  156     434       1
  157     314       1
  158     216       1
  158     225       1
  159     226       1
  159     395       1
  159     401       1
  159     409       1
  160     342       1
  161     361       1
  162     243       1
  163     332       1
  163     428       1
  163     429       1
  164     364       1
  164     444       1
  165     170       1
  165     357       1
  166     489       1
  167     272       1
  167     423       1
  167     488       1
  168     176       1
  168     310       1
  168     326       1
  168     484       1
  168     489       1
  169     440       1
  172     467       1
  173     182       1
  174     234       1
  174     450       1
  178     215       1
  178     224       1
  178     226       1
  179     180       1
  179     352       1
  180     321       1
  180     464       1
  184     189       1
  185     198       1
  185     331       1
  186     391       1
  186     487       1
  187     288       1
  188     350       1
  188     470       1
  190     248       1
  190     442       1
  191     399       1
  191     478       1
  192     197       1
  192     305       1
  194     363       1
  196     324       1
  197     276       1
  197     410       1
  198     324       1
  199     230       1
  199     232       1
  199     326       1
  200     240       1
  200     259       1
  200     337       1
  200     424       1
  201     340       1
  202     440       1
  203     332       1
  203     438       1
  205     242       1
  205     245       1
  205     347       1
  206     232       1
  207     226       1
  207     266       1
  207     365       1
  208     351       1
  209     324       1
  210     436       1
  210     457       1
  212     304       1
  212     341       1
  212     392       1
  213     440       1
  214     319       1
  215     273       1
  215     366       1
  216     282       1
  216     367       1
  216     396       1
  218     307       1
  219     282       1
  220     226       1
  220     283       1
  220     324       1
  220     334       1
  220     453       1
  220     464       1
  220     479       1
  221     467       1
  222     335       1
  222     340       1
  223     401       1
  224     272       1
  224     293       1
  224     296       1
  224     428       1
  226     234       1
  226     282       1
  226     441       1
  226     450       1
  227     289       1
  227     339       1
  227     342       1
  227     370       1
  227     384       1
  228     279       1
  228     338       1
  229     243       1
  230     486       1
  231     485       1
  234     311       1
  237     359       1
  238     319       1
  239     326       1
  240     499       1
  243     282       1
  243     372       1
  243     425       1
  244     412       1
  245     344       1
  245     391       1
  247     386       1
  248     343       1
  248     395       1
  249     377       1
  250     287       1
  250     317       1
  250     427       1
  251     340       1
  251     423       1
  253     297       1
  253     309       1
  254     278       1
  254     349       1
  254     464       1
  255     263       1
  255     357       1
  257     464       1
  258     395       1
  259     322       1
  259     378       1
  261     426       1
  261     454       1
  262     406       1
  263     355       1
  263     371       1
  264     277       1
  264     435       1
  266     473       1
  266     497       1
  267     413       1
  269     310       1
  269     366       1
  269     402       1
  270     279       1
  270     420       1
  271     279       1
  272     475       1
  275     356       1
  275     370       1
  275     419       1
  276     323       1
  280     286       1
  282     316       1
  282     370       1
  282     412       1
  283     335       1
  285     449       1
  287     380       1
  288     318       1
  291     361       1
  291     367       1
  292     410       1
  295     309       1
  295     437       1
  297     446       1
  298     353       1
  301     333       1
  303     456       1
  304     400       1
  306     360       1
  306     450       1
  306     496       1
  307     333       1
  310     406       1
  310     407       1
  312     476       1
  312     484       1
  314     367       1
  315     458       1
  315     478       1
  315     483       1
  316     456       1
  319     397       1
  323     360       1
  324     381       1
  325     489       1
  327     337       1
  328     425       1
  329     499       1
  330     460       1
  333     386       1
  333     390       1
  338     464       1
  342     469       1
  343     363       1
  343     409       1
  345     436       1
  346     464       1
  349     376       1
  351     360       1
  351     412       1
  352     354       1
  353     405       1
  353     419       1
  355     471       1
  355     474       1
  358     398       1
  358     445       1
  358     487       1
  362     479       1
  363     421       1
  364     415       1
  367     433       1
  368     471       1
  370     378       1
  372     492       1
  373     415       1
  373     494       1
  374     468       1
  375     407       1
  376     500       1
  379     451       1
  381     500       1
  384     433       1
  385     430       1
  385     482       1
  386     431       1
  387     461       1
  389     432       1
  390     421       1
  391     435       1
  392     461       1
  392     484       1
  393     419       1
  395     466       1
  396     434       1
  400     466       1
  402     486       1
  402     492       1
  404     468       1
  408     464       1
  411     421       1
  411     498       1
  412     452       1
  414     437       1
  416     494       1
  420     478       1
  434     478       1
  439     458       1
  439     470       1
  440     441       1
  442     446       1
  443     459       1
  452     463       1
  455     493       1
  460     480       1
  464     473       1
  476     499       1
  481     486       1
