  700     820
    1      46       1
    1     119       1
    1     263       1
    1     577       1
    2     537       1
    3      34       1
    3     137       1
    3     665       1
    4     184       1
    4     368       1
    4     401       1
    4     412       1
    5     510       1
    6     337       1
    6     539       1
    7      14       1
    8      75       1
    8     192       1
    8     582       1
    9      99       1
    9     272       1
    9     562       1
   10     135       1
   10     369       1
   10     498       1
   11     510       1
   11     545       1
   11     618       1
   11     622       1
   12     184       1
   13     416       1
   13     448       1
   14     241       1
   14     286       1
   14     391       1
   15      92       1
   15     123       1
   15     541       1
   16     339       1
   16     381       1
   17     213       1
   18     660       1
   19     249       1
   20     261       1
   20     602       1
   21     139       1
   21     153       1
   21     317       1
   21     318       1
   22     263       1
   22     514       1
   23      95       1
   23     191       1
   23     378       1
   23     424       1
   23     621       1
   24     559       1
   25     155       1
   25     172       1
   26      35       1
   26     678       1
   27      81       1
   27     370       1
   27     563       1
   28     311       1
   28     538       1
   28     614       1
   29     132       1
   30     166       1
   31     219       1
   32      65       1
   32     249       1
   33     611       1
   34     678       1
   35     286       1
   35     398       1
   35     524       1
   36     244       1
   36     609       1
   37     675       1
   38      43       1
   38     654       1
   39      70       1
   39     306       1
   39     536       1
   39     658       1
   40     384       1
   41     640       1
   42      88       1
   42     251       1
   42     473       1
   42     560       1
   43     641       1
   44     317       1
   45     266       1
   45     553       1
   46      53       1
   46     108       1
   46     154       1
   46     162       1
   46     220       1
   46     301       1
   46     498       1
   46     586       1
   46     609       1
   46     644       1
   46     656       1
   46     679       1
   47     700       1
   48     348       1
   48     426       1
   48     472       1
   49     327       1
   50     405       1
   51     137       1
   51     429       1
   51     523       1
   52     325       1
   52     547       1
   53      55       1
   53     109       1
   53     210       1
   53     355       1
   53     416       1
   53     474       1
   53     675       1
   53     678       1
   54     182       1
   54     580       1
   55     389       1
   55     402       1
   55     466       1
   56     540       1
   57     462       1
   57     547       1
   58     383       1
   58     534       1
   59     334       1
   59     342       1
   59     511       1
   59     525       1
   60     355       1
   61     651       1
   62     413       1
   63     119       1
   64     412       1
   66     209       1
   66     251       1
   67     428       1
   67     566       1
   68      91       1
   68     378       1
   68     555       1
   69      74       1
   69     652       1
   70     406       1
   71     255       1
   71     337       1
   71     393       1
   71     438       1
   71     533       1
   71     556       1
   71     566       1
   72     544       1
   73     318       1
   76     692       1
   77     244       1
   77     487       1
   78     218       1
   78     632       1
   79     375       1
   79     642       1
   80      92       1
   81     158       1
   81     656       1
   82     465       1
   83     205       1
   83     217       1
   83     303       1
   84     164       1
   84     272       1
   84     483       1
   84     495       1
   84     600       1
   85     567       1
   85     659       1
   86     187       1
   86     374       1
   87     153       1
   87     279       1
   87     512       1
   87     529       1
   88     105       1
   89      91       1
   89     174       1
   89     390       1
   89     526       1
   89     592       1
   90     357       1
   91     225       1
   91     385       1
   92     153       1
   92     348       1
   92     363       1
   92     395       1
   92     560       1
   92     584       1
   92     673       1
   92     682       1
   93     227       1
   93     421       1
   93     535       1
   94     587       1
   95     138       1
   96     321       1
   96     375       1
   97     149       1
   97     352       1
   97     358       1
   98     343       1
   99     136       1
   99     587       1
  100     243       1
  100     408       1
  101     329       1
  101     694       1
  102     118       1
  102     377       1
  103     149       1
  104     112       1
  104     328       1
  104     673       1
  106     616       1
  107     220       1
  109     152       1
  109     308       1
  109     500       1
  109     625       1
  110     199       1
  110     294       1
  110     499       1
  111     658       1
  112     116       1
  112     484       1
  112     548       1
  112     554       1
  112     592       1
  113     140       1
  113     316       1
  113     635       1
  114     263       1
  114     570       1
  115     298       1
  115     638       1
  116     161       1
  116     332       1
  117     339       1
  118     267       1
  118     340       1
  118     441       1
  118     478       1
  119     420       1
  120     129       1
  120     467       1
  121     230       1
  122     228       1
  122     519       1
  123     183       1
  124     355       1
  124     540       1
  125     257       1
  125     382       1
  126     332       1
  126     455       1
  126     643       1
  127     309       1
  127     436       1
  128     671       1
  129     166       1
  129     349       1
  129     654       1
  130     215       1
  130     286       1
  130     327       1
  130     384       1
  130     404       1
  131     497       1
  132     244       1
  132     340       1
  132     569       1
  132     573       1
  133     356       1
  133     554       1
  134     482       1
  137     190       1
  139     415       1
  140     300       1
  140     330       1
  140     371       1
  141     356       1
  142     636       1
  143     188       1
  144     384       1
  144     623       1
  145     225       1
  145     641       1
  146     369       1
  146     681       1
  147     476       1
  147     659       1
  148     553       1
  149     399       1
  149     650       1
  150     422       1
  151     157       1
  151     590       1
  151     617       1
  153     189       1
  153     341       1
  153     498       1
  153     677       1
  154     167       1
  156     536       1
  156     633       1
  156     656       1
  158     312       1
  158     427       1
  158     624       1
  158     642       1
  159     528       1
  160     449       1
  160     635       1
  162     247       1
  162     266       1
  162     468       1
  162     510       1
  162     513       1
  162     631       1
  162     645       1
  163     616       1
  164     345       1
  164     557       1
  165     453       1
  165     529       1
  165     599       1
  165     656       1
  167     371       1
  167     444       1
  167     528       1
  168     470       1
  168     629       1
  168     661       1
  168     666       1
  169     314       1
  169     524       1
  170     448       1
  170     480       1
  170     496       1
  171     181       1
  171     513       1
  171     678       1
  172     173       1
  172     682       1
  172     688       1
  173     175       1
  173     222       1
  173     375       1
  173     380       1
  175     276       1
  175     457       1
  175     668       1
  176     335       1
  177     516       1
  177     527       1
  177     569       1
  178     422       1
  178     424       1
  179     460       1
  179     527       1
  180     188       1
  180     458       1
  180     516       1
  181     455       1
  183     642       1
  185     310       1
  185     416       1
  186     223       1
  188     636       1
  189     363       1
  192     230       1
  193     231       1
  193     325       1
  194     334       1
  195     242       1
  195     409       1
  195     636       1
  196     582       1
  197     552       1
  197     601       1
  197     680       1
  198     524       1
  198     620       1
  200     299       1
  201     272       1
  202     386       1
  203     283       1
  203     313       1
  203     490       1
  203     644       1
  204     218       1
  204     264       1
  204     325       1
  205     224       1
  205     384       1
  205     498       1
  205     651       1
  205     658       1
  206     697       1
  207     620       1
  208     256       1
  208     259       1
  208     310       1
  208     474       1
  208     506       1
  209     395       1
  209     580       1
  211     416       1
  212     384       1
  213     252       1
  213     522       1
  214     533       1
  216     696       1
  218     314       1
  218     315       1
  218     378       1
  218     613       1
  219     672       1
  219     688       1
  220     278       1
  220     486       1
  221     697       1
  222     433       1
  223     607       1
  223     666       1
  223     687       1
  225     651       1
  226     401       1
  226     437       1
  226     446       1
  227     450       1
  228     412       1
  229     598       1
  230     309       1
  230     614       1
  230     639       1
  231     314       1
  232     498       1
  232     516       1
  232     635       1
  233     266       1
  234     656       1
  235     240       1
  235     306       1
  235     321       1
  235     438       1
  236     260       1
  236     305       1
  236     698       1
  237     518       1
  237     566       1
  237     636       1
  238     643       1
  239     431       1
  239     576       1
  241     260       1
  243     336       1
  243     353       1
  243     372       1
  243     442       1
  243     641       1
  244     425       1
  245     578       1
  245     679       1
  246     313       1
  247     277       1
  247     284       1
  247     515       1
  247     558       1
  248     358       1
  248     397       1
  249     266       1
  249     295       1
  250     526       1
  251     521       1
  252     618       1
  253     662       1
  254     617       1
  256     344       1
  256     511       1
  257     305       1
  258     509       1
  258     683       1
  259     464       1
  259     652       1
  261     544       1
  261     692       1
  262     650       1
  264     331       1
  264     675       1
  265     277       1
  266     501       1
  267     563       1
  268     282       1
  268     302       1
  268     374       1
  268     559       1
  268     614       1
  269     316       1
  269     332       1
  270     574       1
  271     569       1
  272     357       1
  273     340       1
  273     652       1
  274     342       1
  274     534       1
  275     400       1
  275     622       1
  276     521       1
  278     654       1
  278     672       1
  280     383       1
  281     574       1
  283     379       1
  283     566       1
  285     565       1
  286     470       1
  286     564       1
  287     519       1
  288     672       1
  289     357       1
  290     628       1
  290     688       1
  291     484       1
  292     453       1
  293     558       1
  294     591       1
  295     572       1
  296     514       1
  297     623       1
  298     328       1
  298     461       1
  298     669       1
  299     394       1
  299     444       1
  299     530       1
  299     616       1
  299     658       1
  303     626       1
  304     615       1
  304     643       1
  305     561       1
  305     696       1
  306     439       1
  307     480       1
  308     638       1
  308     653       1
  309     360       1
  309     533       1
  310     325       1
  310     634       1
  310     642       1
  312     355       1
  312     587       1
  314     431       1
  314     693       1
  315     636       1
  315     665       1
  316     419       1
  316     519       1
  316     569       1
  317     519       1
  319     694       1
  320     450       1
  321     509       1
  322     598       1
  323     362       1
  323     642       1
  324     636       1
  324     676       1
  325     647       1
  326     569       1
  327     459       1
  328     395       1
  328     628       1
  329     648       1
  331     453       1
  332     570       1
  333     403       1
  333     410       1
  333     549       1
  333     606       1
  335     587       1
  336     568       1
  337     383       1
  337     677       1
  337     685       1
  338     696       1
  339     356       1
  339     489       1
  340     341       1
  340     507       1
  340     692       1
  340     696       1
  341     480       1
  341     610       1
  341     641       1
  341     650       1
  343     447       1
  343     571       1
  346     616       1
  347     354       1
  347     619       1
  347     658       1
  348     388       1
  349     594       1
  350     685       1
  351     386       1
  351     398       1
  351     502       1
  352     427       1
  353     505       1
  355     365       1
  355     369       1
  355     414       1
  355     596       1
  356     396       1
  357     700       1
  359     674       1
  361     379       1
  361     450       1
  362     418       1
  362     514       1
  362     625       1
  363     661       1
  364     537       1
  366     455       1
  367     408       1
  368     494       1
  368     543       1
  369     554       1
  370     492       1
  370     633       1
  371     387       1
  371     604       1
  371     677       1
  373     438       1
  376     540       1
  377     546       1
  379     450       1
  379     588       1
  380     665       1
  382     639       1
  388     538       1
  392     629       1
  392     671       1
  393     687       1
  395     683       1
  396     420       1
  397     564       1
  399     551       1
  400     589       1
  403     597       1
  405     651       1
  407     634       1
  410     480       1
  410     655       1
  411     558       1
  411     662       1
  412     481       1
  412     614       1
  413     599       1
  415     590       1
  416     519       1
  416     654       1
  417     480       1
  422     487       1
  423     433       1
  423     664       1
  424     432       1
  424     437       1
  424     460       1
  424     520       1
  424     573       1
  424     646       1
  427     657       1
  428     547       1
  428     689       1
  429     598       1
  429     656       1
  430     499       1
  433     483       1
  434     558       1
  435     439       1
  435     490       1
  436     696       1
  440     667       1
  441     474       1
  441     637       1
  443     479       1
  443     694       1
  445     466       1
  448     479       1
  450     510       1
  451     605       1
  452     614       1
  453     630       1
  454     620       1
  456     696       1
  457     577       1
  459     571       1
  459     575       1
  463     481       1
  465     592       1
  469     599       1
  471     596       1
  473     581       1
  474     660       1
  475     544       1
  476     600       1
  477     622       1
  482     489       1
  482     611       1
  482     627       1
  483     647       1
  485     545       1
  488     684       1
  488     697       1
  489     498       1
  489     516       1
  489     565       1
  491     532       1
  491     630       1
  493     525       1
  494     590       1
  495     592       1
  495     687       1
  497     529       1
  497     605       1
  498     592       1
  499     519       1
  499     590       1
  499     612       1
  499     663       1
  501     516       1
  502     503       1
  502     571       1
  502     610       1
  503     540       1
  504     585       1
  507     508       1
  507     512       1
  507     583       1
  510     650       1
  513     649       1
  514     615       1
  517     556       1
  522     527       1
  525     614       1
  527     686       1
  531     626       1
  532     579       1
  534     587       1
  537     559       1
  539     540       1
  542     622       1
  542     636       1
  544     647       1
  547     696       1
  548     550       1
  549     611       1
  551     656       1
  556     585       1
  557     568       1
  557     588       1
  558     595       1
  558     700       1
  561     596       1
  563     639       1
  567     622       1
  574     650       1
  576     682       1
  579     586       1
  579     608       1
  579     676       1
  585     587       1
  592     629       1
  593     665       1
  594     617       1
  596     697       1
  599     626       1
  600     691       1
  601     650       1
  603     655       1
  605     615       1
  614     696       1
  616     643       1
  621     665       1
  633     698       1
  640     682       1
  643     698       1
  644     667       1
  645     648       1
  650     652       1
  656     674       1
  665     692       1
  670     696       1
  679     690       1
  679     695       1
  685     699       1
