  100     144
    1      28       1
    1      45       1
    1      88       1
    2      25       1
    2      40       1
    2      61       1
    3      28       1
    3      79       1
    4      57       1
    4      91       1
    4      99       1
    5      15       1
    5      19       1
    5      30       1
    5      56       1
    5      59       1
    6      13       1
    6      96       1
    7      16       1
    8      13       1
    8      65       1
    8      68       1
    9      70       1
    9      73       1
    9      81       1
   10      87       1
   11      16       1
   11      34       1
   11      37       1
   11      71       1
   12      91       1
   13      32       1
   13      50       1
   14      26       1
   14      28       1
   14      43       1
   14      58       1
   15      28       1
   15      38       1
   15      56       1
   15      60       1
   15      76       1
   15      87       1
   16      42       1
   16      44       1
   16      48       1
   16      60       1
   16      72       1
   16      89       1
   17      65       1
   17      81       1
   18      44       1
   18      60       1
   19      50       1
   19      73       1
   20      86       1
   21      28       1
   21      72       1
   21      85       1
   22      88       1
   23      50       1
   23      54       1
   24      39       1
   24      60       1
   24      62       1
   24      96       1
   24     100       1
   25      27       1
   25      38       1
   26      63       1
   27      71       1
   28      91       1
   29      56       1
   29      78       1
   29      85       1
   30      42       1
   30      66       1
   30      68       1
   31      41       1
   31      89       1
   33      78       1
   35      50       1
   35      74       1
   35      89       1
   36      70       1
   37      51       1
   37      69       1
   38      69       1
   38      80       1
   39      67       1
   40      58       1
   40      60       1
   40      77       1
   41      85       1
   41      95       1
   42      68       1
   42      81       1
   42      98       1
   43      51       1
   43      64       1
   43      82       1
   43      83       1
   43      91       1
   44      93       1
   45      62       1
   45      79       1
   46      55       1
   47      91       1
   48      55       1
   49      63       1
   49      88       1
   50      80       1
   51      62       1
   52      54       1
   52      55       1
   52      67       1
   53      86       1
   54      91       1
   55      65       1
   55      78       1
   55      98       1
   56      84       1
   56      93       1
   58      97       1
   60      75       1
   60      88       1
   60     100       1
   61      84       1
   61      97       1
   63      72       1
   63      74       1
   63      88       1
   65      67       1
   65      72       1
   65      74       1
   68      69       1
   74      81       1
   75      98       1
   81      91       1
   81      92       1
   83      84       1
   84      90       1
   86      91       1
   90      94       1
