instancias/Spd_RF2_1000_1047_6011.txt;1000;1047;;314;0.7063910000;
instancias/Spd_RF2_1000_1047_6019.txt;1000;1047;;315;0.7583900000;
instancias/Spd_RF2_1000_1047_6027.txt;1000;1047;;315;0.7617000000;
instancias/Spd_RF2_1000_1047_6035.txt;1000;1047;;315;0.7587580000;
instancias/Spd_RF2_1000_1047_6043.txt;1000;1047;;314;0.6671530000;
instancias/Spd_RF2_1000_1095_6051.txt;1000;1095;;295;1.1076150000;
instancias/Spd_RF2_1000_1095_6059.txt;1000;1095;;296;0.8513060000;
instancias/Spd_RF2_1000_1095_6067.txt;1000;1095;;295;1.1297590000;
instancias/Spd_RF2_1000_1095_6075.txt;1000;1095;;292;0.9675680000;
instancias/Spd_RF2_1000_1095_6083.txt;1000;1095;;293;0.8394500000;
instancias/Spd_RF2_1000_1143_6091.txt;1000;1143;;276;0.9785820000;
instancias/Spd_RF2_1000_1143_6099.txt;1000;1143;;276;0.8723530000;
instancias/Spd_RF2_1000_1143_6107.txt;1000;1143;;277;0.9948090000;
instancias/Spd_RF2_1000_1143_6115.txt;1000;1143;;278;0.9930930000;
instancias/Spd_RF2_1000_1143_6123.txt;1000;1143;;274;0.9068780000;
instancias/Spd_RF2_1000_1191_6131.txt;1000;1191;;255;1.1355260000;
instancias/Spd_RF2_1000_1191_6139.txt;1000;1191;;257;0.9291500000;
instancias/Spd_RF2_1000_1191_6147.txt;1000;1191;;257;0.9877590000;
instancias/Spd_RF2_1000_1191_6155.txt;1000;1191;;259;1.0100370000;
instancias/Spd_RF2_1000_1191_6163.txt;1000;1191;;259;1.0723290000;
instancias/Spd_RF2_1000_1239_6171.txt;1000;1239;;238;0.9337890000;
instancias/Spd_RF2_1000_1239_6179.txt;1000;1239;;243;0.9050270000;
instancias/Spd_RF2_1000_1239_6187.txt;1000;1239;;240;1.0201190000;
instancias/Spd_RF2_1000_1239_6195.txt;1000;1239;;245;1.0477900000;
instancias/Spd_RF2_1000_1239_6203.txt;1000;1239;;243;1.0936240000;
instancias/Spd_RF2_100_114_1811.txt;100;114;;27;0.0330790000;
instancias/Spd_RF2_100_114_1819.txt;100;114;;23;0.0364520000;
instancias/Spd_RF2_100_114_1827.txt;100;114;;23;0.0318120000;
instancias/Spd_RF2_100_114_1835.txt;100;114;;23;0.0303890000;
instancias/Spd_RF2_100_114_1843.txt;100;114;;25;0.0484750000;
instancias/Spd_RF2_100_129_1851.txt;100;129;;18;0.0515290000;
instancias/Spd_RF2_100_129_1859.txt;100;129;;18;0.0639590000;
instancias/Spd_RF2_100_129_1867.txt;100;129;;17;0.0580290000;
instancias/Spd_RF2_100_129_1875.txt;100;129;;17;0.0455550000;
instancias/Spd_RF2_100_129_1883.txt;100;129;;16;0.0475440000;
instancias/Spd_RF2_100_144_1891.txt;100;144;;14;0.0654170000;
instancias/Spd_RF2_100_144_1899.txt;100;144;;13;0.0675090000;
instancias/Spd_RF2_100_144_1907.txt;100;144;;15;0.0548560000;
instancias/Spd_RF2_100_144_1915.txt;100;144;;12;0.0814670000;
instancias/Spd_RF2_100_144_1923.txt;100;144;;14;0.0582010000;
instancias/Spd_RF2_100_159_1931.txt;100;159;;10;0.0771790000;
instancias/Spd_RF2_100_159_1939.txt;100;159;;11;0.0752090000;
instancias/Spd_RF2_100_159_1947.txt;100;159;;9;0.0774660000;
instancias/Spd_RF2_100_159_1955.txt;100;159;;10;0.0705220000;
instancias/Spd_RF2_100_159_1963.txt;100;159;;12;0.0689990000;
instancias/Spd_RF2_100_174_1971.txt;100;174;;8;0.0666120000;
instancias/Spd_RF2_100_174_1979.txt;100;174;;9;0.0801900000;
instancias/Spd_RF2_100_174_1987.txt;100;174;;10;0.0722400000;
instancias/Spd_RF2_100_174_1995.txt;100;174;;8;0.0715970000;
instancias/Spd_RF2_100_174_2003.txt;100;174;;8;0.0831250000;
instancias/Spd_RF2_120_136_2211.txt;120;136;;31;0.0417690000;
instancias/Spd_RF2_120_136_2219.txt;120;136;;29;0.0431190000;
instancias/Spd_RF2_120_136_2227.txt;120;136;;30;0.0501920000;
instancias/Spd_RF2_120_136_2235.txt;120;136;;30;0.0421030000;
instancias/Spd_RF2_120_136_2243.txt;120;136;;30;0.0561560000;
instancias/Spd_RF2_120_152_2251.txt;120;152;;21;0.0590810000;
instancias/Spd_RF2_120_152_2259.txt;120;152;;23;0.0669690000;
instancias/Spd_RF2_120_152_2267.txt;120;152;;23;0.0589160000;
instancias/Spd_RF2_120_152_2275.txt;120;152;;22;0.0731980000;
instancias/Spd_RF2_120_152_2283.txt;120;152;;24;0.0460910000;
instancias/Spd_RF2_120_169_2291.txt;120;169;;18;0.0780600000;
instancias/Spd_RF2_120_169_2299.txt;120;169;;18;0.0665920000;
instancias/Spd_RF2_120_169_2307.txt;120;169;;16;0.0938170000;
instancias/Spd_RF2_120_169_2315.txt;120;169;;18;0.0893410000;
instancias/Spd_RF2_120_169_2323.txt;120;169;;19;0.0705150000;
instancias/Spd_RF2_120_185_2331.txt;120;185;;13;0.1050590000;
instancias/Spd_RF2_120_185_2339.txt;120;185;;14;0.0927880000;
instancias/Spd_RF2_120_185_2347.txt;120;185;;15;0.0904620000;
instancias/Spd_RF2_120_185_2355.txt;120;185;;12;0.0915500000;
instancias/Spd_RF2_120_185_2363.txt;120;185;;13;0.0726110000;
instancias/Spd_RF2_120_202_2371.txt;120;202;;11;0.1110810000;
instancias/Spd_RF2_120_202_2379.txt;120;202;;14;0.1033340000;
instancias/Spd_RF2_120_202_2387.txt;120;202;;11;0.0851120000;
instancias/Spd_RF2_120_202_2395.txt;120;202;;10;0.0961010000;
instancias/Spd_RF2_120_202_2403.txt;120;202;;12;0.0918210000;
instancias/Spd_RF2_140_157_2611.txt;140;157;;35;0.0548150000;
instancias/Spd_RF2_140_157_2619.txt;140;157;;34;0.0469770000;
instancias/Spd_RF2_140_157_2627.txt;140;157;;35;0.0686120000;
instancias/Spd_RF2_140_157_2635.txt;140;157;;34;0.0614730000;
instancias/Spd_RF2_140_157_2643.txt;140;157;;34;0.0599630000;
instancias/Spd_RF2_140_175_2651.txt;140;175;;25;0.0947910000;
instancias/Spd_RF2_140_175_2659.txt;140;175;;29;0.0798720000;
instancias/Spd_RF2_140_175_2667.txt;140;175;;26;0.0838960000;
instancias/Spd_RF2_140_175_2675.txt;140;175;;25;0.0734360000;
instancias/Spd_RF2_140_175_2683.txt;140;175;;29;0.0820670000;
instancias/Spd_RF2_140_193_2691.txt;140;193;;20;0.0931600000;
instancias/Spd_RF2_140_193_2699.txt;140;193;;20;0.1299660000;
instancias/Spd_RF2_140_193_2707.txt;140;193;;20;0.0889010000;
instancias/Spd_RF2_140_193_2715.txt;140;193;;22;0.1145590000;
instancias/Spd_RF2_140_193_2723.txt;140;193;;21;0.1266140000;
instancias/Spd_RF2_140_211_2731.txt;140;211;;18;0.1051590000;
instancias/Spd_RF2_140_211_2739.txt;140;211;;20;0.1185430000;
instancias/Spd_RF2_140_211_2747.txt;140;211;;19;0.1118440000;
instancias/Spd_RF2_140_211_2755.txt;140;211;;17;0.0917460000;
instancias/Spd_RF2_140_211_2763.txt;140;211;;18;0.1136990000;
instancias/Spd_RF2_140_229_2771.txt;140;229;;14;0.1366600000;
instancias/Spd_RF2_140_229_2779.txt;140;229;;14;0.1391720000;
instancias/Spd_RF2_140_229_2787.txt;140;229;;15;0.1445240000;
instancias/Spd_RF2_140_229_2795.txt;140;229;;15;0.1031740000;
instancias/Spd_RF2_140_229_2803.txt;140;229;;15;0.1325710000;
instancias/Spd_RF2_160_179_3011.txt;160;179;;39;0.0601240000;
instancias/Spd_RF2_160_179_3019.txt;160;179;;40;0.0665220000;
instancias/Spd_RF2_160_179_3027.txt;160;179;;42;0.0878140000;
instancias/Spd_RF2_160_179_3035.txt;160;179;;40;0.0759970000;
instancias/Spd_RF2_160_179_3043.txt;160;179;;40;0.0518320000;
instancias/Spd_RF2_160_198_3051.txt;160;198;;33;0.0692010000;
instancias/Spd_RF2_160_198_3059.txt;160;198;;31;0.1124860000;
instancias/Spd_RF2_160_198_3067.txt;160;198;;32;0.0825230000;
instancias/Spd_RF2_160_198_3075.txt;160;198;;32;0.1086670000;
instancias/Spd_RF2_160_198_3083.txt;160;198;;33;0.1062260000;
instancias/Spd_RF2_160_218_3091.txt;160;218;;24;0.1215030000;
instancias/Spd_RF2_160_218_3099.txt;160;218;;27;0.1040860000;
instancias/Spd_RF2_160_218_3107.txt;160;218;;24;0.1323920000;
instancias/Spd_RF2_160_218_3115.txt;160;218;;25;0.1078420000;
instancias/Spd_RF2_160_218_3123.txt;160;218;;26;0.1254570000;
instancias/Spd_RF2_160_237_3131.txt;160;237;;22;0.1199550000;
instancias/Spd_RF2_160_237_3139.txt;160;237;;20;0.1491500000;
instancias/Spd_RF2_160_237_3147.txt;160;237;;20;0.1707300000;
instancias/Spd_RF2_160_237_3155.txt;160;237;;20;0.1488620000;
instancias/Spd_RF2_160_237_3163.txt;160;237;;21;0.1200310000;
instancias/Spd_RF2_160_257_3171.txt;160;257;;20;0.1456340000;
instancias/Spd_RF2_160_257_3179.txt;160;257;;17;0.1334500000;
instancias/Spd_RF2_160_257_3187.txt;160;257;;18;0.1852640000;
instancias/Spd_RF2_160_257_3195.txt;160;257;;17;0.1583470000;
instancias/Spd_RF2_160_257_3203.txt;160;257;;17;0.1451920000;
instancias/Spd_RF2_180_200_3411.txt;180;200;;47;0.0655770000;
instancias/Spd_RF2_180_200_3419.txt;180;200;;48;0.0773660000;
instancias/Spd_RF2_180_200_3427.txt;180;200;;47;0.0813230000;
instancias/Spd_RF2_180_200_3435.txt;180;200;;46;0.0710320000;
instancias/Spd_RF2_180_200_3443.txt;180;200;;45;0.0867730000;
instancias/Spd_RF2_180_221_3451.txt;180;221;;34;0.1212720000;
instancias/Spd_RF2_180_221_3459.txt;180;221;;37;0.1501770000;
instancias/Spd_RF2_180_221_3467.txt;180;221;;35;0.1008970000;
instancias/Spd_RF2_180_221_3475.txt;180;221;;36;0.1342570000;
instancias/Spd_RF2_180_221_3483.txt;180;221;;39;0.0906850000;
instancias/Spd_RF2_180_242_3491.txt;180;242;;28;0.1449290000;
instancias/Spd_RF2_180_242_3499.txt;180;242;;28;0.1394780000;
instancias/Spd_RF2_180_242_3507.txt;180;242;;28;0.1457780000;
instancias/Spd_RF2_180_242_3515.txt;180;242;;28;0.1218200000;
instancias/Spd_RF2_180_242_3523.txt;180;242;;27;0.1593770000;
instancias/Spd_RF2_180_263_3531.txt;180;263;;23;0.1933320000;
instancias/Spd_RF2_180_263_3539.txt;180;263;;23;0.1481220000;
instancias/Spd_RF2_180_263_3547.txt;180;263;;24;0.1501550000;
instancias/Spd_RF2_180_263_3555.txt;180;263;;24;0.1627970000;
instancias/Spd_RF2_180_263_3563.txt;180;263;;26;0.1645130000;
instancias/Spd_RF2_180_284_3571.txt;180;284;;20;0.2060440000;
instancias/Spd_RF2_180_284_3579.txt;180;284;;21;0.1938180000;
instancias/Spd_RF2_180_284_3587.txt;180;284;;20;0.2247070000;
instancias/Spd_RF2_180_284_3595.txt;180;284;;23;0.1584980000;
instancias/Spd_RF2_180_284_3603.txt;180;284;;23;0.1467610000;
instancias/Spd_RF2_200_222_3811.txt;200;222;;51;0.0671730000;
instancias/Spd_RF2_200_222_3819.txt;200;222;;52;0.0832640000;
instancias/Spd_RF2_200_222_3827.txt;200;222;;51;0.0811550000;
instancias/Spd_RF2_200_222_3835.txt;200;222;;51;0.0861270000;
instancias/Spd_RF2_200_222_3843.txt;200;222;;52;0.0804960000;
instancias/Spd_RF2_200_244_3851.txt;200;244;;40;0.1053170000;
instancias/Spd_RF2_200_244_3859.txt;200;244;;43;0.1068240000;
instancias/Spd_RF2_200_244_3867.txt;200;244;;39;0.1188750000;
instancias/Spd_RF2_200_244_3875.txt;200;244;;39;0.1321660000;
instancias/Spd_RF2_200_244_3883.txt;200;244;;39;0.1406530000;
instancias/Spd_RF2_200_267_3891.txt;200;267;;34;0.1722820000;
instancias/Spd_RF2_200_267_3899.txt;200;267;;32;0.1616210000;
instancias/Spd_RF2_200_267_3907.txt;200;267;;32;0.1205400000;
instancias/Spd_RF2_200_267_3915.txt;200;267;;33;0.1383760000;
instancias/Spd_RF2_200_267_3923.txt;200;267;;33;0.1432410000;
instancias/Spd_RF2_200_289_3931.txt;200;289;;25;0.1894500000;
instancias/Spd_RF2_200_289_3939.txt;200;289;;29;0.1998860000;
instancias/Spd_RF2_200_289_3947.txt;200;289;;30;0.1986170000;
instancias/Spd_RF2_200_289_3955.txt;200;289;;29;0.1830350000;
instancias/Spd_RF2_200_289_3963.txt;200;289;;29;0.1890130000;
instancias/Spd_RF2_200_312_3971.txt;200;312;;25;0.2273780000;
instancias/Spd_RF2_200_312_3979.txt;200;312;;22;0.2216700000;
instancias/Spd_RF2_200_312_3987.txt;200;312;;22;0.1864570000;
instancias/Spd_RF2_200_312_3995.txt;200;312;;23;0.2136220000;
instancias/Spd_RF2_200_312_4003.txt;200;312;;24;0.2108610000;
instancias/Spd_RF2_20_27_211.txt;20;27;;1;0.0067810000;
instancias/Spd_RF2_20_27_219.txt;20;27;;2;0.0075180000;
instancias/Spd_RF2_20_27_227.txt;20;27;;2;0.0075320000;
instancias/Spd_RF2_20_27_235.txt;20;27;;3;0.0051680000;
instancias/Spd_RF2_20_27_243.txt;20;27;;4;0.0044610000;
instancias/Spd_RF2_20_34_251.txt;20;34;;1;0.0091700000;
instancias/Spd_RF2_20_34_259.txt;20;34;;1;0.0099110000;
instancias/Spd_RF2_20_34_267.txt;20;34;;1;0.0101120000;
instancias/Spd_RF2_20_34_275.txt;20;34;;2;0.0092240000;
instancias/Spd_RF2_20_34_283.txt;20;34;;1;0.0078010000;
instancias/Spd_RF2_20_42_291.txt;20;42;;1;0.0092570000;
instancias/Spd_RF2_20_42_299.txt;20;42;;1;0.0088870000;
instancias/Spd_RF2_20_42_307.txt;20;42;;1;0.0092970000;
instancias/Spd_RF2_20_42_315.txt;20;42;;0;0.0088360000;
instancias/Spd_RF2_20_42_323.txt;20;42;;0;0.0091370000;
instancias/Spd_RF2_20_49_331.txt;20;49;;0;0.0088230000;
instancias/Spd_RF2_20_49_339.txt;20;49;;0;0.0100840000;
instancias/Spd_RF2_20_49_347.txt;20;49;;0;0.0090630000;
instancias/Spd_RF2_20_49_355.txt;20;49;;0;0.0090890000;
instancias/Spd_RF2_20_49_363.txt;20;49;;0;0.0090370000;
instancias/Spd_RF2_20_57_371.txt;20;57;;0;0.0094480000;
instancias/Spd_RF2_20_57_379.txt;20;57;;0;0.0094740000;
instancias/Spd_RF2_20_57_387.txt;20;57;;0;0.0094780000;
instancias/Spd_RF2_20_57_395.txt;20;57;;0;0.0092480000;
instancias/Spd_RF2_20_57_403.txt;20;57;;0;0.0092670000;
instancias/Spd_RF2_250_273_4011.txt;250;273;;67;0.1082390000;
instancias/Spd_RF2_250_273_4019.txt;250;273;;66;0.1165810000;
instancias/Spd_RF2_250_273_4027.txt;250;273;;66;0.1099910000;
instancias/Spd_RF2_250_273_4035.txt;250;273;;68;0.1218320000;
instancias/Spd_RF2_250_273_4043.txt;250;273;;67;0.0907500000;
instancias/Spd_RF2_250_297_4051.txt;250;297;;53;0.1634940000;
instancias/Spd_RF2_250_297_4059.txt;250;297;;59;0.1729970000;
instancias/Spd_RF2_250_297_4067.txt;250;297;;52;0.1613550000;
instancias/Spd_RF2_250_297_4075.txt;250;297;;56;0.1773550000;
instancias/Spd_RF2_250_297_4083.txt;250;297;;54;0.1848400000;
instancias/Spd_RF2_250_321_4091.txt;250;321;;47;0.1920780000;
instancias/Spd_RF2_250_321_4099.txt;250;321;;45;0.2246270000;
instancias/Spd_RF2_250_321_4107.txt;250;321;;45;0.2215680000;
instancias/Spd_RF2_250_321_4115.txt;250;321;;46;0.1950860000;
instancias/Spd_RF2_250_321_4123.txt;250;321;;46;0.1368340000;
instancias/Spd_RF2_250_345_4131.txt;250;345;;36;0.2474610000;
instancias/Spd_RF2_250_345_4139.txt;250;345;;41;0.2406040000;
instancias/Spd_RF2_250_345_4147.txt;250;345;;39;0.2566070000;
instancias/Spd_RF2_250_345_4155.txt;250;345;;36;0.2644870000;
instancias/Spd_RF2_250_345_4163.txt;250;345;;41;0.2193160000;
instancias/Spd_RF2_250_369_4171.txt;250;369;;33;0.2567530000;
instancias/Spd_RF2_250_369_4179.txt;250;369;;32;0.3363730000;
instancias/Spd_RF2_250_369_4187.txt;250;369;;31;0.2446000000;
instancias/Spd_RF2_250_369_4195.txt;250;369;;33;0.2770880000;
instancias/Spd_RF2_250_369_4203.txt;250;369;;33;0.2950740000;
instancias/Spd_RF2_300_326_4211.txt;300;326;;83;0.1393790000;
instancias/Spd_RF2_300_326_4219.txt;300;326;;81;0.1485200000;
instancias/Spd_RF2_300_326_4227.txt;300;326;;82;0.1503360000;
instancias/Spd_RF2_300_326_4235.txt;300;326;;81;0.1420980000;
instancias/Spd_RF2_300_326_4243.txt;300;326;;82;0.1387470000;
instancias/Spd_RF2_300_353_4251.txt;300;353;;67;0.1460710000;
instancias/Spd_RF2_300_353_4259.txt;300;353;;67;0.1818250000;
instancias/Spd_RF2_300_353_4267.txt;300;353;;71;0.2206730000;
instancias/Spd_RF2_300_353_4275.txt;300;353;;70;0.2290940000;
instancias/Spd_RF2_300_353_4283.txt;300;353;;70;0.2127380000;
instancias/Spd_RF2_300_380_4291.txt;300;380;;60;0.2304590000;
instancias/Spd_RF2_300_380_4299.txt;300;380;;57;0.2405220000;
instancias/Spd_RF2_300_380_4307.txt;300;380;;58;0.2932390000;
instancias/Spd_RF2_300_380_4315.txt;300;380;;55;0.3137790000;
instancias/Spd_RF2_300_380_4323.txt;300;380;;58;0.2533600000;
instancias/Spd_RF2_300_407_4331.txt;300;407;;52;0.2731890000;
instancias/Spd_RF2_300_407_4339.txt;300;407;;51;0.2988180000;
instancias/Spd_RF2_300_407_4347.txt;300;407;;51;0.3229950000;
instancias/Spd_RF2_300_407_4355.txt;300;407;;48;0.2969000000;
instancias/Spd_RF2_300_407_4363.txt;300;407;;51;0.3493250000;
instancias/Spd_RF2_300_434_4371.txt;300;434;;43;0.3864780000;
instancias/Spd_RF2_300_434_4379.txt;300;434;;41;0.3178410000;
instancias/Spd_RF2_300_434_4387.txt;300;434;;42;0.3815660000;
instancias/Spd_RF2_300_434_4395.txt;300;434;;44;0.3738320000;
instancias/Spd_RF2_300_434_4403.txt;300;434;;45;0.3410780000;
instancias/Spd_RF2_350_378_4411.txt;350;378;;97;0.2007640000;
instancias/Spd_RF2_350_378_4419.txt;350;378;;93;0.1836170000;
instancias/Spd_RF2_350_378_4427.txt;350;378;;96;0.1783600000;
instancias/Spd_RF2_350_378_4435.txt;350;378;;94;0.1456260000;
instancias/Spd_RF2_350_378_4443.txt;350;378;;95;0.1954000000;
instancias/Spd_RF2_350_406_4451.txt;350;406;;82;0.2095090000;
instancias/Spd_RF2_350_406_4459.txt;350;406;;82;0.2645210000;
instancias/Spd_RF2_350_406_4467.txt;350;406;;83;0.2497620000;
instancias/Spd_RF2_350_406_4475.txt;350;406;;81;0.2981020000;
instancias/Spd_RF2_350_406_4483.txt;350;406;;82;0.3317090000;
instancias/Spd_RF2_350_435_4491.txt;350;435;;68;0.3566000000;
instancias/Spd_RF2_350_435_4499.txt;350;435;;68;0.4122490000;
instancias/Spd_RF2_350_435_4507.txt;350;435;;68;0.3553070000;
instancias/Spd_RF2_350_435_4515.txt;350;435;;70;0.3006850000;
instancias/Spd_RF2_350_435_4523.txt;350;435;;70;0.3651180000;
instancias/Spd_RF2_350_463_4531.txt;350;463;;66;0.3544200000;
instancias/Spd_RF2_350_463_4539.txt;350;463;;63;0.4108060000;
instancias/Spd_RF2_350_463_4547.txt;350;463;;63;0.4962660000;
instancias/Spd_RF2_350_463_4555.txt;350;463;;61;0.4495710000;
instancias/Spd_RF2_350_463_4563.txt;350;463;;61;0.4547010000;
instancias/Spd_RF2_350_492_4571.txt;350;492;;52;0.4234210000;
instancias/Spd_RF2_350_492_4579.txt;350;492;;57;0.4889140000;
instancias/Spd_RF2_350_492_4587.txt;350;492;;50;0.5297050000;
instancias/Spd_RF2_350_492_4595.txt;350;492;;47;0.4814250000;
instancias/Spd_RF2_350_492_4603.txt;350;492;;55;0.4798470000;
instancias/Spd_RF2_400_429_4611.txt;400;429;;113;0.1979870000;
instancias/Spd_RF2_400_429_4619.txt;400;429;;113;0.2279200000;
instancias/Spd_RF2_400_429_4627.txt;400;429;;113;0.1902660000;
instancias/Spd_RF2_400_429_4635.txt;400;429;;112;0.2552500000;
instancias/Spd_RF2_400_429_4643.txt;400;429;;115;0.1819020000;
instancias/Spd_RF2_400_459_4651.txt;400;459;;97;0.3253870000;
instancias/Spd_RF2_400_459_4659.txt;400;459;;95;0.3231030000;
instancias/Spd_RF2_400_459_4667.txt;400;459;;97;0.4082030000;
instancias/Spd_RF2_400_459_4675.txt;400;459;;98;0.3262380000;
instancias/Spd_RF2_400_459_4683.txt;400;459;;95;0.3437650000;
instancias/Spd_RF2_400_489_4691.txt;400;489;;81;0.4398720000;
instancias/Spd_RF2_400_489_4699.txt;400;489;;85;0.4214390000;
instancias/Spd_RF2_400_489_4707.txt;400;489;;84;0.4322320000;
instancias/Spd_RF2_400_489_4715.txt;400;489;;82;0.4009390000;
instancias/Spd_RF2_400_489_4723.txt;400;489;;85;0.4375000000;
instancias/Spd_RF2_400_519_4731.txt;400;519;;74;0.4940540000;
instancias/Spd_RF2_400_519_4739.txt;400;519;;71;0.5175740000;
instancias/Spd_RF2_400_519_4747.txt;400;519;;76;0.5151770000;
instancias/Spd_RF2_400_519_4755.txt;400;519;;76;0.5153480000;
instancias/Spd_RF2_400_519_4763.txt;400;519;;73;0.4255310000;
instancias/Spd_RF2_400_549_4771.txt;400;549;;63;0.5262810000;
instancias/Spd_RF2_400_549_4779.txt;400;549;;61;0.5006070000;
instancias/Spd_RF2_400_549_4787.txt;400;549;;64;0.5168590000;
instancias/Spd_RF2_400_549_4795.txt;400;549;;62;0.5565320000;
instancias/Spd_RF2_400_549_4803.txt;400;549;;66;0.4436470000;
instancias/Spd_RF2_40_50_611.txt;40;50;;8;0.0141510000;
instancias/Spd_RF2_40_50_619.txt;40;50;;7;0.0122330000;
instancias/Spd_RF2_40_50_627.txt;40;50;;7;0.0129370000;
instancias/Spd_RF2_40_50_635.txt;40;50;;8;0.0173030000;
instancias/Spd_RF2_40_50_643.txt;40;50;;7;0.0178690000;
instancias/Spd_RF2_40_60_651.txt;40;60;;4;0.0219490000;
instancias/Spd_RF2_40_60_659.txt;40;60;;3;0.0204190000;
instancias/Spd_RF2_40_60_667.txt;40;60;;4;0.0170600000;
instancias/Spd_RF2_40_60_675.txt;40;60;;3;0.0235330000;
instancias/Spd_RF2_40_60_683.txt;40;60;;4;0.0179850000;
instancias/Spd_RF2_40_71_691.txt;40;71;;2;0.0213770000;
instancias/Spd_RF2_40_71_699.txt;40;71;;3;0.0219980000;
instancias/Spd_RF2_40_71_707.txt;40;71;;2;0.0197160000;
instancias/Spd_RF2_40_71_715.txt;40;71;;3;0.0204080000;
instancias/Spd_RF2_40_71_723.txt;40;71;;2;0.0231040000;
instancias/Spd_RF2_40_81_731.txt;40;81;;1;0.0220700000;
instancias/Spd_RF2_40_81_739.txt;40;81;;1;0.0210920000;
instancias/Spd_RF2_40_81_747.txt;40;81;;2;0.0239260000;
instancias/Spd_RF2_40_81_755.txt;40;81;;2;0.0222370000;
instancias/Spd_RF2_40_81_763.txt;40;81;;1;0.0218510000;
instancias/Spd_RF2_40_92_771.txt;40;92;;1;0.0223080000;
instancias/Spd_RF2_40_92_779.txt;40;92;;1;0.0223760000;
instancias/Spd_RF2_40_92_787.txt;40;92;;2;0.0231890000;
instancias/Spd_RF2_40_92_795.txt;40;92;;1;0.0222670000;
instancias/Spd_RF2_40_92_803.txt;40;92;;1;0.0217280000;
instancias/Spd_RF2_450_482_4811.txt;450;482;;126;0.2490890000;
instancias/Spd_RF2_450_482_4819.txt;450;482;;126;0.2290570000;
instancias/Spd_RF2_450_482_4827.txt;450;482;;128;0.2913970000;
instancias/Spd_RF2_450_482_4835.txt;450;482;;127;0.2925650000;
instancias/Spd_RF2_450_482_4843.txt;450;482;;127;0.2211750000;
instancias/Spd_RF2_450_515_4851.txt;450;515;;109;0.3591190000;
instancias/Spd_RF2_450_515_4859.txt;450;515;;113;0.4192220000;
instancias/Spd_RF2_450_515_4867.txt;450;515;;109;0.3802650000;
instancias/Spd_RF2_450_515_4875.txt;450;515;;111;0.3609990000;
instancias/Spd_RF2_450_515_4883.txt;450;515;;108;0.4341750000;
instancias/Spd_RF2_450_548_4891.txt;450;548;;93;0.4035020000;
instancias/Spd_RF2_450_548_4899.txt;450;548;;91;0.4168490000;
instancias/Spd_RF2_450_548_4907.txt;450;548;;94;0.5455690000;
instancias/Spd_RF2_450_548_4915.txt;450;548;;91;0.5270680000;
instancias/Spd_RF2_450_548_4923.txt;450;548;;97;0.5126030000;
instancias/Spd_RF2_450_581_4931.txt;450;581;;82;0.4985200000;
instancias/Spd_RF2_450_581_4939.txt;450;581;;82;0.5221620000;
instancias/Spd_RF2_450_581_4947.txt;450;581;;84;0.5792220000;
instancias/Spd_RF2_450_581_4955.txt;450;581;;83;0.6327090000;
instancias/Spd_RF2_450_581_4963.txt;450;581;;83;0.5285650000;
instancias/Spd_RF2_450_614_4971.txt;450;614;;73;0.6806420000;
instancias/Spd_RF2_450_614_4979.txt;450;614;;76;0.7417420000;
instancias/Spd_RF2_450_614_4987.txt;450;614;;72;0.6778310000;
instancias/Spd_RF2_450_614_4995.txt;450;614;;76;0.6097240000;
instancias/Spd_RF2_450_614_5003.txt;450;614;;75;0.7434760000;
instancias/Spd_RF2_500_534_5011.txt;500;534;;142;0.2850920000;
instancias/Spd_RF2_500_534_5019.txt;500;534;;143;0.3175570000;
instancias/Spd_RF2_500_534_5027.txt;500;534;;142;0.2459130000;
instancias/Spd_RF2_500_534_5035.txt;500;534;;147;0.2511350000;
instancias/Spd_RF2_500_534_5043.txt;500;534;;141;0.2782420000;
instancias/Spd_RF2_500_568_5051.txt;500;568;;123;0.3921480000;
instancias/Spd_RF2_500_568_5059.txt;500;568;;123;0.4700260000;
instancias/Spd_RF2_500_568_5067.txt;500;568;;125;0.4790650000;
instancias/Spd_RF2_500_568_5075.txt;500;568;;124;0.3647200000;
instancias/Spd_RF2_500_568_5083.txt;500;568;;123;0.3594640000;
instancias/Spd_RF2_500_603_5091.txt;500;603;;112;0.5291190000;
instancias/Spd_RF2_500_603_5099.txt;500;603;;109;0.5050940000;
instancias/Spd_RF2_500_603_5107.txt;500;603;;111;0.5424120000;
instancias/Spd_RF2_500_603_5115.txt;500;603;;110;0.5474300000;
instancias/Spd_RF2_500_603_5123.txt;500;603;;106;0.6299970000;
instancias/Spd_RF2_500_637_5131.txt;500;637;;99;0.5540130000;
instancias/Spd_RF2_500_637_5139.txt;500;637;;98;0.6205810000;
instancias/Spd_RF2_500_637_5147.txt;500;637;;94;0.5442750000;
instancias/Spd_RF2_500_637_5155.txt;500;637;;93;0.7741780000;
instancias/Spd_RF2_500_637_5163.txt;500;637;;90;0.5621450000;
instancias/Spd_RF2_500_672_5171.txt;500;672;;88;0.7703520000;
instancias/Spd_RF2_500_672_5179.txt;500;672;;85;0.8493670000;
instancias/Spd_RF2_500_672_5187.txt;500;672;;81;0.8870160000;
instancias/Spd_RF2_500_672_5195.txt;500;672;;84;0.7420280000;
instancias/Spd_RF2_500_672_5203.txt;500;672;;85;0.7445510000;
instancias/Spd_RF2_600_637_5211.txt;600;637;;184;0.3621340000;
instancias/Spd_RF2_600_637_5219.txt;600;637;;185;0.3325910000;
instancias/Spd_RF2_600_637_5227.txt;600;637;;186;0.4319380000;
instancias/Spd_RF2_600_637_5235.txt;600;637;;185;0.2461100000;
instancias/Spd_RF2_600_637_5243.txt;600;637;;183;0.2928640000;
instancias/Spd_RF2_600_674_5251.txt;600;674;;168;0.3910710000;
instancias/Spd_RF2_600_674_5259.txt;600;674;;170;0.4170890000;
instancias/Spd_RF2_600_674_5267.txt;600;674;;171;0.3344310000;
instancias/Spd_RF2_600_674_5275.txt;600;674;;169;0.3382610000;
instancias/Spd_RF2_600_674_5283.txt;600;674;;172;0.4134440000;
instancias/Spd_RF2_600_712_5291.txt;600;712;;153;0.4056760000;
instancias/Spd_RF2_600_712_5299.txt;600;712;;156;0.4364690000;
instancias/Spd_RF2_600_712_5307.txt;600;712;;154;0.3800260000;
instancias/Spd_RF2_600_712_5315.txt;600;712;;155;0.4499150000;
instancias/Spd_RF2_600_712_5323.txt;600;712;;154;0.4677390000;
instancias/Spd_RF2_600_749_5331.txt;600;749;;140;0.4669140000;
instancias/Spd_RF2_600_749_5339.txt;600;749;;142;0.3327390000;
instancias/Spd_RF2_600_749_5347.txt;600;749;;146;0.4090010000;
instancias/Spd_RF2_600_749_5355.txt;600;749;;147;0.3453570000;
instancias/Spd_RF2_600_749_5363.txt;600;749;;141;0.4014330000;
instancias/Spd_RF2_600_787_5371.txt;600;787;;132;0.5202240000;
instancias/Spd_RF2_600_787_5379.txt;600;787;;130;0.4870910000;
instancias/Spd_RF2_600_787_5387.txt;600;787;;131;0.4021430000;
instancias/Spd_RF2_600_787_5395.txt;600;787;;133;0.3789610000;
instancias/Spd_RF2_600_787_5403.txt;600;787;;131;0.3090700000;
instancias/Spd_RF2_60_107_1131.txt;60;107;;5;0.0386380000;
instancias/Spd_RF2_60_107_1139.txt;60;107;;5;0.0365980000;
instancias/Spd_RF2_60_107_1147.txt;60;107;;5;0.0394180000;
instancias/Spd_RF2_60_107_1155.txt;60;107;;5;0.0362340000;
instancias/Spd_RF2_60_107_1163.txt;60;107;;5;0.0402660000;
instancias/Spd_RF2_60_119_1171.txt;60;119;;4;0.0385950000;
instancias/Spd_RF2_60_119_1179.txt;60;119;;4;0.0425660000;
instancias/Spd_RF2_60_119_1187.txt;60;119;;3;0.0336540000;
instancias/Spd_RF2_60_119_1195.txt;60;119;;3;0.0396090000;
instancias/Spd_RF2_60_119_1203.txt;60;119;;4;0.0409810000;
instancias/Spd_RF2_60_71_1011.txt;60;71;;11;0.0247510000;
instancias/Spd_RF2_60_71_1019.txt;60;71;;14;0.0171880000;
instancias/Spd_RF2_60_71_1027.txt;60;71;;14;0.0241380000;
instancias/Spd_RF2_60_71_1035.txt;60;71;;12;0.0213320000;
instancias/Spd_RF2_60_71_1043.txt;60;71;;16;0.0188370000;
instancias/Spd_RF2_60_83_1051.txt;60;83;;8;0.0347290000;
instancias/Spd_RF2_60_83_1059.txt;60;83;;7;0.0287960000;
instancias/Spd_RF2_60_83_1067.txt;60;83;;8;0.0268570000;
instancias/Spd_RF2_60_83_1075.txt;60;83;;10;0.0270380000;
instancias/Spd_RF2_60_83_1083.txt;60;83;;8;0.0262800000;
instancias/Spd_RF2_60_95_1091.txt;60;95;;7;0.0366410000;
instancias/Spd_RF2_60_95_1099.txt;60;95;;6;0.0376160000;
instancias/Spd_RF2_60_95_1107.txt;60;95;;4;0.0390320000;
instancias/Spd_RF2_60_95_1115.txt;60;95;;7;0.0263720000;
instancias/Spd_RF2_60_95_1123.txt;60;95;;5;0.0379970000;
instancias/Spd_RF2_700_740_5411.txt;700;740;;217;0.4292080000;
instancias/Spd_RF2_700_740_5419.txt;700;740;;215;0.3897750000;
instancias/Spd_RF2_700_740_5427.txt;700;740;;217;0.3588300000;
instancias/Spd_RF2_700_740_5435.txt;700;740;;216;0.4887270000;
instancias/Spd_RF2_700_740_5443.txt;700;740;;216;0.3876260000;
instancias/Spd_RF2_700_780_5451.txt;700;780;;201;0.4622150000;
instancias/Spd_RF2_700_780_5459.txt;700;780;;203;0.5807710000;
instancias/Spd_RF2_700_780_5467.txt;700;780;;202;0.4863040000;
instancias/Spd_RF2_700_780_5475.txt;700;780;;198;0.4444920000;
instancias/Spd_RF2_700_780_5483.txt;700;780;;202;0.4660180000;
instancias/Spd_RF2_700_821_5491.txt;700;821;;182;0.4635740000;
instancias/Spd_RF2_700_821_5499.txt;700;821;;181;0.5384660000;
instancias/Spd_RF2_700_821_5507.txt;700;821;;185;0.4580310000;
instancias/Spd_RF2_700_821_5515.txt;700;821;;185;0.5889910000;
instancias/Spd_RF2_700_821_5523.txt;700;821;;186;0.6555420000;
instancias/Spd_RF2_700_861_5531.txt;700;861;;169;0.5409680000;
instancias/Spd_RF2_700_861_5539.txt;700;861;;171;0.5337200000;
instancias/Spd_RF2_700_861_5547.txt;700;861;;169;0.5344220000;
instancias/Spd_RF2_700_861_5555.txt;700;861;;170;0.4617150000;
instancias/Spd_RF2_700_861_5563.txt;700;861;;166;0.5072400000;
instancias/Spd_RF2_700_902_5571.txt;700;902;;162;0.4288440000;
instancias/Spd_RF2_700_902_5579.txt;700;902;;156;0.5301370000;
instancias/Spd_RF2_700_902_5587.txt;700;902;;161;0.6096200000;
instancias/Spd_RF2_700_902_5595.txt;700;902;;157;0.5206720000;
instancias/Spd_RF2_700_902_5603.txt;700;902;;159;0.5511370000;
instancias/Spd_RF2_800_1017_5771.txt;800;1017;;184;0.7293890000;
instancias/Spd_RF2_800_1017_5779.txt;800;1017;;180;0.8177660000;
instancias/Spd_RF2_800_1017_5787.txt;800;1017;;183;0.7200770000;
instancias/Spd_RF2_800_1017_5795.txt;800;1017;;185;0.5625660000;
instancias/Spd_RF2_800_1017_5803.txt;800;1017;;183;0.7310750000;
instancias/Spd_RF2_800_843_5611.txt;800;843;;248;0.5599210000;
instancias/Spd_RF2_800_843_5619.txt;800;843;;246;0.4971040000;
instancias/Spd_RF2_800_843_5627.txt;800;843;;248;0.5167810000;
instancias/Spd_RF2_800_843_5635.txt;800;843;;249;0.4740510000;
instancias/Spd_RF2_800_843_5643.txt;800;843;;248;0.5280150000;
instancias/Spd_RF2_800_886_5651.txt;800;886;;231;0.5694290000;
instancias/Spd_RF2_800_886_5659.txt;800;886;;232;0.6430610000;
instancias/Spd_RF2_800_886_5667.txt;800;886;;229;0.5376210000;
instancias/Spd_RF2_800_886_5675.txt;800;886;;231;0.4954850000;
instancias/Spd_RF2_800_886_5683.txt;800;886;;230;0.6486810000;
instancias/Spd_RF2_800_930_5691.txt;800;930;;213;0.6239390000;
instancias/Spd_RF2_800_930_5699.txt;800;930;;211;0.6684040000;
instancias/Spd_RF2_800_930_5707.txt;800;930;;213;0.6412500000;
instancias/Spd_RF2_800_930_5715.txt;800;930;;214;0.5409560000;
instancias/Spd_RF2_800_930_5723.txt;800;930;;212;0.6865790000;
instancias/Spd_RF2_800_973_5731.txt;800;973;;203;0.6080500000;
instancias/Spd_RF2_800_973_5739.txt;800;973;;192;0.6960500000;
instancias/Spd_RF2_800_973_5747.txt;800;973;;201;0.6838680000;
instancias/Spd_RF2_800_973_5755.txt;800;973;;199;0.6564690000;
instancias/Spd_RF2_800_973_5763.txt;800;973;;201;0.7572940000;
instancias/Spd_RF2_80_106_1451.txt;80;106;;12;0.0488670000;
instancias/Spd_RF2_80_106_1459.txt;80;106;;12;0.0348770000;
instancias/Spd_RF2_80_106_1467.txt;80;106;;13;0.0435790000;
instancias/Spd_RF2_80_106_1475.txt;80;106;;13;0.0343900000;
instancias/Spd_RF2_80_106_1483.txt;80;106;;12;0.0394040000;
instancias/Spd_RF2_80_120_1491.txt;80;120;;9;0.0455470000;
instancias/Spd_RF2_80_120_1499.txt;80;120;;9;0.0534990000;
instancias/Spd_RF2_80_120_1507.txt;80;120;;9;0.0489500000;
instancias/Spd_RF2_80_120_1515.txt;80;120;;11;0.0514720000;
instancias/Spd_RF2_80_120_1523.txt;80;120;;10;0.0506920000;
instancias/Spd_RF2_80_133_1531.txt;80;133;;7;0.0637970000;
instancias/Spd_RF2_80_133_1539.txt;80;133;;7;0.0559320000;
instancias/Spd_RF2_80_133_1547.txt;80;133;;5;0.0533670000;
instancias/Spd_RF2_80_133_1555.txt;80;133;;7;0.0538410000;
instancias/Spd_RF2_80_133_1563.txt;80;133;;8;0.0457710000;
instancias/Spd_RF2_80_147_1571.txt;80;147;;5;0.0591070000;
instancias/Spd_RF2_80_147_1579.txt;80;147;;6;0.0473860000;
instancias/Spd_RF2_80_147_1587.txt;80;147;;5;0.0560860000;
instancias/Spd_RF2_80_147_1595.txt;80;147;;6;0.0576060000;
instancias/Spd_RF2_80_147_1603.txt;80;147;;5;0.0535250000;
instancias/Spd_RF2_80_93_1411.txt;80;93;;17;0.0284260000;
instancias/Spd_RF2_80_93_1419.txt;80;93;;16;0.0304720000;
instancias/Spd_RF2_80_93_1427.txt;80;93;;18;0.0225520000;
instancias/Spd_RF2_80_93_1435.txt;80;93;;16;0.0318360000;
instancias/Spd_RF2_80_93_1443.txt;80;93;;17;0.0397620000;
instancias/Spd_RF2_900_1034_5891.txt;900;1034;;245;0.6783720000;
instancias/Spd_RF2_900_1034_5899.txt;900;1034;;245;0.8765730000;
instancias/Spd_RF2_900_1034_5907.txt;900;1034;;244;0.8737710000;
instancias/Spd_RF2_900_1034_5915.txt;900;1034;;245;0.6913680000;
instancias/Spd_RF2_900_1034_5923.txt;900;1034;;245;0.7840170000;
instancias/Spd_RF2_900_1079_5931.txt;900;1079;;229;0.8631690000;
instancias/Spd_RF2_900_1079_5939.txt;900;1079;;230;0.8882080000;
instancias/Spd_RF2_900_1079_5947.txt;900;1079;;232;0.8383310000;
instancias/Spd_RF2_900_1079_5955.txt;900;1079;;229;0.8250290000;
instancias/Spd_RF2_900_1079_5963.txt;900;1079;;229;0.9149780000;
instancias/Spd_RF2_900_1124_5971.txt;900;1124;;217;0.7727080000;
instancias/Spd_RF2_900_1124_5979.txt;900;1124;;217;0.7743380000;
instancias/Spd_RF2_900_1124_5987.txt;900;1124;;210;0.8035490000;
instancias/Spd_RF2_900_1124_5995.txt;900;1124;;211;0.6414220000;
instancias/Spd_RF2_900_1124_6003.txt;900;1124;;209;0.8478360000;
instancias/Spd_RF2_900_944_5811.txt;900;944;;282;0.6433200000;
instancias/Spd_RF2_900_944_5819.txt;900;944;;282;0.6010900000;
instancias/Spd_RF2_900_944_5827.txt;900;944;;281;0.6660280000;
instancias/Spd_RF2_900_944_5835.txt;900;944;;283;0.7128770000;
instancias/Spd_RF2_900_944_5843.txt;900;944;;282;0.7418730000;
instancias/Spd_RF2_900_989_5851.txt;900;989;;263;0.8224910000;
instancias/Spd_RF2_900_989_5859.txt;900;989;;264;0.8728270000;
instancias/Spd_RF2_900_989_5867.txt;900;989;;266;0.7786280000;
instancias/Spd_RF2_900_989_5875.txt;900;989;;264;0.7730450000;
instancias/Spd_RF2_900_989_5883.txt;900;989;;260;0.6635410000;
