  500     533
    1     408       1
    2      83       1
    2     468       1
    3     129       1
    3     499       1
    4     166       1
    5     383       1
    6     280       1
    7     408       1
    8      62       1
    8     298       1
    9     318       1
   10      18       1
   11     382       1
   12     133       1
   13      47       1
   13     121       1
   13     131       1
   13     358       1
   13     359       1
   13     469       1
   14     303       1
   14     389       1
   15     187       1
   15     298       1
   15     483       1
   16     105       1
   17      48       1
   17     265       1
   18      68       1
   18     276       1
   18     293       1
   19     398       1
   20     305       1
   20     431       1
   21     453       1
   21     479       1
   22     151       1
   23      26       1
   24     109       1
   25     447       1
   26     389       1
   26     446       1
   27     318       1
   28      68       1
   29      42       1
   29     125       1
   30      95       1
   30     153       1
   31     231       1
   31     300       1
   32     495       1
   33     458       1
   34      54       1
   34      68       1
   35     343       1
   35     391       1
   36     336       1
   37      96       1
   37     239       1
   37     269       1
   37     465       1
   38      66       1
   38     169       1
   39     200       1
   39     272       1
   39     399       1
   40     182       1
   41     240       1
   42     399       1
   42     487       1
   43     132       1
   44      76       1
   44      78       1
   44     189       1
   44     351       1
   45     386       1
   45     436       1
   46     252       1
   46     325       1
   46     331       1
   47     126       1
   47     225       1
   47     421       1
   49     366       1
   50     273       1
   50     497       1
   51      69       1
   51     213       1
   51     359       1
   51     426       1
   51     476       1
   52     283       1
   53      86       1
   53     202       1
   53     485       1
   54     112       1
   54     123       1
   54     271       1
   54     301       1
   54     468       1
   54     489       1
   55     352       1
   56      64       1
   57     242       1
   57     290       1
   57     355       1
   58      97       1
   59     278       1
   59     479       1
   60     350       1
   61      64       1
   61     374       1
   61     440       1
   61     457       1
   62     174       1
   63      88       1
   64     176       1
   65     108       1
   66     167       1
   66     368       1
   67     142       1
   67     410       1
   68     136       1
   68     189       1
   68     364       1
   69     282       1
   69     292       1
   70     212       1
   70     296       1
   71     403       1
   72      80       1
   72     216       1
   73     366       1
   74     424       1
   75     387       1
   77     213       1
   77     263       1
   77     298       1
   77     420       1
   78     244       1
   78     342       1
   79     314       1
   79     340       1
   80     294       1
   80     417       1
   80     442       1
   80     491       1
   81     419       1
   82     229       1
   82     497       1
   83     173       1
   84     189       1
   84     326       1
   85     404       1
   87     135       1
   87     340       1
   87     487       1
   88     157       1
   88     207       1
   88     250       1
   88     272       1
   88     366       1
   89     262       1
   89     279       1
   89     320       1
   89     490       1
   90      93       1
   90     350       1
   90     448       1
   91     488       1
   92     251       1
   92     300       1
   92     347       1
   92     354       1
   92     472       1
   92     492       1
   93      99       1
   93     223       1
   93     259       1
   93     388       1
   93     423       1
   93     435       1
   94     296       1
   95     228       1
   95     348       1
   95     461       1
   96     101       1
   96     409       1
   97     204       1
   97     363       1
   97     436       1
   98     184       1
   99     172       1
   99     236       1
  100     280       1
  100     441       1
  102     175       1
  102     303       1
  102     321       1
  103     442       1
  104     409       1
  104     486       1
  105     107       1
  105     368       1
  105     408       1
  105     409       1
  106     208       1
  106     343       1
  107     274       1
  107     320       1
  108     130       1
  108     325       1
  109     150       1
  110     283       1
  110     390       1
  110     468       1
  110     474       1
  111     385       1
  113     306       1
  114     119       1
  114     344       1
  115     124       1
  115     281       1
  115     368       1
  116     248       1
  116     413       1
  117     304       1
  118     382       1
  119     332       1
  119     462       1
  119     498       1
  120     277       1
  121     335       1
  121     396       1
  121     470       1
  121     484       1
  122     415       1
  125     444       1
  126     217       1
  126     317       1
  126     445       1
  126     459       1
  127     324       1
  127     414       1
  127     456       1
  128     375       1
  129     253       1
  129     265       1
  129     280       1
  130     179       1
  130     286       1
  130     293       1
  131     287       1
  131     412       1
  131     473       1
  132     352       1
  133     379       1
  134     455       1
  135     174       1
  136     291       1
  136     475       1
  137     296       1
  138     332       1
  139     272       1
  139     460       1
  139     494       1
  140     424       1
  141     412       1
  142     424       1
  143     323       1
  143     394       1
  144     497       1
  145     332       1
  146     364       1
  147     368       1
  148     305       1
  148     406       1
  148     442       1
  149     415       1
  150     230       1
  150     286       1
  151     353       1
  151     486       1
  152     439       1
  154     200       1
  155     243       1
  155     384       1
  156     296       1
  157     288       1
  157     322       1
  157     482       1
  158     359       1
  159     252       1
  159     323       1
  159     380       1
  160     301       1
  161     189       1
  162     207       1
  162     383       1
  162     495       1
  163     346       1
  164     414       1
  165     370       1
  166     492       1
  167     209       1
  167     392       1
  168     423       1
  168     433       1
  169     277       1
  170     204       1
  171     184       1
  171     313       1
  172     215       1
  172     299       1
  172     385       1
  176     234       1
  177     283       1
  178     182       1
  180     500       1
  181     419       1
  181     443       1
  181     462       1
  181     478       1
  182     201       1
  182     334       1
  183     306       1
  184     255       1
  185     387       1
  186     393       1
  188     221       1
  188     437       1
  189     257       1
  190     420       1
  190     423       1
  191     294       1
  191     306       1
  191     307       1
  191     384       1
  191     434       1
  192     452       1
  193     312       1
  193     351       1
  193     404       1
  194     361       1
  194     363       1
  195     388       1
  196     447       1
  197     435       1
  198     343       1
  198     368       1
  199     481       1
  201     257       1
  201     318       1
  201     357       1
  202     500       1
  203     261       1
  204     278       1
  205     331       1
  206     289       1
  206     351       1
  207     294       1
  208     405       1
  209     254       1
  210     459       1
  211     278       1
  213     275       1
  213     325       1
  213     363       1
  213     437       1
  214     287       1
  214     376       1
  215     330       1
  217     241       1
  218     489       1
  219     381       1
  219     426       1
  219     437       1
  220     437       1
  222     247       1
  222     309       1
  224     306       1
  226     366       1
  227     437       1
  232     234       1
  233     241       1
  234     316       1
  235     408       1
  236     264       1
  237     275       1
  238     404       1
  240     267       1
  240     409       1
  240     427       1
  243     298       1
  245     254       1
  246     336       1
  246     352       1
  249     381       1
  252     284       1
  252     452       1
  255     452       1
  256     336       1
  257     294       1
  257     347       1
  257     455       1
  258     260       1
  258     423       1
  261     272       1
  263     423       1
  264     387       1
  265     323       1
  265     336       1
  265     411       1
  265     432       1
  266     293       1
  266     458       1
  267     479       1
  268     378       1
  270     277       1
  271     367       1
  271     453       1
  272     454       1
  273     332       1
  275     336       1
  275     429       1
  275     493       1
  276     299       1
  276     315       1
  282     373       1
  283     338       1
  284     304       1
  285     365       1
  286     295       1
  290     370       1
  293     332       1
  294     332       1
  294     363       1
  294     448       1
  294     473       1
  295     449       1
  296     363       1
  297     360       1
  297     388       1
  298     461       1
  299     442       1
  300     450       1
  302     392       1
  303     414       1
  303     463       1
  303     485       1
  305     430       1
  306     346       1
  308     332       1
  309     417       1
  310     452       1
  311     356       1
  311     429       1
  311     447       1
  311     451       1
  314     496       1
  319     422       1
  320     345       1
  320     375       1
  321     329       1
  323     362       1
  323     379       1
  323     413       1
  323     439       1
  327     497       1
  328     369       1
  331     472       1
  331     486       1
  332     368       1
  332     452       1
  333     338       1
  337     424       1
  337     499       1
  339     486       1
  340     457       1
  341     483       1
  347     499       1
  348     400       1
  349     377       1
  353     409       1
  354     466       1
  361     454       1
  363     481       1
  364     371       1
  365     396       1
  365     438       1
  366     392       1
  367     475       1
  368     468       1
  369     444       1
  369     480       1
  370     389       1
  372     382       1
  372     429       1
  377     401       1
  377     498       1
  378     488       1
  381     499       1
  384     397       1
  384     407       1
  389     471       1
  389     481       1
  393     461       1
  393     464       1
  395     448       1
  398     469       1
  401     472       1
  402     419       1
  403     422       1
  403     457       1
  404     444       1
  404     499       1
  411     453       1
  414     499       1
  415     423       1
  416     474       1
  417     457       1
  418     498       1
  424     425       1
  428     438       1
  428     469       1
  429     487       1
  434     462       1
  442     483       1
  443     488       1
  454     467       1
  477     492       1
  483     500       1
