   50      61
    1      15       1
    1      27       1
    1      37       1
    1      39       1
    1      40       1
    1      45       1
    2      40       1
    3      18       1
    3      22       1
    3      45       1
    3      49       1
    3      50       1
    4      24       1
    5      40       1
    5      43       1
    6      27       1
    6      41       1
    6      47       1
    7      40       1
    8      17       1
    8      18       1
    9      15       1
    9      31       1
    9      46       1
   10      13       1
   10      36       1
   11      25       1
   11      39       1
   12      40       1
   12      48       1
   13      26       1
   13      32       1
   13      45       1
   14      49       1
   16      17       1
   17      29       1
   17      41       1
   17      45       1
   18      35       1
   18      45       1
   18      50       1
   19      25       1
   19      41       1
   19      49       1
   20      31       1
   21      48       1
   23      34       1
   23      39       1
   24      27       1
   27      28       1
   27      41       1
   28      44       1
   28      50       1
   29      35       1
   30      35       1
   31      42       1
   32      38       1
   33      45       1
   34      44       1
   35      46       1
   36      42       1
