  500     533
    1     108       1
    1     145       1
    1     263       1
    1     436       1
    1     459       1
    2     229       1
    3     119       1
    3     180       1
    4     301       1
    4     420       1
    5     437       1
    6      25       1
    6     238       1
    6     336       1
    7     437       1
    8     280       1
    8     290       1
    8     332       1
    9      17       1
    9      48       1
    9     146       1
    9     192       1
    9     310       1
    9     376       1
    9     478       1
    9     484       1
   10     442       1
   11      55       1
   11     114       1
   11     215       1
   11     334       1
   11     349       1
   12     363       1
   13     241       1
   13     396       1
   13     401       1
   14     495       1
   15     114       1
   15     294       1
   16     259       1
   16     261       1
   17     195       1
   17     217       1
   17     340       1
   18      99       1
   18     105       1
   18     113       1
   18     137       1
   18     275       1
   18     333       1
   18     353       1
   19     299       1
   19     439       1
   20      44       1
   20      71       1
   20     412       1
   20     423       1
   21      38       1
   21      81       1
   21      94       1
   21     177       1
   21     239       1
   21     415       1
   21     432       1
   21     438       1
   22      48       1
   23      70       1
   23     155       1
   23     296       1
   24     104       1
   24     437       1
   25     217       1
   25     487       1
   26      62       1
   27     259       1
   28      72       1
   28     148       1
   28     182       1
   29     338       1
   29     340       1
   30     232       1
   30     328       1
   31     377       1
   31     392       1
   31     458       1
   31     470       1
   32     258       1
   33     177       1
   33     458       1
   34      98       1
   35     141       1
   36     226       1
   36     274       1
   36     343       1
   37     117       1
   38      72       1
   38     103       1
   38     145       1
   38     258       1
   39     190       1
   39     221       1
   39     498       1
   40     101       1
   40     339       1
   40     457       1
   41     285       1
   42     193       1
   42     457       1
   43     109       1
   43     495       1
   44     122       1
   44     407       1
   44     491       1
   45     225       1
   45     400       1
   46     461       1
   47      67       1
   48     240       1
   48     394       1
   49     155       1
   50      54       1
   51     499       1
   52     307       1
   52     309       1
   52     460       1
   53      93       1
   53     440       1
   54     390       1
   55     142       1
   55     189       1
   56     174       1
   57      88       1
   57     178       1
   57     203       1
   57     292       1
   57     363       1
   57     499       1
   58     165       1
   58     284       1
   59     336       1
   60     153       1
   60     247       1
   60     427       1
   61     388       1
   62      77       1
   63     368       1
   64     130       1
   64     168       1
   64     179       1
   65     241       1
   65     360       1
   66     421       1
   67     369       1
   68     179       1
   69     179       1
   69     286       1
   70     496       1
   71     352       1
   71     412       1
   72      97       1
   72     144       1
   72     241       1
   72     447       1
   73     343       1
   74     131       1
   74     152       1
   74     449       1
   75     333       1
   75     494       1
   76     484       1
   77     442       1
   77     481       1
   78     161       1
   79     161       1
   80     192       1
   81     234       1
   82     207       1
   83     118       1
   84     212       1
   85     173       1
   85     194       1
   85     217       1
   86     397       1
   87     191       1
   87     227       1
   89     134       1
   89     474       1
   90     170       1
   91     358       1
   92     102       1
   92     229       1
   94     143       1
   94     195       1
   94     202       1
   94     262       1
   94     298       1
   94     302       1
   94     333       1
   94     433       1
   94     496       1
   95     195       1
   96     107       1
   98     136       1
   98     411       1
   99     454       1
   99     492       1
  100     403       1
  101     451       1
  101     495       1
  102     195       1
  102     391       1
  103     200       1
  103     212       1
  103     421       1
  103     437       1
  103     442       1
  103     461       1
  104     205       1
  105     428       1
  106     247       1
  107     111       1
  110     139       1
  111     123       1
  111     403       1
  112     333       1
  112     337       1
  113     207       1
  114     150       1
  114     489       1
  115     219       1
  115     383       1
  115     422       1
  116     322       1
  116     330       1
  116     474       1
  117     246       1
  117     437       1
  117     497       1
  118     131       1
  118     274       1
  118     451       1
  118     499       1
  119     244       1
  119     353       1
  120     164       1
  121     150       1
  123     143       1
  124     451       1
  125     294       1
  126     212       1
  127     248       1
  127     452       1
  128     147       1
  128     417       1
  129     406       1
  129     485       1
  132     363       1
  132     469       1
  133     221       1
  133     400       1
  133     441       1
  135     299       1
  135     467       1
  135     485       1
  136     212       1
  136     414       1
  137     458       1
  138     357       1
  139     337       1
  140     261       1
  141     213       1
  141     379       1
  144     276       1
  144     377       1
  145     170       1
  145     282       1
  145     307       1
  146     471       1
  147     325       1
  147     427       1
  149     201       1
  150     232       1
  150     324       1
  150     356       1
  150     422       1
  151     447       1
  152     260       1
  152     468       1
  154     366       1
  156     316       1
  157     361       1
  158     488       1
  159     433       1
  160     392       1
  161     183       1
  161     236       1
  161     436       1
  162     494       1
  163     259       1
  163     273       1
  163     329       1
  163     402       1
  164     486       1
  166     223       1
  166     234       1
  167     277       1
  169     262       1
  170     462       1
  171     200       1
  171     417       1
  172     466       1
  172     482       1
  173     312       1
  174     254       1
  174     338       1
  174     436       1
  175     442       1
  176     335       1
  178     233       1
  178     234       1
  178     304       1
  178     449       1
  178     496       1
  179     249       1
  179     331       1
  179     376       1
  179     452       1
  181     210       1
  181     364       1
  184     245       1
  184     338       1
  185     224       1
  185     321       1
  186     331       1
  187     209       1
  187     392       1
  188     338       1
  189     244       1
  193     375       1
  194     416       1
  195     265       1
  195     361       1
  196     308       1
  196     315       1
  196     364       1
  196     440       1
  197     281       1
  198     390       1
  198     477       1
  199     334       1
  199     368       1
  199     395       1
  201     239       1
  202     371       1
  204     338       1
  206     314       1
  207     253       1
  207     362       1
  208     411       1
  211     231       1
  211     390       1
  211     399       1
  211     427       1
  211     485       1
  214     443       1
  216     277       1
  216     345       1
  217     232       1
  218     346       1
  218     455       1
  219     373       1
  219     376       1
  219     460       1
  220     454       1
  221     485       1
  222     300       1
  223     460       1
  224     355       1
  227     270       1
  227     282       1
  227     483       1
  228     230       1
  228     359       1
  228     376       1
  228     443       1
  230     232       1
  230     403       1
  231     308       1
  231     326       1
  232     268       1
  232     284       1
  233     470       1
  234     311       1
  234     410       1
  235     276       1
  237     328       1
  237     454       1
  242     462       1
  243     250       1
  247     306       1
  247     357       1
  248     381       1
  250     296       1
  251     368       1
  252     285       1
  252     308       1
  252     327       1
  252     347       1
  254     465       1
  255     335       1
  255     353       1
  256     485       1
  257     419       1
  258     372       1
  258     393       1
  259     408       1
  259     416       1
  261     457       1
  264     458       1
  266     350       1
  266     465       1
  267     303       1
  268     365       1
  268     370       1
  269     407       1
  271     482       1
  272     495       1
  275     398       1
  277     451       1
  278     317       1
  278     340       1
  279     378       1
  280     379       1
  280     479       1
  281     313       1
  281     381       1
  282     490       1
  283     326       1
  284     448       1
  287     438       1
  288     334       1
  289     347       1
  290     472       1
  291     386       1
  293     368       1
  295     390       1
  296     453       1
  297     374       1
  297     423       1
  300     331       1
  301     305       1
  301     361       1
  303     406       1
  307     445       1
  309     426       1
  310     320       1
  314     326       1
  316     376       1
  318     500       1
  319     347       1
  320     421       1
  321     374       1
  321     430       1
  321     460       1
  321     493       1
  321     496       1
  322     456       1
  323     459       1
  323     479       1
  331     465       1
  331     475       1
  332     366       1
  333     337       1
  333     464       1
  335     403       1
  337     446       1
  337     450       1
  338     473       1
  339     431       1
  340     434       1
  341     442       1
  342     356       1
  344     352       1
  347     382       1
  348     482       1
  350     390       1
  351     387       1
  351     478       1
  352     384       1
  353     365       1
  353     405       1
  354     447       1
  358     403       1
  360     486       1
  361     397       1
  361     474       1
  367     393       1
  368     496       1
  369     478       1
  373     480       1
  376     413       1
  376     488       1
  378     424       1
  378     478       1
  379     496       1
  380     485       1
  383     401       1
  385     449       1
  386     437       1
  388     479       1
  389     408       1
  390     457       1
  390     470       1
  393     427       1
  394     419       1
  396     444       1
  404     427       1
  407     496       1
  409     436       1
  409     494       1
  413     430       1
  416     463       1
  418     434       1
  425     470       1
  428     435       1
  429     484       1
  439     440       1
  444     461       1
  452     500       1
  455     493       1
  457     496       1
  461     482       1
  476     482       1
