  100     114
    1       3       1
    1      52       1
    2      80       1
    3      73       1
    4      52       1
    5      24       1
    5      97       1
    6      46       1
    6      60       1
    6      83       1
    7      51       1
    8      37       1
    8      65       1
    8      67       1
    9      14       1
    9      15       1
    9      71       1
    9      86       1
   10      16       1
   11      13       1
   11      52       1
   11      81       1
   11      90       1
   11      95       1
   11     100       1
   12      18       1
   13      98       1
   14      79       1
   15      75       1
   16      63       1
   16      76       1
   16      93       1
   17      92       1
   18      52       1
   19      58       1
   20      38       1
   20      71       1
   20      79       1
   21      33       1
   22      93       1
   23      59       1
   23      60       1
   23      71       1
   23      94       1
   25      52       1
   25      71       1
   25      74       1
   25      93       1
   26      47       1
   26      97       1
   27      70       1
   28      40       1
   28      41       1
   29      54       1
   29      63       1
   29      64       1
   30      47       1
   31      33       1
   32      58       1
   33      35       1
   33      99       1
   34      40       1
   34      53       1
   36      42       1
   36      67       1
   37      43       1
   38      40       1
   38      44       1
   38      55       1
   39      50       1
   41      43       1
   41      82       1
   43      86       1
   43      89       1
   45      54       1
   46      67       1
   48      66       1
   48      67       1
   48      78       1
   48      85       1
   49      99       1
   50      93       1
   51      81       1
   54      57       1
   54      62       1
   54      74       1
   54      88       1
   56      86       1
   56      89       1
   56      93       1
   58      61       1
   58      70       1
   61      90       1
   65      91       1
   67      74       1
   67      80       1
   67      89       1
   68      80       1
   69      74       1
   69      86       1
   69      94       1
   71      96       1
   72      98       1
   73      90       1
   74      90       1
   74      99       1
   77      91       1
   80      84       1
   80      97       1
   82      91       1
   82      99       1
   87      93       1
   88      92       1
   98      99       1
