   50      61
    1       9       1
    1      21       1
    2      38       1
    3      37       1
    3      43       1
    4       9       1
    4      13       1
    4      21       1
    4      24       1
    4      43       1
    5      15       1
    5      38       1
    5      40       1
    6      46       1
    6      47       1
    7      18       1
    8      21       1
    9      26       1
    9      34       1
    9      44       1
   10      14       1
   10      48       1
   11      12       1
   12      15       1
   13      28       1
   13      44       1
   13      45       1
   14      30       1
   14      32       1
   15      24       1
   15      32       1
   16      19       1
   16      27       1
   17      24       1
   17      48       1
   18      45       1
   19      30       1
   20      25       1
   21      27       1
   21      41       1
   22      39       1
   23      49       1
   24      30       1
   24      39       1
   25      32       1
   26      33       1
   27      46       1
   29      49       1
   30      44       1
   31      41       1
   32      33       1
   32      36       1
   32      42       1
   32      49       1
   35      39       1
   35      47       1
   37      43       1
   41      45       1
   44      47       1
   45      50       1
   47      50       1
