  100     114
    1      83       1
    1      95       1
    1      99       1
    2       7       1
    2      14       1
    2      41       1
    2      62       1
    2      65       1
    3      83       1
    4      24       1
    5      54       1
    5      92       1
    6      50       1
    7       8       1
    7      17       1
    7      25       1
    7      99       1
    8      23       1
    8      35       1
    9      55       1
   10      12       1
   10      89       1
   10      98       1
   11      77       1
   12      19       1
   13      75       1
   14      81       1
   15      18       1
   15      57       1
   16      17       1
   16      34       1
   16      55       1
   19      43       1
   19      55       1
   19      60       1
   19      75       1
   19      81       1
   20      60       1
   21      73       1
   22      48       1
   24      26       1
   24      40       1
   24      53       1
   24      55       1
   24      57       1
   24      71       1
   24      97       1
   25      31       1
   25      37       1
   27      34       1
   27      91       1
   28      53       1
   29      60       1
   29      88       1
   30      57       1
   32      51       1
   32      97       1
   33      76       1
   35      36       1
   35      49       1
   35      60       1
   36      63       1
   36      78       1
   36      93       1
   37      86       1
   38      70       1
   38      76       1
   39      57       1
   39      63       1
   40      47       1
   40      65       1
   42      92       1
   42      97       1
   43      69       1
   43      72       1
   44      48       1
   44      79       1
   44      96       1
   45      88       1
   46      51       1
   46      52       1
   47      59       1
   48      98       1
   50      87       1
   50      98       1
   51      72       1
   52      76       1
   54      80       1
   56      60       1
   56      67       1
   58      75       1
   59      76       1
   60      61       1
   64      75       1
   66      85       1
   68      77       1
   70      90       1
   72      77       1
   72      83       1
   73      81       1
   74      81       1
   74      83       1
   75      79       1
   76      81       1
   76      90       1
   76      91       1
   78      82       1
   81      87       1
   81      98       1
   81     100       1
   83      85       1
   84      94       1
   84     100       1
   87      92       1
