  300     326
    1      15       1
    1      96       1
    2      80       1
    2     290       1
    3     101       1
    3     127       1
    3     174       1
    3     212       1
    3     225       1
    3     243       1
    4      79       1
    4     173       1
    5     113       1
    5     204       1
    5     208       1
    6      77       1
    7     263       1
    7     291       1
    8      91       1
    8     124       1
    8     165       1
    8     196       1
    8     245       1
    9     287       1
   10      54       1
   10     182       1
   11     201       1
   11     280       1
   12      47       1
   12      86       1
   12     124       1
   12     154       1
   12     218       1
   13     213       1
   13     300       1
   14     109       1
   15     150       1
   15     249       1
   15     296       1
   16      61       1
   16     186       1
   16     190       1
   16     256       1
   17     181       1
   17     243       1
   18     295       1
   19     103       1
   20      37       1
   21     187       1
   21     259       1
   22      27       1
   22     159       1
   22     198       1
   23     254       1
   24      44       1
   24      65       1
   24     282       1
   25      48       1
   26     261       1
   27      83       1
   27      87       1
   27     131       1
   27     176       1
   27     186       1
   28     124       1
   28     220       1
   29      77       1
   29     210       1
   29     249       1
   30     113       1
   30     151       1
   31     133       1
   31     176       1
   31     265       1
   32      99       1
   33      41       1
   33     111       1
   33     138       1
   33     141       1
   33     291       1
   34     245       1
   35      95       1
   36      93       1
   36     118       1
   36     217       1
   37      77       1
   37     161       1
   38      52       1
   38     295       1
   39      69       1
   39      92       1
   39     279       1
   40      48       1
   40      82       1
   40     106       1
   41      51       1
   41     287       1
   42     176       1
   43     226       1
   43     257       1
   45      96       1
   46     203       1
   47     199       1
   49     190       1
   50     168       1
   52      79       1
   52     100       1
   53     250       1
   54     102       1
   55     126       1
   56     107       1
   56     185       1
   56     228       1
   57     163       1
   58     149       1
   59     102       1
   60      69       1
   62     102       1
   63      90       1
   63      92       1
   64      73       1
   64     194       1
   64     205       1
   65     228       1
   66      93       1
   66     142       1
   66     242       1
   67     223       1
   67     261       1
   67     262       1
   68     263       1
   69     113       1
   69     234       1
   70     236       1
   70     267       1
   70     285       1
   71     272       1
   72     115       1
   72     232       1
   72     268       1
   72     282       1
   73     153       1
   74     214       1
   75     226       1
   76     221       1
   76     231       1
   77     111       1
   77     114       1
   77     126       1
   77     221       1
   77     294       1
   78     119       1
   78     176       1
   78     195       1
   80     255       1
   81     279       1
   82     273       1
   84     167       1
   84     299       1
   85     283       1
   86     227       1
   86     264       1
   87     157       1
   88     173       1
   88     182       1
   88     197       1
   88     228       1
   88     248       1
   88     263       1
   89     137       1
   89     173       1
   89     189       1
   91     148       1
   92     253       1
   93     192       1
   93     275       1
   93     299       1
   94     129       1
   95     146       1
   95     254       1
   97     228       1
   98     266       1
   99     156       1
   99     164       1
  100     254       1
  100     268       1
  103     203       1
  104     173       1
  105     244       1
  105     276       1
  106     121       1
  106     229       1
  107     154       1
  107     252       1
  108     147       1
  108     163       1
  108     246       1
  109     255       1
  110     189       1
  111     124       1
  111     255       1
  112     243       1
  112     286       1
  113     116       1
  113     156       1
  113     201       1
  113     210       1
  114     293       1
  115     235       1
  115     267       1
  116     190       1
  116     214       1
  116     244       1
  117     202       1
  118     290       1
  120     154       1
  121     159       1
  121     221       1
  122     250       1
  123     190       1
  124     198       1
  125     203       1
  126     166       1
  126     231       1
  128     138       1
  128     140       1
  128     239       1
  129     299       1
  130     135       1
  130     154       1
  130     217       1
  131     220       1
  132     256       1
  133     198       1
  134     210       1
  134     241       1
  136     255       1
  139     243       1
  140     169       1
  140     240       1
  141     247       1
  143     207       1
  144     172       1
  145     283       1
  146     206       1
  146     290       1
  149     162       1
  149     230       1
  149     232       1
  150     207       1
  150     283       1
  150     291       1
  152     296       1
  154     254       1
  155     208       1
  158     194       1
  159     244       1
  160     298       1
  165     173       1
  168     192       1
  168     258       1
  170     244       1
  171     281       1
  172     203       1
  175     202       1
  175     244       1
  177     290       1
  178     260       1
  179     281       1
  180     246       1
  183     191       1
  183     237       1
  183     250       1
  184     253       1
  188     210       1
  189     217       1
  190     194       1
  191     243       1
  192     215       1
  193     198       1
  198     244       1
  200     229       1
  203     205       1
  203     289       1
  208     233       1
  208     294       1
  209     229       1
  210     231       1
  211     290       1
  213     263       1
  213     284       1
  216     263       1
  216     276       1
  217     255       1
  217     260       1
  219     266       1
  221     274       1
  221     287       1
  221     297       1
  222     271       1
  222     282       1
  223     244       1
  224     263       1
  226     282       1
  229     244       1
  229     299       1
  232     286       1
  234     292       1
  237     257       1
  238     269       1
  244     263       1
  244     268       1
  246     294       1
  247     288       1
  251     259       1
  251     268       1
  254     270       1
  261     278       1
  262     266       1
  263     269       1
  266     282       1
  269     272       1
  269     295       1
  269     298       1
  277     281       1
  277     294       1
