  300     326
    1      20       1
    2     124       1
    2     277       1
    3      82       1
    3      94       1
    3     129       1
    3     131       1
    4      16       1
    4     141       1
    4     251       1
    5     277       1
    6     120       1
    6     225       1
    7     249       1
    8     157       1
    8     255       1
    9      31       1
    9      42       1
    9     161       1
    9     178       1
   10     179       1
   10     227       1
   11     241       1
   12     113       1
   13      65       1
   13     118       1
   14     239       1
   15     132       1
   15     241       1
   16      83       1
   16      88       1
   16     166       1
   17      88       1
   17     155       1
   18     256       1
   18     287       1
   19     106       1
   19     298       1
   20      21       1
   20      92       1
   21      26       1
   21     292       1
   22     156       1
   22     191       1
   23      95       1
   23     255       1
   24     105       1
   25      85       1
   25     230       1
   26     153       1
   27      70       1
   27     103       1
   27     154       1
   28     127       1
   28     296       1
   29     295       1
   30      76       1
   30     169       1
   30     188       1
   31     220       1
   32     242       1
   33      71       1
   33     128       1
   33     219       1
   34     151       1
   35      43       1
   36      71       1
   37      58       1
   37      86       1
   37     293       1
   38     262       1
   38     281       1
   39      55       1
   39     252       1
   40     255       1
   41     205       1
   42     129       1
   42     299       1
   43     137       1
   44     118       1
   45      62       1
   45     211       1
   46     150       1
   46     245       1
   47     107       1
   47     217       1
   48     215       1
   49      98       1
   49     219       1
   49     275       1
   50     213       1
   51     103       1
   52     105       1
   52     163       1
   52     193       1
   53      65       1
   53     233       1
   53     246       1
   53     263       1
   53     292       1
   54     228       1
   54     235       1
   55     209       1
   56      81       1
   56     209       1
   56     241       1
   56     242       1
   57     138       1
   57     252       1
   57     284       1
   59      80       1
   60     129       1
   60     216       1
   61     165       1
   61     201       1
   61     249       1
   62     131       1
   63     225       1
   64      68       1
   64      84       1
   64     200       1
   65     109       1
   65     136       1
   65     268       1
   66      77       1
   66     112       1
   66     153       1
   66     206       1
   66     265       1
   67     277       1
   68     183       1
   68     229       1
   69     280       1
   69     286       1
   70     150       1
   71     150       1
   71     255       1
   71     262       1
   72     214       1
   73     144       1
   73     157       1
   73     175       1
   73     193       1
   74      85       1
   74     128       1
   75     135       1
   75     285       1
   77     244       1
   78     208       1
   79     159       1
   79     193       1
   80     142       1
   80     267       1
   80     297       1
   82     134       1
   82     146       1
   83     291       1
   84     187       1
   84     242       1
   84     295       1
   85     246       1
   86     146       1
   86     201       1
   87     277       1
   88     167       1
   89     193       1
   90     115       1
   90     145       1
   90     225       1
   91     158       1
   91     268       1
   91     273       1
   92     124       1
   92     209       1
   93     101       1
   93     248       1
   96     119       1
   96     216       1
   97     129       1
   98     192       1
   99     300       1
  100     222       1
  100     224       1
  100     237       1
  101     123       1
  102     131       1
  103     147       1
  103     150       1
  103     278       1
  104     175       1
  106     167       1
  107     204       1
  108     166       1
  110     178       1
  111     191       1
  111     202       1
  113     217       1
  113     225       1
  114     278       1
  116     274       1
  117     143       1
  117     150       1
  117     195       1
  117     231       1
  118     241       1
  120     206       1
  121     130       1
  121     216       1
  121     279       1
  122     252       1
  123     260       1
  123     262       1
  124     239       1
  124     250       1
  125     180       1
  126     151       1
  126     286       1
  129     291       1
  131     150       1
  131     198       1
  131     201       1
  131     296       1
  132     155       1
  133     172       1
  135     179       1
  137     181       1
  137     300       1
  139     273       1
  140     257       1
  140     300       1
  142     152       1
  142     173       1
  142     273       1
  142     275       1
  142     290       1
  143     185       1
  143     188       1
  143     238       1
  146     183       1
  146     228       1
  147     211       1
  147     232       1
  148     150       1
  149     170       1
  149     286       1
  150     209       1
  150     225       1
  150     296       1
  151     179       1
  155     209       1
  160     289       1
  161     169       1
  161     179       1
  161     271       1
  161     287       1
  162     200       1
  163     180       1
  164     286       1
  166     296       1
  168     210       1
  169     264       1
  170     221       1
  170     266       1
  170     282       1
  171     283       1
  172     292       1
  173     184       1
  173     197       1
  174     240       1
  174     255       1
  174     258       1
  176     261       1
  176     294       1
  177     217       1
  178     289       1
  179     224       1
  180     226       1
  182     278       1
  183     209       1
  183     235       1
  186     225       1
  189     236       1
  190     208       1
  191     205       1
  191     225       1
  192     214       1
  193     255       1
  194     200       1
  196     235       1
  196     295       1
  199     273       1
  201     236       1
  203     293       1
  205     224       1
  207     239       1
  208     242       1
  209     269       1
  210     256       1
  212     296       1
  213     292       1
  215     275       1
  216     242       1
  218     287       1
  223     284       1
  224     225       1
  224     234       1
  225     275       1
  226     238       1
  226     259       1
  227     261       1
  227     276       1
  232     253       1
  236     243       1
  239     251       1
  242     254       1
  242     274       1
  242     283       1
  247     284       1
  262     300       1
  264     288       1
  265     277       1
  265     287       1
  266     270       1
  272     295       1
  274     284       1
  296     298       1
