  200     221
    1       9       1
    2      37       1
    3      20       1
    3     139       1
    3     184       1
    4      50       1
    5      66       1
    5     110       1
    5     154       1
    6      18       1
    6      23       1
    7     100       1
    7     109       1
    7     131       1
    7     175       1
    8     191       1
    9     159       1
   10      33       1
   10      44       1
   11      17       1
   11      72       1
   11     178       1
   12     132       1
   13      39       1
   13     199       1
   14     134       1
   14     162       1
   14     169       1
   15     128       1
   15     154       1
   15     158       1
   16     120       1
   16     141       1
   17      54       1
   17      89       1
   18      29       1
   18      44       1
   18      47       1
   18      92       1
   18     100       1
   18     189       1
   19     169       1
   20     129       1
   21      43       1
   21     113       1
   22     133       1
   24     192       1
   24     199       1
   25     137       1
   25     158       1
   26     128       1
   26     185       1
   26     194       1
   27      37       1
   27     173       1
   28      49       1
   30      74       1
   31      66       1
   31     131       1
   32     161       1
   32     198       1
   33      42       1
   34      76       1
   35     159       1
   36     141       1
   36     146       1
   36     149       1
   36     158       1
   36     191       1
   37     146       1
   38      85       1
   39      78       1
   39     174       1
   40      66       1
   41      65       1
   41     144       1
   41     195       1
   42     196       1
   43     168       1
   43     183       1
   44      93       1
   44     155       1
   45      70       1
   45     159       1
   46      79       1
   46     126       1
   46     182       1
   46     195       1
   47      50       1
   47     152       1
   48      71       1
   48      94       1
   48     183       1
   48     189       1
   49      76       1
   49      87       1
   49     100       1
   51     140       1
   52     135       1
   53     135       1
   53     136       1
   53     148       1
   54     125       1
   55      93       1
   56     135       1
   57      67       1
   57     167       1
   58     138       1
   59      95       1
   59     129       1
   59     141       1
   60      70       1
   60     100       1
   61     122       1
   61     145       1
   62      81       1
   62     119       1
   63     104       1
   64      87       1
   65      69       1
   65      78       1
   66     169       1
   67      76       1
   68      73       1
   68     155       1
   71     116       1
   71     187       1
   74     118       1
   74     120       1
   75     139       1
   76     147       1
   76     151       1
   76     194       1
   77      90       1
   77     156       1
   78     183       1
   80      86       1
   80     100       1
   80     167       1
   80     179       1
   82     140       1
   83     169       1
   84     171       1
   85     140       1
   87     175       1
   87     193       1
   88     165       1
   88     180       1
   88     185       1
   89      90       1
   89     135       1
   90     131       1
   91     117       1
   91     140       1
   91     186       1
   92     127       1
   92     135       1
   93      96       1
   95     107       1
   95     176       1
   97      99       1
   97     139       1
   98     118       1
  100     138       1
  100     159       1
  100     195       1
  101     182       1
  102     115       1
  102     185       1
  103     160       1
  104     133       1
  104     189       1
  105     106       1
  105     153       1
  107     134       1
  108     147       1
  109     124       1
  109     172       1
  111     169       1
  112     133       1
  112     180       1
  113     144       1
  114     130       1
  117     157       1
  117     171       1
  117     189       1
  118     189       1
  119     163       1
  121     148       1
  123     133       1
  127     143       1
  127     148       1
  130     195       1
  132     173       1
  135     169       1
  135     185       1
  135     196       1
  139     169       1
  139     181       1
  140     170       1
  142     185       1
  145     193       1
  146     179       1
  150     166       1
  152     173       1
  152     181       1
  153     185       1
  158     163       1
  158     189       1
  159     166       1
  159     177       1
  160     181       1
  161     174       1
  164     196       1
  168     195       1
  171     175       1
  173     197       1
  183     188       1
  189     192       1
  189     200       1
  190     195       1
