  300     326
    1     235       1
    1     236       1
    1     246       1
    2     108       1
    3     131       1
    3     222       1
    4      45       1
    4     230       1
    5      89       1
    5     238       1
    5     295       1
    6      69       1
    6     239       1
    7     104       1
    7     111       1
    8      20       1
    8      46       1
    8     284       1
    8     294       1
    9      29       1
    9     114       1
    9     232       1
    9     284       1
   10      52       1
   11     266       1
   12     235       1
   13      94       1
   14     138       1
   14     232       1
   15     151       1
   16     208       1
   17      75       1
   17      76       1
   17     107       1
   17     162       1
   18     155       1
   18     217       1
   19     237       1
   19     248       1
   20     196       1
   20     281       1
   21     182       1
   22      34       1
   22     251       1
   23     264       1
   24      41       1
   24      96       1
   25     166       1
   25     175       1
   26     199       1
   27      28       1
   27     270       1
   27     290       1
   28      59       1
   29     110       1
   29     115       1
   30      95       1
   30     180       1
   30     214       1
   30     221       1
   31      58       1
   31     249       1
   32     100       1
   33     227       1
   34     118       1
   34     156       1
   34     245       1
   35     157       1
   35     233       1
   36      58       1
   37     106       1
   38     113       1
   38     145       1
   38     152       1
   39      83       1
   39     181       1
   39     280       1
   39     299       1
   40     205       1
   41     147       1
   42      89       1
   42     218       1
   43     129       1
   44     264       1
   45     208       1
   45     238       1
   46     191       1
   47     122       1
   48     231       1
   49     167       1
   49     187       1
   50     114       1
   51     191       1
   51     270       1
   51     288       1
   52     167       1
   53     283       1
   54      65       1
   54      82       1
   54     124       1
   54     234       1
   54     241       1
   55     108       1
   55     292       1
   56     249       1
   57     168       1
   58     165       1
   58     280       1
   58     292       1
   59     212       1
   60     161       1
   60     292       1
   61     147       1
   61     271       1
   62     128       1
   62     134       1
   62     183       1
   63     234       1
   64     271       1
   64     274       1
   66     277       1
   67     157       1
   68     149       1
   69     290       1
   70     195       1
   70     215       1
   70     276       1
   70     295       1
   71      96       1
   72     101       1
   72     162       1
   72     261       1
   73     171       1
   73     256       1
   74     110       1
   77      83       1
   77     130       1
   77     156       1
   77     180       1
   78     163       1
   79     132       1
   80     114       1
   81     202       1
   82      89       1
   83     186       1
   84     272       1
   85     100       1
   85     147       1
   86     222       1
   86     280       1
   87     176       1
   88     159       1
   89     231       1
   90     102       1
   90     105       1
   90     114       1
   90     154       1
   90     254       1
   90     277       1
   91     114       1
   91     197       1
   91     292       1
   92     125       1
   93     128       1
   94     153       1
   94     286       1
   96     157       1
   96     164       1
   96     242       1
   96     275       1
   97     108       1
   97     172       1
   98     126       1
   98     139       1
   98     226       1
   98     272       1
   99     101       1
   99     140       1
  102     167       1
  102     280       1
  103     179       1
  106     211       1
  106     223       1
  108     131       1
  108     244       1
  108     247       1
  109     112       1
  110     135       1
  110     291       1
  111     116       1
  111     129       1
  111     264       1
  112     134       1
  112     150       1
  112     155       1
  113     133       1
  113     148       1
  113     164       1
  113     170       1
  114     160       1
  114     168       1
  114     191       1
  114     215       1
  117     208       1
  118     167       1
  118     184       1
  118     188       1
  118     216       1
  118     227       1
  118     263       1
  118     277       1
  119     212       1
  119     214       1
  120     121       1
  120     295       1
  122     147       1
  122     279       1
  123     224       1
  124     209       1
  125     126       1
  125     199       1
  126     237       1
  127     162       1
  128     259       1
  129     274       1
  130     264       1
  132     135       1
  132     159       1
  132     268       1
  134     202       1
  136     164       1
  137     207       1
  137     210       1
  137     235       1
  139     193       1
  141     171       1
  141     281       1
  142     151       1
  142     191       1
  142     240       1
  142     267       1
  143     288       1
  144     247       1
  146     206       1
  146     233       1
  146     278       1
  146     288       1
  147     180       1
  147     292       1
  148     149       1
  148     182       1
  148     224       1
  151     213       1
  151     282       1
  152     153       1
  158     232       1
  159     295       1
  160     185       1
  162     248       1
  162     266       1
  162     292       1
  163     292       1
  164     178       1
  164     234       1
  167     202       1
  168     192       1
  168     289       1
  169     170       1
  169     220       1
  169     233       1
  171     234       1
  171     246       1
  171     282       1
  173     198       1
  174     266       1
  175     202       1
  176     279       1
  177     184       1
  177     235       1
  179     215       1
  180     243       1
  181     231       1
  182     265       1
  186     262       1
  186     293       1
  187     222       1
  189     215       1
  190     191       1
  192     260       1
  194     235       1
  198     228       1
  198     283       1
  200     269       1
  201     208       1
  202     215       1
  202     237       1
  203     238       1
  204     255       1
  205     225       1
  208     215       1
  208     264       1
  208     296       1
  210     258       1
  212     254       1
  214     300       1
  215     255       1
  216     224       1
  219     245       1
  220     273       1
  223     237       1
  225     267       1
  227     250       1
  229     244       1
  231     285       1
  234     267       1
  236     237       1
  237     287       1
  239     298       1
  241     298       1
  248     253       1
  252     278       1
  252     297       1
  257     273       1
  267     273       1
  269     283       1
  283     294       1
