  100     114
    1       2       1
    1      23       1
    1      58       1
    1      86       1
    2       3       1
    2      20       1
    2      35       1
    3      90       1
    4      97       1
    5      27       1
    5      89       1
    5      90       1
    6      48       1
    6      82       1
    6      85       1
    7      13       1
    7      20       1
    7      26       1
    7      89       1
    7      91       1
    7      95       1
    8      57       1
    8      59       1
    9      19       1
   10      38       1
   10      92       1
   11      12       1
   11      24       1
   11      32       1
   12      85       1
   13      27       1
   13      45       1
   14      83       1
   14      87       1
   15      38       1
   15      52       1
   15      57       1
   15      64       1
   16     100       1
   17      45       1
   18      30       1
   18      46       1
   18      54       1
   19      86       1
   19      99       1
   20      37       1
   20      38       1
   20      56       1
   20      66       1
   20      73       1
   20      79       1
   21      23       1
   22      47       1
   22      95       1
   23      34       1
   24      55       1
   25      90       1
   28      75       1
   28      76       1
   29      85       1
   31      73       1
   31      84       1
   32      50       1
   32      55       1
   32      59       1
   33      93       1
   35      57       1
   36      99       1
   37      69       1
   37      88       1
   37      96       1
   38      99       1
   39      73       1
   40      88       1
   41      84       1
   41      96       1
   42      53       1
   42      73       1
   43      45       1
   44      88       1
   45      61       1
   45      79       1
   45     100       1
   46      73       1
   46      83       1
   48      57       1
   49      67       1
   49      72       1
   49      99       1
   51      52       1
   52      62       1
   52      77       1
   55      65       1
   55      76       1
   55      85       1
   56      93       1
   57      60       1
   58      70       1
   63      77       1
   68      72       1
   71      73       1
   72      88       1
   73      85       1
   74      85       1
   75      91       1
   76      94       1
   77      99       1
   78      92       1
   80      92       1
   81      85       1
   84      98       1
   87      94       1
   87      99       1
   97      99       1
