  700     739
    1     173       1
    1     236       1
    1     290       1
    2     534       1
    3     302       1
    3     364       1
    3     414       1
    4     308       1
    4     438       1
    4     572       1
    5     122       1
    5     251       1
    5     690       1
    6     639       1
    7     351       1
    8     449       1
    8     484       1
    8     544       1
    9     581       1
   10     313       1
   11     273       1
   12     264       1
   12     398       1
   12     466       1
   13     101       1
   14     111       1
   15     671       1
   16     530       1
   17      86       1
   17     107       1
   17     354       1
   17     415       1
   18     644       1
   19     199       1
   20     157       1
   20     199       1
   20     587       1
   21     312       1
   22     150       1
   22     155       1
   22     500       1
   23     240       1
   24      44       1
   24     102       1
   24     165       1
   24     382       1
   24     551       1
   24     588       1
   24     657       1
   25     567       1
   26     495       1
   27     405       1
   28      43       1
   28     363       1
   28     682       1
   29      52       1
   29     274       1
   30     424       1
   31     191       1
   31     294       1
   32     564       1
   32     656       1
   33     470       1
   34     363       1
   34     491       1
   35     273       1
   36     416       1
   37     363       1
   37     388       1
   38     629       1
   39     353       1
   40     527       1
   41     112       1
   42     267       1
   42     343       1
   43     475       1
   43     519       1
   43     697       1
   44     274       1
   44     340       1
   44     345       1
   44     505       1
   44     629       1
   44     646       1
   45     167       1
   46      96       1
   46     304       1
   47     379       1
   47     610       1
   47     621       1
   48     627       1
   49     695       1
   50     220       1
   51      79       1
   51     424       1
   53     240       1
   54     126       1
   54     169       1
   54     245       1
   54     250       1
   54     252       1
   54     269       1
   54     311       1
   54     525       1
   54     529       1
   54     665       1
   54     689       1
   55     648       1
   56     329       1
   57     180       1
   57     449       1
   57     577       1
   58      89       1
   59     472       1
   60     502       1
   60     508       1
   61     215       1
   61     281       1
   61     348       1
   61     361       1
   61     472       1
   61     510       1
   61     602       1
   61     659       1
   62      89       1
   62     154       1
   62     245       1
   62     382       1
   62     448       1
   62     522       1
   62     589       1
   63     102       1
   63     179       1
   63     358       1
   64     102       1
   64     143       1
   65     495       1
   65     675       1
   66     682       1
   67     292       1
   68     610       1
   69     281       1
   69     408       1
   70     183       1
   71     658       1
   72     383       1
   72     530       1
   72     582       1
   73     589       1
   74     239       1
   75      90       1
   75     514       1
   75     679       1
   76     365       1
   76     659       1
   77     562       1
   77     615       1
   78     560       1
   80     465       1
   80     627       1
   81     597       1
   82     110       1
   83     240       1
   84     274       1
   84     535       1
   84     596       1
   84     651       1
   85     100       1
   85     367       1
   85     606       1
   85     693       1
   87     609       1
   88      90       1
   88     280       1
   89     168       1
   89     370       1
   89     537       1
   90     458       1
   90     534       1
   90     541       1
   90     658       1
   91     470       1
   92     268       1
   92     648       1
   93     373       1
   94     256       1
   94     468       1
   94     624       1
   95     352       1
   96     121       1
   96     279       1
   96     635       1
   97     414       1
   97     638       1
   98     159       1
   99     166       1
   99     519       1
  100     281       1
  101     312       1
  101     366       1
  102     230       1
  102     684       1
  103     250       1
  104     149       1
  104     216       1
  104     284       1
  105     264       1
  106     608       1
  107     256       1
  107     278       1
  108     426       1
  109     439       1
  110     496       1
  110     641       1
  111     116       1
  111     617       1
  112     423       1
  112     446       1
  113     318       1
  113     657       1
  114     671       1
  115     280       1
  116     392       1
  117     446       1
  117     465       1
  118     218       1
  119     305       1
  120     177       1
  120     543       1
  121     300       1
  121     388       1
  121     489       1
  121     517       1
  122     200       1
  122     349       1
  122     382       1
  123     353       1
  124     126       1
  124     569       1
  125     263       1
  125     493       1
  125     554       1
  126     127       1
  126     408       1
  128     195       1
  128     393       1
  128     408       1
  128     462       1
  128     570       1
  129     550       1
  130     274       1
  131     301       1
  131     541       1
  131     602       1
  132     360       1
  133     481       1
  134     227       1
  135     308       1
  136     494       1
  137     453       1
  138     373       1
  139     206       1
  139     271       1
  140     194       1
  140     339       1
  140     559       1
  141     684       1
  142     530       1
  142     539       1
  144     471       1
  145     439       1
  146     348       1
  147     368       1
  148     511       1
  151     329       1
  151     550       1
  151     585       1
  152     193       1
  153     348       1
  153     351       1
  154     469       1
  155     498       1
  156     429       1
  156     527       1
  158     196       1
  159     311       1
  159     357       1
  159     409       1
  160     216       1
  160     560       1
  161     610       1
  162     250       1
  163     693       1
  164     602       1
  166     578       1
  167     307       1
  169     239       1
  170     218       1
  171     556       1
  172     678       1
  173     539       1
  173     639       1
  174     665       1
  175     638       1
  176     182       1
  177     431       1
  178     193       1
  179     673       1
  180     558       1
  181     447       1
  181     514       1
  182     561       1
  183     528       1
  184     580       1
  185     251       1
  185     692       1
  186     204       1
  186     481       1
  187     654       1
  188     297       1
  188     514       1
  188     631       1
  189     355       1
  189     551       1
  190     648       1
  192     334       1
  192     476       1
  193     360       1
  193     688       1
  194     401       1
  195     354       1
  196     390       1
  197     384       1
  198     262       1
  198     291       1
  198     568       1
  199     353       1
  199     543       1
  200     447       1
  201     471       1
  202     541       1
  203     245       1
  205     666       1
  206     543       1
  206     603       1
  207     638       1
  208     256       1
  208     262       1
  208     413       1
  208     694       1
  209     612       1
  210     647       1
  210     677       1
  211     608       1
  212     263       1
  213     504       1
  214     687       1
  215     292       1
  215     512       1
  216     270       1
  216     429       1
  217     685       1
  218     406       1
  218     536       1
  218     657       1
  219     551       1
  220     386       1
  221     306       1
  221     351       1
  222     227       1
  223     603       1
  224     265       1
  225     328       1
  226     321       1
  226     553       1
  227     344       1
  228     444       1
  229     447       1
  230     650       1
  230     662       1
  231     245       1
  231     387       1
  231     487       1
  232     404       1
  232     521       1
  232     560       1
  233     352       1
  233     380       1
  233     538       1
  233     644       1
  233     653       1
  234     414       1
  235     319       1
  235     686       1
  237     348       1
  238     687       1
  239     563       1
  239     655       1
  240     329       1
  240     371       1
  241     513       1
  242     246       1
  242     268       1
  242     350       1
  243     312       1
  244     624       1
  245     294       1
  245     308       1
  245     321       1
  245     344       1
  245     414       1
  245     449       1
  245     610       1
  246     636       1
  247     331       1
  247     592       1
  247     605       1
  248     378       1
  248     490       1
  248     534       1
  249     450       1
  249     548       1
  250     465       1
  252     542       1
  253     471       1
  254     540       1
  255     668       1
  256     328       1
  256     551       1
  256     629       1
  257     437       1
  257     695       1
  258     530       1
  259     664       1
  260     485       1
  261     556       1
  261     566       1
  262     266       1
  263     666       1
  264     593       1
  264     610       1
  265     572       1
  266     347       1
  269     450       1
  269     604       1
  270     356       1
  272     321       1
  272     322       1
  272     403       1
  272     422       1
  273     449       1
  273     609       1
  273     663       1
  274     424       1
  274     686       1
  275     310       1
  275     476       1
  276     360       1
  277     397       1
  277     470       1
  277     680       1
  278     580       1
  280     573       1
  282     609       1
  283     360       1
  283     471       1
  283     658       1
  285     407       1
  286     512       1
  287     301       1
  287     525       1
  287     558       1
  288     308       1
  288     504       1
  288     626       1
  289     331       1
  290     462       1
  291     591       1
  293     359       1
  293     481       1
  294     373       1
  294     528       1
  294     561       1
  295     687       1
  296     558       1
  298     555       1
  299     492       1
  299     611       1
  300     611       1
  302     308       1
  303     392       1
  303     572       1
  305     351       1
  307     613       1
  307     628       1
  309     447       1
  310     451       1
  311     377       1
  312     337       1
  312     374       1
  312     467       1
  312     501       1
  312     521       1
  313     553       1
  314     515       1
  314     648       1
  315     468       1
  316     345       1
  316     361       1
  316     391       1
  316     418       1
  316     671       1
  317     560       1
  320     564       1
  320     677       1
  321     455       1
  321     539       1
  323     383       1
  323     553       1
  324     459       1
  324     642       1
  325     329       1
  325     586       1
  326     327       1
  327     449       1
  328     581       1
  328     626       1
  329     465       1
  329     506       1
  329     598       1
  330     455       1
  330     531       1
  332     478       1
  332     602       1
  333     479       1
  335     361       1
  336     480       1
  338     606       1
  339     428       1
  339     539       1
  339     643       1
  341     555       1
  342     593       1
  343     640       1
  344     420       1
  345     540       1
  346     541       1
  348     649       1
  352     624       1
  352     640       1
  354     645       1
  356     620       1
  359     622       1
  360     575       1
  361     376       1
  362     659       1
  363     481       1
  367     433       1
  367     664       1
  368     510       1
  368     583       1
  368     657       1
  369     419       1
  369     452       1
  371     389       1
  371     457       1
  371     656       1
  372     654       1
  374     465       1
  374     475       1
  374     676       1
  375     582       1
  380     619       1
  381     452       1
  382     480       1
  382     641       1
  382     687       1
  384     476       1
  385     454       1
  385     587       1
  386     628       1
  388     554       1
  388     648       1
  390     428       1
  392     408       1
  392     691       1
  393     456       1
  394     408       1
  395     585       1
  396     525       1
  397     520       1
  398     599       1
  399     563       1
  400     434       1
  401     420       1
  402     453       1
  402     460       1
  403     474       1
  405     463       1
  405     551       1
  405     620       1
  407     565       1
  408     650       1
  410     426       1
  411     653       1
  412     548       1
  414     476       1
  414     564       1
  414     614       1
  414     661       1
  415     530       1
  416     439       1
  416     495       1
  416     696       1
  417     663       1
  421     494       1
  421     597       1
  424     502       1
  425     700       1
  426     538       1
  427     470       1
  429     440       1
  429     682       1
  430     680       1
  432     522       1
  432     632       1
  434     519       1
  435     589       1
  436     641       1
  437     622       1
  438     460       1
  441     674       1
  442     554       1
  443     592       1
  444     564       1
  445     462       1
  446     511       1
  447     483       1
  447     567       1
  449     482       1
  449     660       1
  452     547       1
  452     552       1
  453     580       1
  453     608       1
  455     486       1
  457     605       1
  461     477       1
  461     659       1
  462     497       1
  463     545       1
  464     532       1
  464     659       1
  465     500       1
  465     571       1
  466     482       1
  468     652       1
  468     683       1
  470     473       1
  470     614       1
  471     597       1
  471     700       1
  472     524       1
  472     600       1
  476     584       1
  476     668       1
  476     696       1
  479     602       1
  480     565       1
  484     516       1
  485     561       1
  488     495       1
  488     590       1
  488     594       1
  499     555       1
  500     508       1
  503     605       1
  507     679       1
  508     634       1
  509     567       1
  513     514       1
  517     597       1
  518     628       1
  523     681       1
  525     588       1
  525     595       1
  526     629       1
  528     555       1
  533     700       1
  537     576       1
  538     618       1
  540     650       1
  541     543       1
  542     630       1
  543     693       1
  546     650       1
  549     621       1
  551     665       1
  551     679       1
  552     585       1
  553     699       1
  557     582       1
  561     562       1
  566     569       1
  571     670       1
  572     647       1
  574     668       1
  576     623       1
  577     677       1
  579     680       1
  582     672       1
  582     674       1
  587     608       1
  587     625       1
  587     678       1
  597     622       1
  597     628       1
  601     648       1
  602     640       1
  604     633       1
  605     612       1
  605     682       1
  605     685       1
  607     642       1
  610     635       1
  614     654       1
  616     663       1
  623     679       1
  627     698       1
  635     682       1
  637     648       1
  642     659       1
  647     688       1
  648     674       1
  655     666       1
  657     659       1
  664     669       1
  667     681       1
  681     687       1
