   50      61
    1      25       1
    1      30       1
    2      39       1
    3      24       1
    4      37       1
    4      49       1
    5      17       1
    5      46       1
    6      39       1
    6      47       1
    6      50       1
    7      19       1
    8      19       1
    8      25       1
    8      36       1
    8      50       1
    9      11       1
    9      25       1
   10      38       1
   10      45       1
   12      19       1
   13      24       1
   13      28       1
   14      24       1
   15      16       1
   15      22       1
   15      31       1
   15      36       1
   15      42       1
   15      44       1
   15      46       1
   15      48       1
   16      20       1
   16      25       1
   16      49       1
   17      45       1
   18      50       1
   21      28       1
   23      31       1
   24      32       1
   24      37       1
   25      39       1
   26      35       1
   26      39       1
   26      44       1
   27      34       1
   27      42       1
   27      50       1
   28      42       1
   28      44       1
   29      47       1
   31      49       1
   32      41       1
   33      34       1
   37      41       1
   37      45       1
   38      47       1
   39      41       1
   39      43       1
   40      47       1
   43      47       1
