  400     429
    1      93       1
    1     348       1
    2     181       1
    2     200       1
    2     308       1
    3     294       1
    4     191       1
    4     354       1
    5     107       1
    5     240       1
    5     395       1
    6     261       1
    7      71       1
    8      11       1
    9     127       1
   10      82       1
   11      85       1
   11     164       1
   11     320       1
   12     350       1
   13      55       1
   14     220       1
   15     238       1
   15     304       1
   16      45       1
   16     166       1
   16     234       1
   16     323       1
   17     208       1
   17     211       1
   18     352       1
   19     181       1
   19     215       1
   19     290       1
   19     337       1
   20     137       1
   20     245       1
   21      39       1
   22      50       1
   23     140       1
   24      49       1
   24      53       1
   24     114       1
   24     252       1
   24     321       1
   24     362       1
   25     252       1
   26     305       1
   27     123       1
   28      36       1
   29     119       1
   30      84       1
   30     269       1
   31     132       1
   31     281       1
   32     103       1
   32     268       1
   33     119       1
   33     337       1
   34      83       1
   34     325       1
   34     330       1
   34     339       1
   35     113       1
   36     215       1
   37      49       1
   37      79       1
   37     137       1
   37     181       1
   37     191       1
   37     219       1
   37     314       1
   37     371       1
   38     288       1
   39     284       1
   39     305       1
   40      50       1
   40     252       1
   41     126       1
   41     177       1
   41     182       1
   41     212       1
   42     362       1
   43     106       1
   43     128       1
   43     331       1
   44     298       1
   45     120       1
   45     156       1
   45     221       1
   46     365       1
   47     137       1
   48      62       1
   49     140       1
   49     343       1
   50     133       1
   51     272       1
   52      87       1
   54     191       1
   54     204       1
   54     207       1
   54     264       1
   55     116       1
   55     139       1
   55     312       1
   56      79       1
   57     337       1
   58     303       1
   58     372       1
   59     248       1
   59     398       1
   60     339       1
   61     194       1
   62     114       1
   63     299       1
   64     365       1
   65     113       1
   65     152       1
   65     181       1
   65     308       1
   66     345       1
   67      90       1
   67     303       1
   68     115       1
   68     174       1
   69     334       1
   69     384       1
   70     365       1
   71     167       1
   71     190       1
   71     260       1
   72      82       1
   73     238       1
   74     306       1
   75      86       1
   75     145       1
   76      81       1
   77     164       1
   78      87       1
   79     100       1
   79     190       1
   79     274       1
   79     320       1
   80     277       1
   80     375       1
   81     258       1
   81     328       1
   82     295       1
   82     365       1
   84      99       1
   84     108       1
   84     175       1
   84     272       1
   85     294       1
   87     169       1
   87     181       1
   87     293       1
   88     238       1
   88     360       1
   89     285       1
   90     175       1
   90     203       1
   90     211       1
   90     271       1
   91     164       1
   92     384       1
   92     391       1
   93     157       1
   93     188       1
   93     249       1
   93     388       1
   94     229       1
   95     188       1
   95     190       1
   95     214       1
   95     297       1
   96     265       1
   96     318       1
   97     168       1
   97     189       1
   98     143       1
  100     146       1
  101     156       1
  102     118       1
  102     121       1
  103     230       1
  104     141       1
  104     263       1
  104     309       1
  104     313       1
  104     365       1
  105     283       1
  107     141       1
  107     381       1
  108     317       1
  109     335       1
  109     344       1
  110     388       1
  111     117       1
  112     215       1
  115     121       1
  115     142       1
  115     200       1
  115     243       1
  116     236       1
  117     379       1
  117     391       1
  118     313       1
  119     338       1
  122     235       1
  122     375       1
  123     129       1
  123     185       1
  123     248       1
  124     325       1
  125     298       1
  127     369       1
  127     384       1
  127     394       1
  129     231       1
  130     228       1
  131     167       1
  131     209       1
  132     159       1
  132     228       1
  133     327       1
  134     223       1
  134     274       1
  135     173       1
  135     391       1
  136     150       1
  137     301       1
  138     199       1
  138     386       1
  139     366       1
  139     396       1
  140     228       1
  140     238       1
  140     306       1
  140     339       1
  140     382       1
  142     292       1
  143     202       1
  144     153       1
  145     161       1
  147     154       1
  147     310       1
  147     322       1
  147     380       1
  148     220       1
  148     267       1
  148     316       1
  148     362       1
  149     159       1
  149     378       1
  150     195       1
  150     383       1
  150     386       1
  151     253       1
  151     354       1
  153     233       1
  153     305       1
  153     339       1
  153     344       1
  155     377       1
  158     200       1
  158     239       1
  158     291       1
  158     344       1
  159     163       1
  160     232       1
  160     386       1
  161     206       1
  161     395       1
  162     201       1
  164     225       1
  164     244       1
  164     257       1
  165     274       1
  166     191       1
  166     196       1
  166     356       1
  166     395       1
  167     276       1
  167     289       1
  168     294       1
  169     176       1
  169     247       1
  170     312       1
  170     345       1
  171     311       1
  172     287       1
  172     306       1
  172     363       1
  172     377       1
  172     393       1
  175     280       1
  175     286       1
  175     355       1
  175     357       1
  177     298       1
  177     305       1
  177     331       1
  178     182       1
  178     301       1
  179     265       1
  180     292       1
  180     305       1
  181     369       1
  183     216       1
  183     241       1
  183     314       1
  184     289       1
  186     298       1
  187     306       1
  188     201       1
  188     339       1
  188     355       1
  188     387       1
  188     390       1
  189     208       1
  189     222       1
  190     246       1
  190     385       1
  191     324       1
  192     271       1
  193     327       1
  193     395       1
  194     387       1
  197     204       1
  198     205       1
  200     389       1
  202     386       1
  205     268       1
  205     299       1
  205     317       1
  205     340       1
  206     294       1
  209     255       1
  210     258       1
  210     294       1
  210     306       1
  210     338       1
  213     242       1
  213     362       1
  214     218       1
  214     322       1
  214     400       1
  217     378       1
  218     224       1
  218     253       1
  218     273       1
  219     251       1
  226     284       1
  227     296       1
  227     376       1
  229     364       1
  229     384       1
  229     392       1
  230     370       1
  233     249       1
  236     261       1
  236     339       1
  237     284       1
  238     270       1
  243     374       1
  244     342       1
  246     347       1
  246     361       1
  248     253       1
  248     375       1
  250     290       1
  250     315       1
  253     329       1
  254     317       1
  256     318       1
  258     262       1
  258     299       1
  258     307       1
  259     284       1
  259     329       1
  261     331       1
  265     303       1
  265     358       1
  265     388       1
  266     374       1
  268     320       1
  275     369       1
  277     362       1
  278     363       1
  279     391       1
  281     311       1
  282     390       1
  283     400       1
  285     323       1
  288     340       1
  288     387       1
  289     370       1
  289     383       1
  294     302       1
  295     383       1
  296     319       1
  296     344       1
  299     383       1
  300     353       1
  301     349       1
  301     364       1
  301     397       1
  303     355       1
  311     373       1
  314     323       1
  314     398       1
  319     367       1
  322     326       1
  322     336       1
  326     341       1
  332     338       1
  332     359       1
  333     383       1
  338     397       1
  339     350       1
  340     399       1
  344     375       1
  346     383       1
  348     351       1
  352     361       1
  353     383       1
  360     366       1
  368     371       1
