  800     842
    1     788       1
    2      49       1
    3     344       1
    3     356       1
    3     426       1
    3     463       1
    3     675       1
    4     193       1
    5      36       1
    5     374       1
    5     462       1
    6     617       1
    6     634       1
    7     224       1
    7     592       1
    7     613       1
    8     493       1
    9     151       1
   10     312       1
   11     601       1
   11     754       1
   12     519       1
   13     128       1
   13     710       1
   14     342       1
   14     533       1
   14     591       1
   14     740       1
   15     222       1
   16     266       1
   17     225       1
   17     232       1
   17     605       1
   18      33       1
   18     793       1
   19     633       1
   20     697       1
   21      52       1
   21     200       1
   21     211       1
   21     576       1
   22      65       1
   22     499       1
   22     678       1
   23     384       1
   24     141       1
   24     208       1
   24     753       1
   25     578       1
   26     335       1
   27      42       1
   27     166       1
   27     251       1
   27     455       1
   27     721       1
   27     796       1
   28     551       1
   29     223       1
   30      38       1
   30     555       1
   31     264       1
   31     419       1
   31     632       1
   31     650       1
   31     740       1
   32     126       1
   32     392       1
   32     666       1
   34     612       1
   34     621       1
   35     153       1
   35     500       1
   35     595       1
   37     465       1
   37     663       1
   37     786       1
   38      94       1
   38     227       1
   38     495       1
   38     683       1
   38     789       1
   39     499       1
   40     120       1
   40     365       1
   40     747       1
   41     435       1
   42     508       1
   43     624       1
   43     632       1
   44     162       1
   44     199       1
   44     207       1
   45     728       1
   46     239       1
   46     750       1
   47     144       1
   47     347       1
   47     559       1
   48      61       1
   48     683       1
   49     136       1
   49     435       1
   49     665       1
   50     329       1
   50     531       1
   51     408       1
   51     784       1
   53     255       1
   53     638       1
   53     729       1
   54     569       1
   55      97       1
   56      63       1
   57     743       1
   58     370       1
   59     102       1
   59     325       1
   59     527       1
   60     104       1
   60     426       1
   60     504       1
   60     639       1
   62     160       1
   62     470       1
   62     521       1
   63     468       1
   63     795       1
   64     451       1
   65     764       1
   66     338       1
   66     709       1
   67     511       1
   67     638       1
   68     722       1
   69     668       1
   70     138       1
   71     226       1
   71     302       1
   71     570       1
   72     160       1
   72     367       1
   72     529       1
   72     565       1
   72     738       1
   72     758       1
   73     404       1
   73     550       1
   74     688       1
   75      96       1
   76     788       1
   77     528       1
   78     319       1
   78     423       1
   79     768       1
   80     109       1
   81     204       1
   82     210       1
   82     532       1
   83     348       1
   84     321       1
   85     133       1
   86     155       1
   86     159       1
   87     552       1
   87     703       1
   88     502       1
   89     133       1
   89     593       1
   90     370       1
   91     176       1
   92     178       1
   93     774       1
   94     106       1
   95     202       1
   95     587       1
   96     238       1
   96     710       1
   97     124       1
   97     394       1
   97     791       1
   98     212       1
   99     266       1
   99     768       1
  100     498       1
  100     711       1
  101     623       1
  101     737       1
  102     433       1
  102     492       1
  103     342       1
  104     368       1
  104     700       1
  105     722       1
  107     274       1
  107     534       1
  107     551       1
  107     611       1
  107     787       1
  108     163       1
  108     389       1
  109     113       1
  110     282       1
  110     316       1
  111     240       1
  111     589       1
  111     598       1
  112     443       1
  113     327       1
  113     356       1
  114     247       1
  114     265       1
  115     505       1
  116     209       1
  116     319       1
  117     318       1
  117     767       1
  118     300       1
  118     392       1
  119     432       1
  121     552       1
  122     147       1
  123     373       1
  124     128       1
  124     222       1
  124     335       1
  124     348       1
  124     544       1
  124     652       1
  124     731       1
  125     169       1
  125     369       1
  127     336       1
  128     693       1
  128     793       1
  129     208       1
  129     432       1
  129     717       1
  130     715       1
  131     178       1
  131     573       1
  132     640       1
  133     135       1
  133     732       1
  133     792       1
  134     187       1
  134     494       1
  135     161       1
  135     222       1
  135     765       1
  137     581       1
  138     792       1
  139     236       1
  139     245       1
  140     784       1
  142     576       1
  143     670       1
  144     481       1
  145     232       1
  145     525       1
  145     576       1
  146     473       1
  147     179       1
  147     559       1
  148     325       1
  149     158       1
  149     215       1
  150     535       1
  150     630       1
  151     221       1
  151     420       1
  151     710       1
  152     169       1
  154     451       1
  154     542       1
  156     455       1
  156     684       1
  157     237       1
  157     286       1
  157     357       1
  157     404       1
  157     652       1
  158     424       1
  158     438       1
  159     302       1
  159     473       1
  160     218       1
  160     278       1
  160     291       1
  160     323       1
  160     676       1
  160     689       1
  160     734       1
  160     795       1
  161     312       1
  161     583       1
  162     306       1
  162     427       1
  163     533       1
  164     402       1
  165     676       1
  165     752       1
  167     329       1
  168     295       1
  170     266       1
  171     401       1
  172     359       1
  172     410       1
  172     571       1
  173     599       1
  174     189       1
  175     315       1
  176     220       1
  176     424       1
  176     655       1
  177     442       1
  178     204       1
  178     206       1
  178     517       1
  178     536       1
  178     763       1
  180     619       1
  181     223       1
  181     552       1
  182     596       1
  182     777       1
  183     662       1
  184     205       1
  184     417       1
  185     236       1
  186     445       1
  186     604       1
  186     698       1
  187     196       1
  187     799       1
  188     212       1
  188     740       1
  189     668       1
  190     228       1
  191     498       1
  192     440       1
  193     235       1
  193     690       1
  194     481       1
  195     568       1
  195     644       1
  196     629       1
  197     303       1
  197     390       1
  198     541       1
  198     722       1
  199     502       1
  201     259       1
  201     740       1
  203     767       1
  209     380       1
  209     668       1
  212     256       1
  213     440       1
  214     216       1
  214     443       1
  216     723       1
  216     744       1
  217     486       1
  218     670       1
  219     374       1
  222     671       1
  222     692       1
  223     279       1
  225     270       1
  226     327       1
  227     471       1
  227     515       1
  227     532       1
  227     668       1
  228     792       1
  229     655       1
  230     609       1
  231     332       1
  231     360       1
  232     664       1
  232     773       1
  233     417       1
  234     471       1
  234     514       1
  235     331       1
  235     414       1
  235     753       1
  236     386       1
  236     722       1
  237     293       1
  240     601       1
  241     262       1
  242     738       1
  243     263       1
  243     340       1
  243     452       1
  244     716       1
  244     727       1
  246     698       1
  247     493       1
  247     795       1
  248     484       1
  249     372       1
  249     565       1
  250     798       1
  252     658       1
  253     311       1
  253     626       1
  254     514       1
  257     333       1
  258     453       1
  258     747       1
  260     393       1
  261     626       1
  261     794       1
  262     731       1
  263     698       1
  264     326       1
  264     392       1
  264     635       1
  264     750       1
  265     515       1
  266     682       1
  266     688       1
  266     699       1
  267     743       1
  268     308       1
  268     557       1
  269     767       1
  271     321       1
  271     756       1
  271     791       1
  272     598       1
  273     562       1
  275     528       1
  276     324       1
  277     583       1
  277     702       1
  278     457       1
  278     745       1
  280     477       1
  281     749       1
  282     492       1
  283     311       1
  284     408       1
  284     759       1
  285     654       1
  287     503       1
  288     341       1
  289     469       1
  289     482       1
  289     794       1
  290     743       1
  291     558       1
  292     642       1
  293     478       1
  294     531       1
  295     609       1
  295     661       1
  296     618       1
  297     339       1
  297     371       1
  297     598       1
  297     685       1
  297     735       1
  297     754       1
  298     744       1
  299     317       1
  301     576       1
  302     378       1
  302     421       1
  302     618       1
  302     671       1
  302     677       1
  304     319       1
  305     431       1
  305     637       1
  306     705       1
  307     367       1
  307     658       1
  308     662       1
  309     406       1
  310     794       1
  311     323       1
  311     519       1
  311     552       1
  311     682       1
  313     736       1
  314     357       1
  315     651       1
  317     320       1
  318     575       1
  319     350       1
  319     491       1
  319     515       1
  319     540       1
  320     419       1
  320     487       1
  321     496       1
  321     556       1
  322     460       1
  322     705       1
  323     413       1
  323     559       1
  323     651       1
  323     740       1
  324     435       1
  326     481       1
  327     376       1
  328     653       1
  328     753       1
  329     472       1
  329     487       1
  329     731       1
  330     577       1
  330     657       1
  331     616       1
  332     466       1
  332     504       1
  332     554       1
  332     795       1
  333     386       1
  333     737       1
  334     631       1
  334     727       1
  335     657       1
  336     503       1
  337     638       1
  338     478       1
  339     548       1
  339     726       1
  340     537       1
  341     350       1
  342     567       1
  342     636       1
  343     784       1
  345     380       1
  346     420       1
  348     370       1
  348     405       1
  348     682       1
  349     711       1
  351     747       1
  352     476       1
  352     590       1
  353     701       1
  354     443       1
  355     688       1
  356     478       1
  356     716       1
  356     795       1
  358     407       1
  359     384       1
  359     716       1
  361     587       1
  362     538       1
  363     738       1
  364     552       1
  366     595       1
  366     660       1
  367     374       1
  367     417       1
  367     465       1
  368     534       1
  368     549       1
  368     724       1
  369     591       1
  370     486       1
  373     484       1
  373     631       1
  373     789       1
  374     520       1
  375     478       1
  376     645       1
  377     685       1
  378     648       1
  379     536       1
  379     712       1
  380     442       1
  381     658       1
  382     610       1
  383     791       1
  384     621       1
  385     531       1
  386     600       1
  386     607       1
  386     749       1
  386     782       1
  387     396       1
  387     682       1
  387     737       1
  388     545       1
  389     526       1
  389     707       1
  389     734       1
  390     391       1
  390     572       1
  391     602       1
  392     451       1
  393     444       1
  393     785       1
  395     399       1
  396     751       1
  397     744       1
  397     792       1
  398     489       1
  398     783       1
  399     654       1
  399     769       1
  400     519       1
  400     713       1
  400     790       1
  401     402       1
  401     578       1
  401     752       1
  402     406       1
  403     591       1
  404     461       1
  404     522       1
  405     592       1
  405     736       1
  407     722       1
  408     474       1
  409     422       1
  409     521       1
  409     552       1
  409     602       1
  410     649       1
  410     654       1
  411     729       1
  412     722       1
  413     464       1
  414     741       1
  415     509       1
  416     618       1
  416     722       1
  417     586       1
  417     770       1
  418     496       1
  420     687       1
  421     696       1
  422     448       1
  422     791       1
  422     798       1
  424     754       1
  424     783       1
  425     538       1
  426     660       1
  427     688       1
  427     720       1
  428     671       1
  429     541       1
  430     628       1
  430     750       1
  431     488       1
  431     592       1
  434     439       1
  434     487       1
  434     584       1
  435     545       1
  435     668       1
  435     767       1
  436     444       1
  436     553       1
  437     495       1
  440     609       1
  441     737       1
  443     682       1
  446     536       1
  447     481       1
  448     562       1
  449     574       1
  450     766       1
  451     697       1
  452     488       1
  454     678       1
  454     695       1
  455     495       1
  455     535       1
  455     580       1
  456     598       1
  458     609       1
  459     561       1
  465     538       1
  465     653       1
  467     477       1
  468     620       1
  469     680       1
  473     701       1
  475     602       1
  477     754       1
  478     709       1
  478     794       1
  479     682       1
  480     486       1
  481     587       1
  481     588       1
  481     774       1
  483     635       1
  485     686       1
  487     522       1
  488     708       1
  490     728       1
  492     515       1
  494     671       1
  495     682       1
  497     668       1
  497     771       1
  497     776       1
  498     686       1
  499     652       1
  501     768       1
  503     702       1
  503     729       1
  503     730       1
  504     512       1
  504     543       1
  505     544       1
  506     519       1
  506     800       1
  507     578       1
  509     735       1
  510     722       1
  512     627       1
  512     641       1
  512     779       1
  513     617       1
  513     734       1
  515     750       1
  516     689       1
  517     676       1
  518     672       1
  520     644       1
  523     574       1
  524     789       1
  525     647       1
  525     756       1
  528     661       1
  528     754       1
  530     734       1
  531     539       1
  532     672       1
  534     748       1
  534     763       1
  537     609       1
  541     633       1
  543     626       1
  544     705       1
  546     675       1
  547     574       1
  552     700       1
  556     619       1
  557     673       1
  559     691       1
  559     715       1
  559     761       1
  560     596       1
  561     595       1
  561     683       1
  563     737       1
  564     657       1
  565     630       1
  566     761       1
  568     746       1
  569     578       1
  571     596       1
  571     614       1
  574     794       1
  576     650       1
  578     662       1
  578     719       1
  579     630       1
  581     673       1
  581     774       1
  582     753       1
  585     798       1
  590     682       1
  591     679       1
  592     728       1
  594     606       1
  594     650       1
  596     755       1
  597     702       1
  599     761       1
  603     674       1
  603     765       1
  604     781       1
  608     774       1
  609     740       1
  609     762       1
  610     650       1
  613     694       1
  615     667       1
  616     774       1
  618     642       1
  622     800       1
  625     671       1
  633     691       1
  638     791       1
  639     736       1
  640     711       1
  640     774       1
  643     794       1
  644     682       1
  646     716       1
  650     706       1
  652     743       1
  654     669       1
  656     736       1
  659     660       1
  662     731       1
  665     725       1
  667     784       1
  672     739       1
  676     681       1
  681     714       1
  682     754       1
  683     753       1
  693     742       1
  693     775       1
  698     716       1
  700     763       1
  704     767       1
  705     785       1
  715     788       1
  717     789       1
  718     731       1
  722     731       1
  722     747       1
  724     784       1
  733     793       1
  749     778       1
  752     772       1
  755     793       1
  757     767       1
  760     782       1
  766     789       1
  768     775       1
  779     791       1
  780     782       1
  784     791       1
  784     797       1
