  700     739
    1     519       1
    2      58       1
    2     156       1
    3     429       1
    4     174       1
    4     301       1
    4     447       1
    4     450       1
    4     684       1
    5     185       1
    5     582       1
    6     110       1
    6     119       1
    6     682       1
    6     689       1
    7     123       1
    8     128       1
    8     336       1
    9     331       1
    9     451       1
    9     475       1
    9     577       1
   10     537       1
   10     548       1
   10     646       1
   11     222       1
   12     156       1
   12     230       1
   12     370       1
   12     400       1
   12     615       1
   13     352       1
   14      44       1
   15      28       1
   16     238       1
   16     633       1
   17     230       1
   17     360       1
   17     521       1
   18     384       1
   19      91       1
   19     157       1
   19     232       1
   19     354       1
   19     549       1
   19     621       1
   19     650       1
   20      44       1
   20     151       1
   20     211       1
   20     301       1
   21      79       1
   21     112       1
   21     206       1
   21     542       1
   22     176       1
   22     597       1
   22     609       1
   23     440       1
   24      66       1
   24     443       1
   24     694       1
   25     677       1
   26     522       1
   27      29       1
   27     505       1
   28      78       1
   28     172       1
   28     343       1
   29      35       1
   29     515       1
   30     301       1
   30     351       1
   30     672       1
   31     300       1
   32     240       1
   32     471       1
   33     376       1
   34     158       1
   34     282       1
   34     673       1
   36      92       1
   36     257       1
   37     576       1
   38     233       1
   38     423       1
   38     524       1
   38     642       1
   39     297       1
   40     538       1
   40     679       1
   41     639       1
   42     253       1
   42     536       1
   42     604       1
   43     114       1
   44     251       1
   44     320       1
   45     224       1
   45     326       1
   45     647       1
   46      68       1
   47     329       1
   47     454       1
   48     699       1
   49     160       1
   49     647       1
   50     269       1
   50     484       1
   51     201       1
   51     271       1
   52     559       1
   53     237       1
   53     527       1
   54     396       1
   55     114       1
   55     419       1
   56     488       1
   57      71       1
   59     193       1
   59     234       1
   59     511       1
   60     620       1
   61     537       1
   62     496       1
   63     581       1
   63     627       1
   64     318       1
   65     193       1
   65     446       1
   65     542       1
   67     654       1
   68      78       1
   68     143       1
   68     178       1
   68     317       1
   68     382       1
   68     389       1
   68     440       1
   68     531       1
   68     657       1
   69     422       1
   70     320       1
   71     240       1
   71     408       1
   71     606       1
   72     244       1
   73     510       1
   74     377       1
   75     156       1
   76     393       1
   77     499       1
   78     456       1
   78     577       1
   79     142       1
   79     541       1
   80     323       1
   81     190       1
   81     465       1
   82     396       1
   83     261       1
   83     513       1
   84     271       1
   85     248       1
   85     455       1
   86     572       1
   86     624       1
   87     590       1
   87     620       1
   88     498       1
   89      90       1
   89     120       1
   89     462       1
   89     575       1
   91     120       1
   91     155       1
   91     215       1
   91     287       1
   91     589       1
   92     263       1
   93     169       1
   93     403       1
   93     404       1
   93     492       1
   94     618       1
   95     314       1
   96     536       1
   97     115       1
   98     244       1
   98     385       1
   98     398       1
   98     565       1
   98     596       1
   98     626       1
   99     575       1
  100     261       1
  101     298       1
  102     217       1
  102     341       1
  103     191       1
  103     585       1
  104     200       1
  105     443       1
  106     531       1
  107     590       1
  108     667       1
  108     678       1
  109     353       1
  110     150       1
  110     269       1
  110     476       1
  111     167       1
  111     359       1
  111     452       1
  111     591       1
  112     610       1
  113     477       1
  115     528       1
  116     473       1
  117     203       1
  117     255       1
  117     442       1
  118     140       1
  118     418       1
  119     403       1
  120     221       1
  120     233       1
  120     303       1
  120     332       1
  120     374       1
  120     384       1
  120     545       1
  121     233       1
  122     543       1
  123     315       1
  123     344       1
  123     552       1
  123     567       1
  124     365       1
  125     136       1
  125     476       1
  126     518       1
  126     620       1
  127     466       1
  128     443       1
  129     261       1
  130     147       1
  130     488       1
  130     651       1
  131     193       1
  131     410       1
  132     213       1
  133     493       1
  134     505       1
  135     320       1
  136     492       1
  137     518       1
  138     325       1
  138     461       1
  139     402       1
  140     350       1
  141     206       1
  142     558       1
  143     296       1
  144     628       1
  145     206       1
  146     165       1
  148     530       1
  149     214       1
  149     228       1
  149     399       1
  151     580       1
  152     208       1
  153     393       1
  154     233       1
  154     586       1
  155     327       1
  156     555       1
  158     205       1
  158     213       1
  158     352       1
  158     545       1
  158     616       1
  159     233       1
  159     468       1
  161     554       1
  162     352       1
  163     195       1
  163     384       1
  164     188       1
  164     581       1
  165     488       1
  166     197       1
  168     202       1
  169     393       1
  169     661       1
  170     315       1
  170     490       1
  171     192       1
  172     181       1
  172     347       1
  173     380       1
  174     214       1
  174     245       1
  175     348       1
  175     562       1
  176     372       1
  176     574       1
  177     391       1
  179     460       1
  180     284       1
  180     304       1
  181     294       1
  181     337       1
  182     452       1
  183     436       1
  183     501       1
  184     347       1
  184     480       1
  184     640       1
  184     661       1
  186     464       1
  187     292       1
  187     541       1
  189     195       1
  190     464       1
  190     637       1
  190     697       1
  192     194       1
  193     284       1
  194     197       1
  196     270       1
  197     249       1
  197     254       1
  197     267       1
  197     426       1
  197     516       1
  197     547       1
  198     573       1
  198     620       1
  198     631       1
  199     331       1
  200     308       1
  200     396       1
  200     432       1
  200     447       1
  201     457       1
  202     440       1
  204     277       1
  206     225       1
  207     397       1
  207     697       1
  208     313       1
  208     388       1
  208     430       1
  209     445       1
  209     493       1
  209     528       1
  210     223       1
  210     630       1
  212     312       1
  212     321       1
  213     248       1
  213     287       1
  213     288       1
  213     328       1
  213     570       1
  213     601       1
  213     699       1
  216     324       1
  216     503       1
  216     531       1
  216     545       1
  216     630       1
  217     461       1
  218     393       1
  219     398       1
  220     445       1
  221     277       1
  221     300       1
  221     624       1
  222     226       1
  226     662       1
  227     277       1
  228     587       1
  229     378       1
  229     483       1
  229     530       1
  229     679       1
  230     508       1
  230     606       1
  231     309       1
  231     318       1
  231     417       1
  231     485       1
  231     669       1
  232     442       1
  233     687       1
  235     444       1
  235     454       1
  235     553       1
  235     656       1
  235     662       1
  236     377       1
  236     619       1
  237     261       1
  239     292       1
  239     469       1
  240     242       1
  240     335       1
  241     533       1
  241     613       1
  241     635       1
  241     664       1
  241     683       1
  243     557       1
  244     504       1
  246     392       1
  247     386       1
  247     649       1
  248     431       1
  248     478       1
  248     497       1
  248     556       1
  248     559       1
  249     304       1
  249     501       1
  250     269       1
  250     576       1
  252     427       1
  252     500       1
  252     624       1
  253     470       1
  254     257       1
  254     382       1
  254     419       1
  254     507       1
  254     517       1
  254     614       1
  256     454       1
  257     486       1
  257     580       1
  258     511       1
  259     488       1
  260     676       1
  261     578       1
  262     585       1
  264     471       1
  264     586       1
  264     645       1
  265     562       1
  266     586       1
  268     659       1
  269     629       1
  270     499       1
  271     624       1
  272     422       1
  272     652       1
  273     344       1
  274     428       1
  274     453       1
  275     281       1
  275     679       1
  276     413       1
  276     489       1
  277     498       1
  278     358       1
  279     302       1
  279     432       1
  280     299       1
  280     320       1
  280     489       1
  282     283       1
  282     323       1
  285     698       1
  286     427       1
  288     319       1
  288     633       1
  288     661       1
  289     479       1
  290     413       1
  290     667       1
  291     549       1
  292     353       1
  292     376       1
  292     546       1
  292     641       1
  292     682       1
  293     643       1
  295     524       1
  297     485       1
  298     569       1
  298     582       1
  299     600       1
  300     339       1
  300     437       1
  300     474       1
  300     542       1
  300     550       1
  302     420       1
  303     391       1
  305     339       1
  306     413       1
  307     529       1
  309     598       1
  310     539       1
  310     656       1
  311     412       1
  311     463       1
  312     346       1
  312     698       1
  314     376       1
  314     417       1
  314     482       1
  315     328       1
  315     396       1
  315     534       1
  315     660       1
  316     581       1
  316     620       1
  317     392       1
  317     626       1
  317     662       1
  317     665       1
  319     477       1
  320     333       1
  320     670       1
  321     461       1
  321     645       1
  322     326       1
  324     446       1
  325     418       1
  326     523       1
  330     585       1
  331     469       1
  331     580       1
  332     369       1
  332     510       1
  332     521       1
  334     368       1
  334     614       1
  335     666       1
  335     683       1
  336     379       1
  336     523       1
  337     656       1
  338     559       1
  340     536       1
  340     575       1
  342     536       1
  345     571       1
  345     591       1
  347     597       1
  349     392       1
  349     412       1
  349     417       1
  349     578       1
  352     381       1
  355     508       1
  356     385       1
  357     659       1
  358     645       1
  358     646       1
  359     618       1
  361     441       1
  361     472       1
  362     427       1
  363     386       1
  364     661       1
  365     434       1
  365     655       1
  366     518       1
  367     411       1
  367     662       1
  369     496       1
  369     521       1
  369     655       1
  371     474       1
  372     558       1
  373     587       1
  375     539       1
  376     634       1
  377     683       1
  378     390       1
  380     581       1
  382     582       1
  382     620       1
  382     683       1
  383     417       1
  383     488       1
  384     515       1
  386     524       1
  386     626       1
  387     413       1
  387     543       1
  387     625       1
  393     562       1
  394     529       1
  395     699       1
  396     413       1
  398     519       1
  399     430       1
  400     481       1
  400     641       1
  401     628       1
  402     442       1
  405     561       1
  406     581       1
  407     624       1
  409     549       1
  409     563       1
  411     458       1
  411     663       1
  411     700       1
  414     516       1
  415     474       1
  416     660       1
  417     531       1
  418     549       1
  419     491       1
  420     466       1
  421     523       1
  422     470       1
  424     511       1
  425     633       1
  429     442       1
  430     608       1
  430     679       1
  433     435       1
  435     577       1
  438     567       1
  439     580       1
  440     659       1
  440     695       1
  441     488       1
  443     545       1
  448     591       1
  449     454       1
  449     583       1
  451     690       1
  453     474       1
  454     532       1
  458     644       1
  458     698       1
  459     475       1
  460     552       1
  463     510       1
  464     651       1
  466     591       1
  467     606       1
  470     662       1
  471     512       1
  473     525       1
  473     530       1
  474     603       1
  476     592       1
  476     668       1
  479     683       1
  482     584       1
  483     691       1
  487     570       1
  488     679       1
  492     605       1
  494     562       1
  495     565       1
  496     617       1
  499     662       1
  499     677       1
  500     636       1
  502     601       1
  506     688       1
  506     695       1
  507     647       1
  508     568       1
  509     577       1
  514     548       1
  515     522       1
  516     646       1
  519     618       1
  519     681       1
  520     554       1
  520     570       1
  520     653       1
  525     675       1
  526     581       1
  527     634       1
  528     648       1
  528     658       1
  528     680       1
  529     600       1
  531     654       1
  533     606       1
  535     546       1
  537     612       1
  540     646       1
  543     594       1
  544     580       1
  545     585       1
  545     639       1
  545     643       1
  545     680       1
  549     697       1
  551     645       1
  557     559       1
  557     622       1
  560     683       1
  561     676       1
  564     663       1
  566     570       1
  570     629       1
  570     646       1
  575     624       1
  579     591       1
  582     628       1
  585     602       1
  587     618       1
  588     667       1
  591     646       1
  593     640       1
  595     629       1
  596     640       1
  599     618       1
  600     622       1
  607     612       1
  611     646       1
  616     623       1
  622     624       1
  631     632       1
  634     671       1
  638     658       1
  652     676       1
  661     685       1
  665     692       1
  666     696       1
  674     675       1
  676     677       1
  678     699       1
  686     692       1
  693     697       1
