  200     221
    1      59       1
    1     190       1
    2      23       1
    3     153       1
    4       9       1
    4     100       1
    5      74       1
    6      53       1
    6      67       1
    6     141       1
    7      27       1
    7     113       1
    7     173       1
    8      25       1
    8      31       1
    8      52       1
    8      64       1
    8     104       1
    8     194       1
    9     105       1
   10     162       1
   11     121       1
   11     123       1
   12      47       1
   12     118       1
   13      82       1
   13     125       1
   13     155       1
   14      52       1
   14     150       1
   15      31       1
   15      46       1
   15      80       1
   15      90       1
   15      92       1
   15     103       1
   16      90       1
   16     178       1
   17      86       1
   17     121       1
   18      29       1
   18      30       1
   18      85       1
   18     112       1
   19     140       1
   19     167       1
   20      92       1
   20     198       1
   21      74       1
   21     124       1
   21     144       1
   22     182       1
   23      31       1
   23      62       1
   23      87       1
   23      89       1
   23     114       1
   23     171       1
   24      31       1
   24      53       1
   24      84       1
   24     100       1
   24     109       1
   25      34       1
   25      42       1
   25      56       1
   26      61       1
   28      64       1
   31      48       1
   31      55       1
   31     174       1
   32      40       1
   32      46       1
   32     175       1
   33      99       1
   33     102       1
   34      51       1
   34     100       1
   35     122       1
   35     131       1
   35     195       1
   36     103       1
   37     126       1
   38      60       1
   38     189       1
   39     126       1
   39     185       1
   40     162       1
   41     144       1
   42     190       1
   43      70       1
   44     161       1
   45      65       1
   46      83       1
   46     128       1
   49      56       1
   49      63       1
   49      97       1
   50     129       1
   50     180       1
   52      73       1
   52     139       1
   54     105       1
   54     149       1
   55     135       1
   55     143       1
   56      72       1
   57     116       1
   57     194       1
   58     136       1
   60      70       1
   60     108       1
   60     118       1
   60     161       1
   61      72       1
   61     154       1
   62      97       1
   62      98       1
   62     142       1
   62     185       1
   62     193       1
   63     121       1
   63     153       1
   64      99       1
   64     127       1
   64     144       1
   65     193       1
   66     100       1
   68     121       1
   68     172       1
   68     188       1
   69     163       1
   71     162       1
   72     115       1
   72     190       1
   73     138       1
   75      77       1
   75      92       1
   76      80       1
   76      82       1
   78      80       1
   79     128       1
   80     115       1
   80     118       1
   81     104       1
   81     147       1
   83     163       1
   83     177       1
   85     161       1
   86     190       1
   88     200       1
   91     132       1
   91     187       1
   93     165       1
   94     169       1
   95     194       1
   96     139       1
   96     168       1
   96     199       1
   97     146       1
   97     179       1
   99     102       1
   99     181       1
   99     186       1
  100     195       1
  101     136       1
  101     172       1
  102     131       1
  105     155       1
  106     170       1
  106     194       1
  107     108       1
  110     157       1
  111     194       1
  113     136       1
  115     153       1
  115     182       1
  115     183       1
  116     120       1
  116     137       1
  117     126       1
  119     174       1
  121     160       1
  122     148       1
  123     134       1
  123     145       1
  124     126       1
  124     176       1
  126     187       1
  129     153       1
  130     171       1
  130     197       1
  131     196       1
  133     151       1
  134     163       1
  136     166       1
  136     194       1
  136     196       1
  138     190       1
  140     187       1
  145     169       1
  147     153       1
  148     171       1
  150     164       1
  150     168       1
  151     162       1
  152     195       1
  153     167       1
  154     192       1
  155     171       1
  156     188       1
  157     200       1
  158     183       1
  159     183       1
  161     191       1
  163     184       1
  163     193       1
  165     190       1
  167     177       1
  174     187       1
  175     200       1
