  700     739
    1     317       1
    1     645       1
    2     173       1
    2     297       1
    2     317       1
    2     624       1
    3     350       1
    4     255       1
    5      35       1
    5     345       1
    5     587       1
    6     217       1
    6     244       1
    6     632       1
    7     243       1
    7     290       1
    7     309       1
    7     641       1
    8     564       1
    9     123       1
    9     407       1
   10     202       1
   10     671       1
   11      21       1
   11     179       1
   11     392       1
   11     663       1
   12     653       1
   13     277       1
   13     677       1
   14      68       1
   14      91       1
   14     556       1
   15      81       1
   15     415       1
   15     580       1
   15     677       1
   16     181       1
   16     361       1
   17      31       1
   18     693       1
   19     250       1
   19     341       1
   20     117       1
   20     367       1
   20     491       1
   20     539       1
   21     295       1
   21     622       1
   22     663       1
   23     264       1
   24     150       1
   24     298       1
   25     178       1
   25     182       1
   26      91       1
   26     199       1
   26     575       1
   27     180       1
   27     267       1
   27     383       1
   28     320       1
   28     574       1
   29     131       1
   29     153       1
   29     174       1
   29     231       1
   29     363       1
   29     460       1
   29     468       1
   30      87       1
   30     208       1
   30     314       1
   30     322       1
   30     615       1
   30     663       1
   31     302       1
   31     419       1
   31     449       1
   31     531       1
   31     533       1
   31     666       1
   32     144       1
   33     694       1
   34     398       1
   35      78       1
   35     191       1
   36     510       1
   36     546       1
   37     614       1
   38     197       1
   38     326       1
   39      98       1
   40     486       1
   41     311       1
   41     667       1
   42     411       1
   43     156       1
   43     167       1
   44     636       1
   45     614       1
   46     118       1
   47     344       1
   47     650       1
   48     335       1
   49     691       1
   50     624       1
   50     630       1
   51     169       1
   52     131       1
   52     160       1
   52     680       1
   53     639       1
   54     291       1
   55     217       1
   55     275       1
   55     404       1
   56     193       1
   56     516       1
   57     306       1
   58      98       1
   58     136       1
   58     246       1
   58     342       1
   58     610       1
   58     653       1
   59     230       1
   60     243       1
   60     659       1
   61     621       1
   62     294       1
   63     316       1
   63     579       1
   63     678       1
   64      86       1
   64     692       1
   65     486       1
   66     170       1
   66     277       1
   66     579       1
   66     676       1
   67     414       1
   67     532       1
   67     647       1
   69     445       1
   70      85       1
   70     499       1
   70     517       1
   71     173       1
   72     331       1
   73     650       1
   74     452       1
   75     532       1
   76     662       1
   77     101       1
   77     159       1
   77     218       1
   77     581       1
   78     109       1
   78     563       1
   79     248       1
   79     278       1
   79     285       1
   79     326       1
   79     545       1
   79     633       1
   79     671       1
   80     174       1
   81     189       1
   81     376       1
   81     649       1
   82     657       1
   83     270       1
   83     400       1
   83     633       1
   83     688       1
   84      99       1
   84     205       1
   84     617       1
   87     111       1
   87     281       1
   87     536       1
   88     375       1
   88     522       1
   89     549       1
   90     673       1
   91     161       1
   91     422       1
   92     142       1
   93     267       1
   93     493       1
   94     618       1
   95     506       1
   95     606       1
   95     616       1
   95     636       1
   96     370       1
   96     538       1
   96     625       1
   97     324       1
   97     360       1
   97     402       1
   97     555       1
   97     632       1
   97     636       1
   98     195       1
   98     428       1
   99     626       1
  100     671       1
  101     388       1
  102     235       1
  102     482       1
  103     182       1
  103     639       1
  104     449       1
  104     499       1
  104     545       1
  104     572       1
  105     220       1
  106     452       1
  107     177       1
  107     343       1
  107     510       1
  108     257       1
  109     401       1
  110     182       1
  110     284       1
  111     169       1
  111     248       1
  111     300       1
  111     329       1
  111     486       1
  112     192       1
  112     370       1
  112     514       1
  112     589       1
  113     274       1
  114     311       1
  115     695       1
  116     489       1
  118     531       1
  119     541       1
  119     675       1
  120     135       1
  121     503       1
  122     168       1
  123     283       1
  123     670       1
  124     135       1
  124     308       1
  124     371       1
  124     380       1
  124     662       1
  125     469       1
  126     262       1
  127     546       1
  128     290       1
  128     413       1
  128     515       1
  129     520       1
  130     138       1
  130     480       1
  132     454       1
  133     623       1
  134     216       1
  134     553       1
  136     549       1
  137     274       1
  138     545       1
  139     536       1
  140     308       1
  140     321       1
  141     320       1
  142     407       1
  142     605       1
  143     356       1
  143     386       1
  144     209       1
  144     252       1
  144     264       1
  145     168       1
  146     574       1
  147     175       1
  147     499       1
  148     497       1
  148     578       1
  148     647       1
  148     679       1
  148     684       1
  149     665       1
  149     696       1
  150     168       1
  150     323       1
  150     357       1
  151     470       1
  152     258       1
  152     341       1
  152     602       1
  153     635       1
  154     380       1
  155     232       1
  155     262       1
  155     421       1
  157     230       1
  157     381       1
  157     633       1
  158     512       1
  159     319       1
  159     647       1
  160     423       1
  161     452       1
  161     499       1
  162     295       1
  163     416       1
  164     391       1
  164     484       1
  165     232       1
  166     666       1
  167     468       1
  168     454       1
  168     501       1
  171     490       1
  172     650       1
  173     440       1
  174     237       1
  175     455       1
  175     643       1
  176     216       1
  176     341       1
  177     242       1
  177     328       1
  179     317       1
  179     387       1
  179     401       1
  179     519       1
  182     604       1
  183     201       1
  183     480       1
  184     327       1
  184     610       1
  185     261       1
  186     368       1
  187     206       1
  188     690       1
  190     230       1
  192     272       1
  192     356       1
  193     454       1
  194     261       1
  194     421       1
  196     588       1
  197     229       1
  197     526       1
  198     522       1
  200     432       1
  202     271       1
  202     335       1
  203     589       1
  204     283       1
  204     303       1
  204     550       1
  204     598       1
  204     661       1
  204     678       1
  205     234       1
  205     395       1
  205     662       1
  206     296       1
  207     555       1
  209     306       1
  209     374       1
  209     647       1
  210     576       1
  211     362       1
  212     281       1
  212     396       1
  213     480       1
  214     368       1
  214     543       1
  214     547       1
  214     559       1
  215     540       1
  215     561       1
  216     406       1
  217     660       1
  218     350       1
  218     534       1
  219     282       1
  219     384       1
  220     387       1
  220     655       1
  221     321       1
  221     518       1
  221     566       1
  222     305       1
  222     312       1
  222     549       1
  222     635       1
  223     347       1
  224     303       1
  225     313       1
  225     505       1
  226     361       1
  226     376       1
  226     545       1
  227     496       1
  228     288       1
  228     581       1
  229     530       1
  230     417       1
  231     498       1
  232     318       1
  232     467       1
  233     274       1
  233     365       1
  233     451       1
  233     691       1
  234     408       1
  235     366       1
  235     647       1
  236     322       1
  237     426       1
  237     477       1
  238     501       1
  239     528       1
  240     587       1
  241     254       1
  241     572       1
  241     604       1
  242     422       1
  242     503       1
  242     566       1
  243     248       1
  243     444       1
  243     661       1
  245     468       1
  245     494       1
  245     499       1
  245     520       1
  246     686       1
  247     581       1
  249     272       1
  249     475       1
  251     632       1
  253     348       1
  253     607       1
  255     259       1
  255     523       1
  255     561       1
  256     620       1
  257     433       1
  260     450       1
  261     623       1
  262     545       1
  263     276       1
  265     567       1
  266     495       1
  267     299       1
  267     628       1
  268     332       1
  268     359       1
  268     586       1
  269     453       1
  270     502       1
  271     315       1
  272     620       1
  273     313       1
  274     460       1
  275     285       1
  275     325       1
  275     591       1
  276     279       1
  276     340       1
  276     434       1
  278     364       1
  278     367       1
  278     535       1
  278     549       1
  278     576       1
  280     554       1
  281     613       1
  283     330       1
  286     469       1
  287     339       1
  287     351       1
  287     416       1
  287     692       1
  289     336       1
  290     321       1
  290     478       1
  291     546       1
  292     576       1
  293     310       1
  294     326       1
  294     599       1
  295     320       1
  295     393       1
  296     331       1
  296     508       1
  296     537       1
  299     496       1
  300     424       1
  300     446       1
  300     546       1
  300     654       1
  301     396       1
  303     656       1
  304     429       1
  306     433       1
  307     384       1
  309     511       1
  309     569       1
  310     515       1
  310     589       1
  310     673       1
  311     473       1
  312     360       1
  315     484       1
  315     501       1
  316     621       1
  317     394       1
  317     553       1
  318     541       1
  322     655       1
  326     378       1
  326     648       1
  328     564       1
  329     382       1
  329     697       1
  330     349       1
  331     447       1
  331     484       1
  331     627       1
  333     457       1
  334     388       1
  336     660       1
  337     343       1
  338     625       1
  338     665       1
  339     658       1
  341     476       1
  341     489       1
  341     601       1
  341     667       1
  345     464       1
  346     573       1
  347     429       1
  347     610       1
  352     389       1
  352     602       1
  353     558       1
  353     567       1
  353     657       1
  354     596       1
  355     504       1
  355     506       1
  356     472       1
  358     623       1
  358     672       1
  361     425       1
  361     542       1
  362     466       1
  362     556       1
  362     627       1
  362     640       1
  363     526       1
  363     609       1
  367     458       1
  367     587       1
  367     647       1
  369     669       1
  370     389       1
  370     449       1
  370     646       1
  371     700       1
  372     566       1
  373     449       1
  375     633       1
  375     638       1
  376     398       1
  376     501       1
  377     402       1
  378     410       1
  378     683       1
  379     416       1
  380     463       1
  380     565       1
  383     623       1
  383     668       1
  384     435       1
  384     449       1
  384     523       1
  384     583       1
  385     414       1
  386     524       1
  387     405       1
  389     432       1
  390     478       1
  392     481       1
  394     682       1
  395     451       1
  395     480       1
  395     499       1
  397     507       1
  399     483       1
  401     411       1
  403     673       1
  405     567       1
  405     664       1
  408     689       1
  409     507       1
  410     645       1
  412     566       1
  418     474       1
  419     690       1
  420     634       1
  422     634       1
  422     687       1
  424     462       1
  427     564       1
  428     443       1
  428     577       1
  428     660       1
  430     483       1
  431     499       1
  431     544       1
  433     674       1
  434     451       1
  436     577       1
  437     642       1
  437     661       1
  438     535       1
  439     663       1
  441     470       1
  442     575       1
  445     495       1
  448     550       1
  449     483       1
  449     573       1
  450     483       1
  450     548       1
  450     654       1
  451     632       1
  453     549       1
  454     568       1
  455     490       1
  456     501       1
  457     468       1
  457     485       1
  457     554       1
  457     600       1
  457     692       1
  459     470       1
  461     468       1
  465     567       1
  468     694       1
  469     666       1
  470     548       1
  471     637       1
  471     642       1
  474     613       1
  476     517       1
  479     571       1
  483     488       1
  483     496       1
  487     596       1
  487     654       1
  491     669       1
  492     629       1
  493     674       1
  494     585       1
  495     591       1
  495     668       1
  499     592       1
  500     589       1
  501     562       1
  501     597       1
  505     575       1
  505     668       1
  507     571       1
  509     536       1
  512     684       1
  513     539       1
  513     608       1
  516     652       1
  517     663       1
  518     658       1
  521     587       1
  524     547       1
  525     548       1
  527     536       1
  528     555       1
  528     619       1
  529     620       1
  531     574       1
  531     674       1
  535     549       1
  535     644       1
  535     699       1
  541     584       1
  544     698       1
  545     567       1
  545     593       1
  545     663       1
  546     586       1
  546     611       1
  547     650       1
  547     695       1
  551     639       1
  552     553       1
  553     621       1
  557     582       1
  560     698       1
  565     680       1
  570     685       1
  571     661       1
  576     629       1
  582     661       1
  583     603       1
  584     666       1
  587     612       1
  588     609       1
  588     625       1
  590     639       1
  593     668       1
  594     649       1
  595     615       1
  607     644       1
  613     651       1
  614     649       1
  618     671       1
  625     667       1
  628     685       1
  631     637       1
  632     682       1
  650     663       1
  663     693       1
  666     667       1
  673     681       1
