  200     221
    1      33       1
    1      37       1
    1      57       1
    1     100       1
    1     142       1
    2      20       1
    3      94       1
    3     117       1
    4      25       1
    4      54       1
    4      61       1
    4      69       1
    4      89       1
    4     100       1
    4     118       1
    4     171       1
    5      33       1
    6      75       1
    6     116       1
    7       9       1
    7      63       1
    7     155       1
    8      27       1
    8      64       1
    8      78       1
    9      49       1
    9     127       1
    9     187       1
   10      57       1
   10      71       1
   11      77       1
   12      61       1
   13      54       1
   14     130       1
   15     147       1
   16     101       1
   17     170       1
   18     141       1
   19      43       1
   20     141       1
   20     195       1
   21     139       1
   22      47       1
   23     168       1
   24      36       1
   24     130       1
   24     199       1
   25      34       1
   25     124       1
   25     128       1
   25     137       1
   25     143       1
   25     158       1
   26     186       1
   28     170       1
   29      37       1
   30     103       1
   30     146       1
   31     175       1
   32      61       1
   35      94       1
   37      66       1
   38      68       1
   38     196       1
   39     119       1
   39     141       1
   39     188       1
   40     134       1
   41      52       1
   41     141       1
   42     137       1
   42     198       1
   43      85       1
   43     153       1
   43     160       1
   44     175       1
   45      84       1
   46     185       1
   47     117       1
   47     166       1
   48     108       1
   49     139       1
   50      98       1
   50     186       1
   51     125       1
   52     100       1
   52     136       1
   53      71       1
   53      93       1
   54      70       1
   54      77       1
   54     167       1
   55      77       1
   55     132       1
   56     130       1
   57      87       1
   57      94       1
   58      74       1
   59     140       1
   60     159       1
   61     103       1
   61     141       1
   61     150       1
   61     161       1
   61     200       1
   62     139       1
   62     140       1
   63     180       1
   64     191       1
   65      70       1
   65     153       1
   66     122       1
   67     130       1
   68     193       1
   69     121       1
   69     134       1
   69     157       1
   70     139       1
   71      86       1
   72      75       1
   72      76       1
   73     159       1
   74     197       1
   74     199       1
   75     114       1
   75     145       1
   76     114       1
   77     113       1
   78     130       1
   79     188       1
   80     100       1
   81     139       1
   82     110       1
   83     152       1
   83     156       1
   84     100       1
   84     127       1
   84     144       1
   87      90       1
   88     118       1
   89     131       1
   91     100       1
   92     112       1
   92     154       1
   93     119       1
   94     192       1
   95     146       1
   96     110       1
   96     145       1
   96     195       1
   97     139       1
   97     182       1
   98     111       1
   98     141       1
   98     173       1
   99     100       1
   99     157       1
   99     190       1
  100     115       1
  100     130       1
  100     154       1
  101     119       1
  102     125       1
  102     167       1
  103     135       1
  103     183       1
  103     185       1
  104     142       1
  104     169       1
  105     126       1
  106     162       1
  107     126       1
  108     138       1
  108     147       1
  108     159       1
  109     157       1
  112     133       1
  112     163       1
  112     167       1
  112     168       1
  115     146       1
  115     151       1
  117     118       1
  117     122       1
  117     174       1
  118     120       1
  118     164       1
  118     191       1
  120     123       1
  124     158       1
  126     157       1
  127     131       1
  128     159       1
  128     184       1
  129     148       1
  129     172       1
  130     145       1
  130     160       1
  130     177       1
  131     165       1
  135     180       1
  136     152       1
  139     181       1
  142     178       1
  144     199       1
  145     168       1
  146     162       1
  148     167       1
  149     165       1
  150     173       1
  150     176       1
  150     196       1
  153     170       1
  153     179       1
  153     189       1
  163     164       1
  163     194       1
  164     187       1
  167     170       1
  167     193       1
  175     187       1
