  400     429
    1      45       1
    1      68       1
    1     282       1
    2      82       1
    2     326       1
    3     184       1
    4     203       1
    4     253       1
    5     163       1
    5     337       1
    6     128       1
    6     172       1
    7     354       1
    8      52       1
    9     177       1
   10     106       1
   10     182       1
   10     334       1
   10     344       1
   10     381       1
   11     140       1
   11     244       1
   11     247       1
   11     385       1
   11     395       1
   12      71       1
   13     275       1
   14     321       1
   14     383       1
   15     358       1
   16      85       1
   16     170       1
   16     284       1
   17     214       1
   18      84       1
   19      29       1
   20      69       1
   20     167       1
   21     169       1
   21     176       1
   21     238       1
   22      52       1
   22      64       1
   22     170       1
   22     253       1
   23     186       1
   23     216       1
   23     319       1
   24     386       1
   25      36       1
   25      37       1
   25      46       1
   25     178       1
   25     199       1
   25     203       1
   25     274       1
   25     320       1
   25     328       1
   25     378       1
   25     380       1
   25     395       1
   26     266       1
   26     370       1
   27     270       1
   28      77       1
   28     254       1
   28     308       1
   29     237       1
   29     296       1
   30      81       1
   30     338       1
   31     364       1
   31     366       1
   32      37       1
   32     335       1
   33     218       1
   33     286       1
   33     353       1
   33     362       1
   34     101       1
   35      40       1
   35     226       1
   37      49       1
   37     172       1
   37     190       1
   37     361       1
   38     235       1
   39     102       1
   39     272       1
   39     396       1
   40     154       1
   41     259       1
   41     277       1
   42     217       1
   42     363       1
   43      81       1
   43     347       1
   43     400       1
   44      84       1
   44      93       1
   45     318       1
   46     368       1
   47     253       1
   47     267       1
   48     237       1
   49     132       1
   49     179       1
   50     317       1
   51     118       1
   51     225       1
   51     248       1
   52      58       1
   52     103       1
   52     251       1
   52     258       1
   52     328       1
   53     249       1
   54     241       1
   54     243       1
   54     295       1
   55      81       1
   55     196       1
   55     279       1
   56     174       1
   56     229       1
   56     285       1
   56     294       1
   57     231       1
   58      65       1
   58     208       1
   58     283       1
   59     126       1
   59     316       1
   60      96       1
   61     168       1
   61     296       1
   61     315       1
   62     351       1
   63     213       1
   63     260       1
   64     215       1
   66     200       1
   66     240       1
   67     128       1
   67     384       1
   69     263       1
   70     209       1
   70     392       1
   71      84       1
   72      78       1
   72     119       1
   73     389       1
   74     197       1
   74     198       1
   75      99       1
   75     209       1
   76     310       1
   77     397       1
   78     388       1
   79      88       1
   79     301       1
   80     133       1
   80     234       1
   81     384       1
   81     385       1
   83     156       1
   84     158       1
   84     261       1
   84     329       1
   84     395       1
   85     105       1
   86     245       1
   87     397       1
   88     113       1
   88     189       1
   88     195       1
   88     312       1
   89     318       1
   89     322       1
   90     115       1
   90     146       1
   90     216       1
   90     239       1
   90     321       1
   90     381       1
   91     145       1
   91     306       1
   91     328       1
   91     399       1
   92     142       1
   92     156       1
   94     187       1
   95     114       1
   95     154       1
   95     367       1
   95     393       1
   96     258       1
   97     323       1
   98     332       1
   99     114       1
  100     109       1
  101     249       1
  102     375       1
  104     263       1
  104     395       1
  106     107       1
  106     196       1
  106     197       1
  108     228       1
  109     228       1
  110     270       1
  110     272       1
  110     290       1
  111     228       1
  112     269       1
  113     142       1
  113     147       1
  113     164       1
  113     391       1
  114     165       1
  114     190       1
  115     398       1
  116     381       1
  117     202       1
  117     219       1
  119     149       1
  119     192       1
  119     373       1
  120     208       1
  121     192       1
  121     395       1
  122     250       1
  122     281       1
  123     187       1
  124     328       1
  125     153       1
  125     336       1
  126     280       1
  127     157       1
  129     239       1
  130     304       1
  130     326       1
  131     216       1
  131     227       1
  131     231       1
  131     237       1
  131     287       1
  131     289       1
  132     236       1
  133     146       1
  134     262       1
  135     167       1
  136     212       1
  136     268       1
  136     378       1
  136     385       1
  137     245       1
  137     258       1
  138     298       1
  139     168       1
  139     358       1
  140     223       1
  140     238       1
  141     145       1
  142     229       1
  142     240       1
  142     249       1
  142     255       1
  142     281       1
  142     354       1
  142     395       1
  143     334       1
  144     374       1
  145     305       1
  146     292       1
  148     310       1
  150     326       1
  151     289       1
  152     154       1
  153     205       1
  153     230       1
  154     240       1
  154     369       1
  155     162       1
  155     175       1
  155     179       1
  156     311       1
  156     380       1
  157     354       1
  158     339       1
  159     263       1
  160     199       1
  160     346       1
  161     262       1
  161     328       1
  162     266       1
  163     304       1
  164     276       1
  166     262       1
  167     258       1
  170     363       1
  171     262       1
  173     209       1
  173     354       1
  175     359       1
  177     189       1
  178     181       1
  179     180       1
  179     348       1
  181     347       1
  183     233       1
  184     258       1
  185     234       1
  186     210       1
  186     288       1
  187     213       1
  187     240       1
  187     269       1
  187     367       1
  188     236       1
  188     345       1
  189     356       1
  190     256       1
  191     291       1
  192     242       1
  193     299       1
  194     222       1
  196     204       1
  198     251       1
  200     292       1
  201     392       1
  202     395       1
  205     297       1
  205     395       1
  206     252       1
  206     364       1
  207     313       1
  209     383       1
  211     354       1
  212     270       1
  213     360       1
  213     362       1
  214     328       1
  215     280       1
  220     294       1
  220     384       1
  221     261       1
  222     239       1
  222     324       1
  224     375       1
  227     250       1
  228     239       1
  231     293       1
  232     251       1
  232     341       1
  233     303       1
  235     241       1
  235     351       1
  235     358       1
  235     378       1
  237     394       1
  238     252       1
  239     246       1
  239     262       1
  239     328       1
  239     338       1
  239     364       1
  240     300       1
  241     314       1
  244     298       1
  245     309       1
  246     275       1
  246     332       1
  248     280       1
  251     382       1
  252     330       1
  254     262       1
  254     372       1
  255     323       1
  256     374       1
  257     399       1
  258     277       1
  258     333       1
  259     310       1
  261     299       1
  262     273       1
  262     331       1
  263     272       1
  264     315       1
  265     295       1
  267     364       1
  268     390       1
  270     340       1
  270     389       1
  271     351       1
  272     378       1
  272     386       1
  275     278       1
  276     342       1
  281     326       1
  282     302       1
  282     307       1
  283     376       1
  290     388       1
  291     382       1
  294     390       1
  297     377       1
  302     328       1
  302     349       1
  303     337       1
  306     343       1
  313     368       1
  314     326       1
  314     337       1
  317     361       1
  317     390       1
  319     350       1
  322     364       1
  323     341       1
  324     379       1
  325     394       1
  326     355       1
  327     373       1
  328     387       1
  330     357       1
  352     380       1
  361     385       1
  364     371       1
  365     395       1
