  500     533
    1      63       1
    1     213       1
    1     479       1
    2     176       1
    2     281       1
    2     392       1
    2     498       1
    3     195       1
    4     189       1
    5     379       1
    5     428       1
    6      50       1
    6     310       1
    6     369       1
    7      17       1
    8      28       1
    8     107       1
    8     116       1
    8     135       1
    8     182       1
    8     278       1
    8     364       1
    8     482       1
    9     158       1
    9     305       1
    9     378       1
   10     139       1
   10     344       1
   10     456       1
   11     135       1
   11     145       1
   11     164       1
   11     305       1
   11     314       1
   11     376       1
   12     413       1
   13      45       1
   13     132       1
   13     328       1
   13     356       1
   13     363       1
   13     397       1
   13     424       1
   13     442       1
   14     262       1
   14     353       1
   14     395       1
   15     122       1
   16     390       1
   17     364       1
   18     215       1
   18     396       1
   19      31       1
   19     219       1
   20     348       1
   21      40       1
   21     328       1
   22     125       1
   23     230       1
   23     251       1
   24     315       1
   24     447       1
   25     249       1
   26      33       1
   26      45       1
   27     344       1
   27     347       1
   27     419       1
   29     357       1
   30     405       1
   31      76       1
   31     398       1
   32     360       1
   33     348       1
   33     483       1
   34     319       1
   35     275       1
   36     360       1
   37     385       1
   38      39       1
   38     310       1
   41     297       1
   42     281       1
   42     283       1
   43     482       1
   44     237       1
   45     414       1
   45     445       1
   46     160       1
   46     292       1
   46     334       1
   47     189       1
   48      95       1
   48     237       1
   49     339       1
   49     415       1
   50     243       1
   50     283       1
   50     368       1
   50     498       1
   51      65       1
   51     271       1
   51     432       1
   51     451       1
   52      75       1
   52     380       1
   52     498       1
   53     303       1
   53     372       1
   53     449       1
   54      62       1
   54     192       1
   55     387       1
   56     373       1
   57     469       1
   58     395       1
   59     156       1
   59     171       1
   59     343       1
   59     355       1
   59     376       1
   60      86       1
   60     265       1
   60     358       1
   61     491       1
   62     417       1
   62     432       1
   63     217       1
   63     457       1
   63     462       1
   63     481       1
   64     360       1
   65      99       1
   65     339       1
   66     181       1
   66     207       1
   66     301       1
   67     381       1
   68     476       1
   69     135       1
   70     107       1
   71     175       1
   71     298       1
   72     110       1
   72     249       1
   73     231       1
   73     379       1
   74     142       1
   74     219       1
   74     349       1
   75     311       1
   75     331       1
   75     441       1
   75     461       1
   77     209       1
   78     454       1
   79     144       1
   80     240       1
   81     277       1
   81     391       1
   82     434       1
   83     235       1
   84     369       1
   85     393       1
   86     236       1
   86     334       1
   86     373       1
   86     390       1
   86     419       1
   87     159       1
   87     386       1
   87     498       1
   88     185       1
   89     305       1
   90      92       1
   90     350       1
   91      92       1
   91     174       1
   92     164       1
   93     149       1
   93     196       1
   93     375       1
   94     140       1
   94     321       1
   94     377       1
   94     491       1
   95     204       1
   96     343       1
   97     306       1
   98     248       1
   99     472       1
  100     316       1
  100     355       1
  101     309       1
  102     197       1
  102     468       1
  103     121       1
  104     107       1
  104     123       1
  105     106       1
  105     152       1
  105     259       1
  106     296       1
  106     324       1
  107     131       1
  107     286       1
  108     157       1
  108     263       1
  109     412       1
  110     186       1
  110     418       1
  111     139       1
  112     325       1
  113     283       1
  114     179       1
  114     196       1
  114     355       1
  114     431       1
  114     484       1
  115     266       1
  115     335       1
  117     338       1
  118     147       1
  118     490       1
  119     233       1
  119     322       1
  120     133       1
  121     355       1
  122     183       1
  123     373       1
  123     422       1
  123     491       1
  124     147       1
  125     236       1
  126     189       1
  127     317       1
  127     404       1
  128     293       1
  129     139       1
  129     275       1
  129     382       1
  129     412       1
  130     208       1
  131     239       1
  132     219       1
  132     247       1
  132     295       1
  132     314       1
  132     323       1
  132     496       1
  133     302       1
  134     167       1
  134     400       1
  135     212       1
  135     283       1
  136     211       1
  136     464       1
  137     253       1
  137     292       1
  138     300       1
  138     315       1
  139     272       1
  139     314       1
  139     396       1
  139     410       1
  139     419       1
  141     498       1
  143     471       1
  144     145       1
  144     257       1
  144     280       1
  144     319       1
  144     341       1
  144     476       1
  145     152       1
  145     400       1
  145     433       1
  145     480       1
  146     265       1
  148     166       1
  149     188       1
  149     309       1
  150     303       1
  151     185       1
  151     285       1
  151     402       1
  151     439       1
  152     208       1
  152     309       1
  152     357       1
  152     371       1
  152     383       1
  152     459       1
  153     249       1
  154     331       1
  155     283       1
  157     230       1
  157     306       1
  157     500       1
  159     226       1
  161     405       1
  161     425       1
  162     368       1
  163     170       1
  163     324       1
  163     378       1
  165     305       1
  166     190       1
  166     249       1
  166     303       1
  168     321       1
  169     212       1
  171     345       1
  172     248       1
  172     320       1
  173     204       1
  173     424       1
  174     182       1
  177     423       1
  178     231       1
  180     301       1
  181     470       1
  182     294       1
  183     334       1
  183     430       1
  184     246       1
  187     243       1
  187     339       1
  189     310       1
  191     247       1
  191     411       1
  193     412       1
  194     266       1
  194     314       1
  194     329       1
  194     393       1
  194     491       1
  195     310       1
  195     489       1
  196     409       1
  198     256       1
  199     250       1
  199     332       1
  200     419       1
  201     384       1
  202     479       1
  203     441       1
  205     252       1
  206     422       1
  207     309       1
  208     453       1
  209     243       1
  210     228       1
  214     377       1
  216     260       1
  218     349       1
  219     286       1
  220     273       1
  221     487       1
  222     242       1
  222     267       1
  223     351       1
  223     462       1
  224     413       1
  225     289       1
  225     366       1
  227     496       1
  228     309       1
  229     275       1
  230     260       1
  231     270       1
  231     322       1
  231     354       1
  232     385       1
  234     322       1
  235     344       1
  236     407       1
  237     248       1
  237     420       1
  237     480       1
  238     288       1
  239     249       1
  239     293       1
  239     304       1
  240     387       1
  241     408       1
  241     447       1
  242     465       1
  243     255       1
  243     312       1
  244     263       1
  244     308       1
  244     491       1
  245     351       1
  246     396       1
  246     421       1
  247     437       1
  247     495       1
  248     256       1
  249     329       1
  249     415       1
  250     286       1
  250     401       1
  252     332       1
  253     288       1
  254     397       1
  255     469       1
  258     399       1
  261     334       1
  261     473       1
  262     357       1
  262     488       1
  262     492       1
  263     399       1
  264     303       1
  265     385       1
  265     445       1
  267     309       1
  267     460       1
  268     326       1
  268     466       1
  269     442       1
  270     298       1
  273     381       1
  273     442       1
  274     454       1
  276     377       1
  277     368       1
  279     488       1
  280     404       1
  280     425       1
  282     406       1
  283     327       1
  283     379       1
  283     397       1
  283     439       1
  283     447       1
  284     314       1
  284     335       1
  284     439       1
  285     340       1
  287     321       1
  289     346       1
  290     355       1
  290     362       1
  291     464       1
  296     343       1
  297     495       1
  299     303       1
  300     361       1
  301     440       1
  302     357       1
  305     446       1
  307     474       1
  308     478       1
  313     363       1
  314     366       1
  314     464       1
  314     466       1
  316     435       1
  318     466       1
  319     473       1
  321     330       1
  321     471       1
  322     452       1
  322     468       1
  323     333       1
  325     376       1
  325     467       1
  328     334       1
  328     359       1
  328     447       1
  331     490       1
  334     441       1
  336     446       1
  337     392       1
  338     497       1
  340     455       1
  342     476       1
  348     402       1
  348     480       1
  348     487       1
  350     475       1
  352     485       1
  358     413       1
  360     413       1
  361     499       1
  362     469       1
  365     422       1
  367     438       1
  367     462       1
  367     479       1
  370     403       1
  370     437       1
  371     444       1
  374     457       1
  378     389       1
  383     477       1
  384     430       1
  384     431       1
  384     494       1
  387     399       1
  388     469       1
  394     462       1
  398     484       1
  399     450       1
  405     498       1
  406     495       1
  410     474       1
  412     458       1
  414     485       1
  414     498       1
  416     495       1
  421     460       1
  423     491       1
  426     480       1
  427     491       1
  428     450       1
  429     491       1
  431     463       1
  431     484       1
  432     462       1
  433     493       1
  434     464       1
  436     439       1
  439     454       1
  443     498       1
  448     461       1
  459     497       1
  462     498       1
  466     486       1
  468     485       1
  491     499       1
