   50      61
    1      17       1
    2      16       1
    2      25       1
    2      27       1
    2      38       1
    2      46       1
    3      10       1
    3      11       1
    3      44       1
    3      48       1
    4      10       1
    4      15       1
    4      17       1
    4      43       1
    5      18       1
    5      34       1
    6      37       1
    6      44       1
    7       8       1
    7      40       1
    7      48       1
    8      15       1
    8      50       1
    9      24       1
    9      48       1
   10      42       1
   11      15       1
   12      17       1
   12      33       1
   13      15       1
   13      39       1
   14      19       1
   15      28       1
   15      38       1
   15      49       1
   16      25       1
   16      43       1
   17      45       1
   19      31       1
   19      43       1
   20      21       1
   20      32       1
   21      23       1
   21      44       1
   22      40       1
   24      39       1
   26      30       1
   26      36       1
   26      46       1
   27      41       1
   27      46       1
   28      47       1
   29      41       1
   29      43       1
   30      48       1
   34      43       1
   34      46       1
   35      44       1
   37      45       1
   40      43       1
   43      50       1
