  700     739
    1     114       1
    1     147       1
    1     611       1
    1     658       1
    2      25       1
    3     263       1
    3     313       1
    4     352       1
    5      38       1
    6     114       1
    6     336       1
    6     339       1
    7     351       1
    8     164       1
    8     174       1
    8     353       1
    9     304       1
    9     533       1
    9     551       1
    9     563       1
   10     175       1
   10     564       1
   10     683       1
   11     413       1
   11     449       1
   11     463       1
   11     568       1
   12      89       1
   13      58       1
   13      61       1
   14      22       1
   14     375       1
   15     199       1
   15     603       1
   16     479       1
   16     565       1
   16     647       1
   17     571       1
   18     101       1
   18     142       1
   18     212       1
   18     341       1
   19     290       1
   20     100       1
   20     161       1
   20     609       1
   21     106       1
   21     307       1
   21     601       1
   21     656       1
   21     686       1
   23     279       1
   23     664       1
   24     567       1
   25      57       1
   25     491       1
   26     582       1
   26     672       1
   27     115       1
   27     348       1
   27     498       1
   28     349       1
   28     486       1
   29     154       1
   29     344       1
   29     578       1
   30     633       1
   30     669       1
   31     170       1
   31     518       1
   32     319       1
   32     528       1
   33     175       1
   33     356       1
   34     157       1
   34     228       1
   34     234       1
   34     406       1
   35     146       1
   35     297       1
   36      53       1
   36     488       1
   37      60       1
   38     562       1
   38     575       1
   39     386       1
   39     678       1
   40     421       1
   41     159       1
   41     173       1
   42      90       1
   42     515       1
   43     391       1
   43     530       1
   44     428       1
   45     128       1
   46     122       1
   46     251       1
   46     322       1
   46     350       1
   46     666       1
   47     136       1
   47     341       1
   48      89       1
   48     425       1
   48     546       1
   49     508       1
   50     290       1
   51     155       1
   51     278       1
   52     305       1
   53      77       1
   53     502       1
   53     619       1
   54     191       1
   54     371       1
   54     403       1
   55     450       1
   56     133       1
   56     153       1
   56     199       1
   56     222       1
   56     402       1
   56     496       1
   56     498       1
   56     699       1
   57     131       1
   57     514       1
   58     146       1
   58     147       1
   58     302       1
   58     646       1
   59     115       1
   59     436       1
   60     189       1
   62     376       1
   62     419       1
   63     597       1
   64     285       1
   65     244       1
   65     245       1
   65     521       1
   66     179       1
   66     383       1
   66     521       1
   67     544       1
   68     102       1
   68     282       1
   68     349       1
   68     381       1
   69     123       1
   69     477       1
   69     521       1
   70     389       1
   70     695       1
   71     139       1
   72     243       1
   72     291       1
   72     481       1
   72     513       1
   73     390       1
   74     351       1
   74     364       1
   74     400       1
   74     521       1
   75     482       1
   75     534       1
   76     107       1
   77     172       1
   77     201       1
   77     301       1
   77     352       1
   77     532       1
   78     103       1
   78     407       1
   78     612       1
   79     355       1
   80     389       1
   80     492       1
   81     105       1
   81     411       1
   81     425       1
   81     627       1
   82     318       1
   82     572       1
   82     676       1
   83     160       1
   83     166       1
   83     462       1
   83     693       1
   84     465       1
   85     243       1
   86      87       1
   86     156       1
   86     521       1
   86     602       1
   88     488       1
   89     469       1
   90     268       1
   91     258       1
   92     636       1
   93     199       1
   94      99       1
   94     239       1
   95     485       1
   96     640       1
   97     128       1
   98     340       1
  100     697       1
  101     138       1
  101     174       1
  101     396       1
  101     561       1
  101     568       1
  101     656       1
  101     683       1
  103     508       1
  104     631       1
  107     533       1
  108     316       1
  108     442       1
  109     282       1
  109     380       1
  109     574       1
  109     616       1
  109     671       1
  110     220       1
  110     676       1
  111     622       1
  112     593       1
  112     636       1
  112     658       1
  112     660       1
  113     389       1
  114     225       1
  114     630       1
  115     566       1
  116     269       1
  116     296       1
  117     219       1
  117     495       1
  117     526       1
  117     650       1
  118     310       1
  118     684       1
  119     264       1
  120     168       1
  121     213       1
  121     246       1
  121     389       1
  121     520       1
  121     571       1
  121     663       1
  122     182       1
  122     316       1
  122     332       1
  122     415       1
  122     430       1
  122     497       1
  122     573       1
  122     697       1
  124     465       1
  125     398       1
  126     183       1
  126     282       1
  126     326       1
  126     425       1
  126     576       1
  127     283       1
  128     389       1
  128     441       1
  128     633       1
  128     699       1
  129     316       1
  129     544       1
  129     549       1
  129     578       1
  130     658       1
  131     214       1
  131     542       1
  132     172       1
  132     539       1
  132     623       1
  133     151       1
  133     478       1
  134     620       1
  135     624       1
  136     578       1
  137     139       1
  137     630       1
  138     398       1
  138     541       1
  139     484       1
  140     376       1
  141     289       1
  141     499       1
  141     590       1
  142     342       1
  142     425       1
  142     484       1
  142     547       1
  142     679       1
  143     433       1
  144     428       1
  145     320       1
  145     494       1
  147     223       1
  147     528       1
  148     496       1
  148     618       1
  149     254       1
  149     550       1
  149     647       1
  150     247       1
  150     473       1
  150     581       1
  152     670       1
  155     395       1
  155     517       1
  155     699       1
  157     328       1
  158     221       1
  158     403       1
  158     457       1
  158     632       1
  158     645       1
  161     312       1
  162     594       1
  163     594       1
  164     227       1
  165     176       1
  167     210       1
  167     634       1
  168     251       1
  169     282       1
  169     667       1
  170     349       1
  171     414       1
  172     283       1
  172     295       1
  172     521       1
  172     540       1
  173     444       1
  176     258       1
  177     562       1
  178     221       1
  179     588       1
  180     405       1
  180     490       1
  180     699       1
  181     421       1
  182     475       1
  182     654       1
  184     358       1
  185     234       1
  185     343       1
  185     346       1
  185     393       1
  186     475       1
  187     457       1
  188     614       1
  189     216       1
  189     384       1
  190     239       1
  191     669       1
  192     222       1
  192     499       1
  193     299       1
  193     331       1
  194     438       1
  194     664       1
  195     418       1
  195     467       1
  195     680       1
  196     222       1
  197     605       1
  198     474       1
  200     312       1
  201     456       1
  202     369       1
  202     623       1
  202     642       1
  202     668       1
  203     257       1
  203     598       1
  204     541       1
  205     372       1
  205     474       1
  205     507       1
  205     536       1
  206     307       1
  207     269       1
  208     650       1
  209     311       1
  210     312       1
  210     320       1
  210     374       1
  210     529       1
  211     430       1
  212     286       1
  213     458       1
  215     417       1
  216     696       1
  217     271       1
  217     280       1
  217     316       1
  217     692       1
  218     315       1
  219     644       1
  220     421       1
  220     688       1
  222     256       1
  224     635       1
  226     369       1
  229     287       1
  229     443       1
  230     386       1
  231     311       1
  231     531       1
  231     573       1
  232     340       1
  233     513       1
  234     275       1
  234     315       1
  235     282       1
  236     287       1
  236     379       1
  237     253       1
  238     364       1
  238     423       1
  238     641       1
  239     309       1
  239     700       1
  240     583       1
  241     291       1
  241     532       1
  241     558       1
  242     608       1
  242     668       1
  243     543       1
  245     327       1
  246     472       1
  247     537       1
  248     250       1
  248     546       1
  249     268       1
  249     418       1
  251     371       1
  251     595       1
  251     683       1
  252     636       1
  253     353       1
  253     530       1
  255     257       1
  255     452       1
  255     568       1
  257     305       1
  257     370       1
  258     272       1
  258     357       1
  258     421       1
  258     529       1
  259     682       1
  260     412       1
  260     605       1
  261     533       1
  262     671       1
  264     421       1
  264     493       1
  265     305       1
  266     468       1
  266     614       1
  267     474       1
  267     485       1
  269     419       1
  269     451       1
  270     389       1
  270     399       1
  271     273       1
  271     325       1
  272     478       1
  272     659       1
  272     696       1
  273     515       1
  274     421       1
  276     313       1
  277     573       1
  278     453       1
  278     600       1
  281     310       1
  281     604       1
  282     429       1
  283     643       1
  283     678       1
  284     517       1
  285     344       1
  287     342       1
  287     484       1
  287     594       1
  287     614       1
  288     562       1
  290     457       1
  292     309       1
  292     610       1
  293     402       1
  293     676       1
  293     690       1
  294     415       1
  297     344       1
  297     639       1
  298     386       1
  299     587       1
  299     658       1
  300     512       1
  303     695       1
  306     519       1
  308     561       1
  309     623       1
  309     648       1
  310     401       1
  310     647       1
  311     591       1
  312     316       1
  312     410       1
  313     445       1
  313     560       1
  314     535       1
  314     656       1
  315     437       1
  315     640       1
  315     675       1
  316     329       1
  316     392       1
  316     462       1
  316     474       1
  316     584       1
  317     364       1
  318     337       1
  319     681       1
  321     371       1
  321     543       1
  323     617       1
  324     674       1
  325     432       1
  326     450       1
  329     512       1
  329     545       1
  329     620       1
  329     672       1
  330     390       1
  330     410       1
  330     555       1
  331     691       1
  332     523       1
  333     462       1
  334     494       1
  335     482       1
  337     451       1
  338     544       1
  340     631       1
  343     580       1
  343     623       1
  345     476       1
  347     617       1
  349     632       1
  350     500       1
  351     382       1
  352     522       1
  352     560       1
  352     658       1
  354     406       1
  354     667       1
  355     664       1
  356     534       1
  357     632       1
  358     683       1
  359     412       1
  359     652       1
  360     674       1
  361     365       1
  361     661       1
  361     696       1
  362     509       1
  362     683       1
  363     540       1
  364     455       1
  364     629       1
  365     689       1
  366     394       1
  366     397       1
  366     528       1
  367     442       1
  368     554       1
  368     623       1
  369     427       1
  369     585       1
  373     464       1
  375     412       1
  375     428       1
  375     467       1
  375     571       1
  376     388       1
  377     451       1
  378     524       1
  383     437       1
  383     613       1
  385     630       1
  387     617       1
  387     683       1
  390     516       1
  401     638       1
  402     484       1
  402     494       1
  402     504       1
  402     529       1
  402     649       1
  402     686       1
  403     607       1
  403     625       1
  404     463       1
  405     596       1
  406     501       1
  406     694       1
  408     633       1
  408     677       1
  409     607       1
  410     624       1
  410     692       1
  412     447       1
  413     519       1
  414     581       1
  414     615       1
  415     674       1
  416     448       1
  416     562       1
  417     474       1
  417     665       1
  418     429       1
  418     444       1
  419     640       1
  420     646       1
  421     581       1
  422     474       1
  424     576       1
  426     505       1
  426     686       1
  430     459       1
  431     441       1
  431     471       1
  433     475       1
  434     653       1
  435     626       1
  437     439       1
  440     506       1
  441     631       1
  446     576       1
  451     544       1
  453     491       1
  454     571       1
  455     553       1
  459     461       1
  460     646       1
  464     678       1
  465     491       1
  466     565       1
  470     656       1
  474     503       1
  474     687       1
  476     523       1
  476     669       1
  479     569       1
  479     589       1
  480     648       1
  482     565       1
  483     672       1
  484     562       1
  485     579       1
  487     494       1
  489     630       1
  490     651       1
  491     526       1
  491     529       1
  491     571       1
  491     640       1
  491     658       1
  491     670       1
  495     657       1
  498     622       1
  506     545       1
  508     541       1
  510     546       1
  511     649       1
  512     567       1
  513     529       1
  513     534       1
  513     606       1
  515     526       1
  516     571       1
  520     593       1
  521     599       1
  524     662       1
  525     532       1
  525     673       1
  526     647       1
  527     538       1
  528     592       1
  529     583       1
  529     664       1
  529     681       1
  530     655       1
  533     617       1
  534     682       1
  536     617       1
  538     631       1
  544     637       1
  545     570       1
  545     586       1
  548     578       1
  552     559       1
  552     634       1
  556     623       1
  557     613       1
  559     658       1
  571     572       1
  573     597       1
  577     674       1
  587     682       1
  588     606       1
  591     698       1
  602     622       1
  613     644       1
  614     635       1
  621     632       1
  624     626       1
  628     658       1
  632     662       1
  647     698       1
  653     681       1
  670     685       1
