  800     842
    1     181       1
    1     321       1
    2     134       1
    2     719       1
    3     229       1
    4      50       1
    4     188       1
    5      76       1
    5     255       1
    6     423       1
    6     609       1
    7     514       1
    7     609       1
    7     761       1
    8     316       1
    9     285       1
    9     756       1
   10      75       1
   10     313       1
   10     315       1
   10     320       1
   10     387       1
   10     520       1
   10     522       1
   10     763       1
   11     616       1
   12     193       1
   12     593       1
   13     655       1
   14      67       1
   14     216       1
   14     646       1
   15      91       1
   15     262       1
   15     334       1
   16     164       1
   17     188       1
   17     192       1
   17     501       1
   18     471       1
   19     555       1
   19     643       1
   20     441       1
   21     269       1
   21     325       1
   22     587       1
   23     162       1
   24     155       1
   24     208       1
   24     319       1
   24     535       1
   24     599       1
   25     516       1
   25     545       1
   25     548       1
   26     146       1
   26     244       1
   26     376       1
   26     497       1
   26     568       1
   26     724       1
   27     666       1
   28     761       1
   29     120       1
   29     186       1
   29     623       1
   30     103       1
   31     125       1
   31     155       1
   31     533       1
   31     615       1
   31     650       1
   31     754       1
   32     349       1
   32     703       1
   33     248       1
   33     495       1
   34     605       1
   35     499       1
   36     489       1
   36     619       1
   37     157       1
   38      77       1
   39     103       1
   39     425       1
   39     637       1
   40     258       1
   40     544       1
   41     271       1
   42     307       1
   42     350       1
   42     406       1
   42     490       1
   42     503       1
   42     596       1
   42     681       1
   43     648       1
   44     470       1
   45     730       1
   46     119       1
   47      95       1
   47     729       1
   48     755       1
   49     141       1
   49     798       1
   50     730       1
   51     779       1
   52     288       1
   53     288       1
   53     515       1
   54     227       1
   55     213       1
   56     456       1
   56     529       1
   56     631       1
   57     149       1
   58     158       1
   59     189       1
   59     456       1
   60     324       1
   61     378       1
   61     592       1
   61     605       1
   62     770       1
   63     357       1
   63     572       1
   64     113       1
   64     624       1
   65     357       1
   66     693       1
   66     764       1
   67     358       1
   68     129       1
   69     158       1
   70     445       1
   70     496       1
   70     523       1
   70     720       1
   71     529       1
   72     220       1
   72     391       1
   72     625       1
   73     207       1
   73     355       1
   74     176       1
   75     419       1
   76     508       1
   76     648       1
   77     261       1
   78     178       1
   78     303       1
   79     519       1
   80     421       1
   81     182       1
   81     356       1
   81     674       1
   82     502       1
   82     679       1
   83     742       1
   84     535       1
   85     261       1
   85     471       1
   85     517       1
   85     669       1
   86     578       1
   87     748       1
   88     483       1
   89     274       1
   89     330       1
   89     663       1
   90     167       1
   92     106       1
   92     320       1
   92     381       1
   93     291       1
   93     452       1
   94     162       1
   95     501       1
   95     577       1
   96     420       1
   96     486       1
   97     612       1
   98     187       1
   98     525       1
   98     698       1
   98     712       1
   99     493       1
  100     694       1
  101     234       1
  102     407       1
  103     208       1
  103     638       1
  104     528       1
  105     136       1
  107     271       1
  108     176       1
  108     700       1
  108     784       1
  109     382       1
  109     798       1
  110     305       1
  110     636       1
  110     707       1
  111     200       1
  111     297       1
  112     614       1
  112     633       1
  112     794       1
  113     373       1
  114     685       1
  115     121       1
  115     405       1
  115     755       1
  116     647       1
  116     717       1
  117     451       1
  117     464       1
  117     669       1
  118     336       1
  119     206       1
  119     607       1
  120     690       1
  121     170       1
  121     431       1
  122     254       1
  122     554       1
  122     612       1
  123     313       1
  123     576       1
  123     652       1
  124     631       1
  126     746       1
  127     234       1
  128     170       1
  128     469       1
  129     132       1
  129     509       1
  129     620       1
  130     521       1
  131     434       1
  131     534       1
  131     661       1
  132     561       1
  133     396       1
  134     204       1
  134     329       1
  134     652       1
  135     218       1
  136     195       1
  136     313       1
  136     393       1
  137     748       1
  138     149       1
  138     701       1
  138     780       1
  139     162       1
  139     237       1
  139     256       1
  139     261       1
  139     357       1
  139     527       1
  139     606       1
  140     349       1
  140     537       1
  140     794       1
  142     331       1
  142     529       1
  142     736       1
  143     236       1
  143     621       1
  143     622       1
  144     178       1
  145     320       1
  145     322       1
  146     449       1
  147     565       1
  148     270       1
  149     444       1
  150     304       1
  150     599       1
  151     309       1
  151     350       1
  152     236       1
  153     190       1
  153     718       1
  154     501       1
  156     167       1
  156     391       1
  156     452       1
  156     471       1
  156     596       1
  157     465       1
  158     212       1
  158     364       1
  159     663       1
  160     514       1
  161     555       1
  162     693       1
  163     729       1
  164     356       1
  164     477       1
  165     266       1
  166     199       1
  166     266       1
  167     277       1
  168     180       1
  169     491       1
  170     350       1
  170     448       1
  170     498       1
  171     194       1
  171     421       1
  171     440       1
  172     230       1
  172     581       1
  172     781       1
  173     306       1
  173     494       1
  173     673       1
  174     597       1
  174     800       1
  175     422       1
  176     556       1
  177     218       1
  177     453       1
  177     776       1
  178     574       1
  179     607       1
  180     591       1
  180     676       1
  181     186       1
  183     405       1
  184     322       1
  185     284       1
  185     677       1
  186     594       1
  186     604       1
  186     780       1
  187     523       1
  188     205       1
  188     418       1
  190     492       1
  191     483       1
  192     289       1
  193     268       1
  194     353       1
  196     301       1
  196     608       1
  196     690       1
  197     630       1
  198     405       1
  198     746       1
  198     756       1
  200     288       1
  200     592       1
  201     653       1
  202     621       1
  203     273       1
  203     375       1
  203     779       1
  204     766       1
  205     743       1
  206     685       1
  208     389       1
  208     471       1
  209     404       1
  209     418       1
  210     395       1
  211     259       1
  212     508       1
  212     552       1
  212     666       1
  212     772       1
  213     333       1
  213     531       1
  213     560       1
  214     298       1
  214     371       1
  214     739       1
  215     263       1
  217     531       1
  218     225       1
  218     271       1
  218     313       1
  218     418       1
  218     446       1
  218     655       1
  219     560       1
  220     733       1
  221     391       1
  222     543       1
  223     278       1
  223     758       1
  224     559       1
  224     655       1
  225     299       1
  226     432       1
  226     664       1
  227     313       1
  228     737       1
  229     407       1
  229     641       1
  229     705       1
  230     635       1
  230     726       1
  231     253       1
  232     650       1
  233     638       1
  233     700       1
  234     544       1
  234     651       1
  234     735       1
  235     367       1
  236     385       1
  236     402       1
  236     508       1
  236     542       1
  236     632       1
  236     758       1
  238     752       1
  239     323       1
  239     386       1
  239     517       1
  240     350       1
  241     265       1
  242     529       1
  243     491       1
  243     530       1
  245     468       1
  246     455       1
  246     794       1
  247     745       1
  249     312       1
  249     772       1
  250     599       1
  251     532       1
  251     643       1
  252     786       1
  253     607       1
  253     696       1
  254     508       1
  254     563       1
  255     735       1
  257     406       1
  258     787       1
  259     292       1
  259     352       1
  260     531       1
  261     351       1
  261     395       1
  261     661       1
  263     479       1
  264     339       1
  265     555       1
  265     775       1
  266     271       1
  267     298       1
  267     313       1
  270     320       1
  270     751       1
  271     389       1
  271     742       1
  272     453       1
  273     433       1
  275     382       1
  276     762       1
  278     476       1
  279     290       1
  279     449       1
  280     346       1
  280     492       1
  281     519       1
  282     451       1
  283     767       1
  285     310       1
  285     749       1
  286     442       1
  286     616       1
  287     455       1
  288     579       1
  288     588       1
  288     718       1
  288     742       1
  291     510       1
  292     320       1
  292     753       1
  293     463       1
  294     566       1
  294     722       1
  295     338       1
  296     784       1
  299     459       1
  299     647       1
  299     760       1
  300     388       1
  300     399       1
  300     492       1
  302     519       1
  302     713       1
  308     487       1
  311     594       1
  313     333       1
  313     398       1
  314     554       1
  315     544       1
  315     680       1
  316     390       1
  317     452       1
  318     469       1
  319     558       1
  319     578       1
  319     687       1
  319     717       1
  320     628       1
  322     473       1
  322     667       1
  322     670       1
  324     438       1
  324     620       1
  325     504       1
  326     782       1
  327     675       1
  328     337       1
  329     379       1
  330     759       1
  332     707       1
  333     483       1
  333     521       1
  333     780       1
  334     444       1
  335     647       1
  336     501       1
  336     747       1
  337     456       1
  337     613       1
  338     392       1
  339     418       1
  339     436       1
  340     472       1
  341     454       1
  341     650       1
  342     586       1
  343     666       1
  344     413       1
  345     466       1
  345     752       1
  346     482       1
  346     654       1
  346     751       1
  347     380       1
  347     611       1
  348     763       1
  349     410       1
  350     495       1
  350     653       1
  351     369       1
  351     762       1
  354     486       1
  355     536       1
  356     369       1
  357     465       1
  357     549       1
  357     593       1
  357     795       1
  358     784       1
  359     418       1
  359     471       1
  360     442       1
  361     768       1
  362     669       1
  363     568       1
  363     704       1
  365     438       1
  366     798       1
  367     674       1
  368     757       1
  370     450       1
  370     609       1
  370     610       1
  372     436       1
  373     407       1
  373     513       1
  373     544       1
  373     592       1
  374     590       1
  375     386       1
  376     596       1
  376     667       1
  376     671       1
  377     768       1
  379     688       1
  380     532       1
  383     786       1
  384     395       1
  385     771       1
  387     680       1
  388     740       1
  389     609       1
  389     676       1
  389     694       1
  389     723       1
  389     750       1
  389     752       1
  389     765       1
  390     596       1
  390     766       1
  391     666       1
  392     629       1
  393     706       1
  394     798       1
  396     414       1
  396     429       1
  396     632       1
  397     617       1
  398     629       1
  398     768       1
  400     504       1
  401     710       1
  401     742       1
  402     422       1
  403     472       1
  404     511       1
  404     566       1
  404     645       1
  404     800       1
  405     426       1
  405     666       1
  407     452       1
  407     492       1
  407     626       1
  408     448       1
  408     707       1
  409     650       1
  410     630       1
  411     571       1
  411     792       1
  412     779       1
  413     631       1
  414     595       1
  415     430       1
  415     500       1
  415     570       1
  416     665       1
  417     768       1
  418     462       1
  418     587       1
  418     794       1
  421     449       1
  422     677       1
  422     714       1
  424     678       1
  424     768       1
  424     786       1
  424     800       1
  425     546       1
  427     669       1
  428     521       1
  433     452       1
  433     557       1
  435     545       1
  436     488       1
  436     774       1
  437     530       1
  439     504       1
  440     684       1
  441     772       1
  443     687       1
  444     712       1
  447     464       1
  449     471       1
  449     504       1
  449     663       1
  452     529       1
  452     644       1
  452     679       1
  452     779       1
  453     634       1
  456     586       1
  456     630       1
  457     748       1
  458     491       1
  460     697       1
  461     500       1
  463     495       1
  463     637       1
  464     564       1
  464     729       1
  465     582       1
  467     767       1
  468     596       1
  468     745       1
  469     725       1
  470     640       1
  470     641       1
  471     798       1
  472     672       1
  472     798       1
  473     496       1
  474     750       1
  474     782       1
  475     655       1
  476     514       1
  478     800       1
  479     515       1
  480     685       1
  481     759       1
  483     656       1
  483     778       1
  484     780       1
  485     708       1
  485     731       1
  486     495       1
  487     526       1
  487     536       1
  487     559       1
  487     777       1
  489     560       1
  489     569       1
  491     539       1
  491     575       1
  491     593       1
  491     616       1
  491     642       1
  492     716       1
  493     541       1
  493     705       1
  494     519       1
  494     800       1
  496     800       1
  499     657       1
  500     568       1
  501     739       1
  505     703       1
  506     779       1
  507     796       1
  508     664       1
  508     699       1
  510     642       1
  512     518       1
  512     618       1
  514     668       1
  521     547       1
  521     741       1
  522     711       1
  523     573       1
  523     757       1
  524     712       1
  525     660       1
  525     721       1
  525     779       1
  527     588       1
  528     729       1
  533     683       1
  535     601       1
  537     581       1
  537     709       1
  538     596       1
  539     779       1
  540     751       1
  541     616       1
  542     618       1
  543     584       1
  543     681       1
  544     617       1
  548     693       1
  550     568       1
  551     703       1
  553     603       1
  554     565       1
  555     740       1
  555     798       1
  560     738       1
  562     690       1
  566     675       1
  567     659       1
  568     728       1
  573     639       1
  574     679       1
  580     723       1
  581     792       1
  582     749       1
  583     631       1
  584     702       1
  584     732       1
  585     747       1
  589     627       1
  589     679       1
  590     646       1
  598     689       1
  598     694       1
  600     677       1
  602     634       1
  603     794       1
  604     639       1
  607     669       1
  607     767       1
  611     739       1
  611     779       1
  612     649       1
  616     647       1
  617     790       1
  619     659       1
  620     742       1
  628     727       1
  628     748       1
  631     796       1
  632     785       1
  635     708       1
  640     744       1
  640     781       1
  640     794       1
  642     788       1
  646     676       1
  650     675       1
  657     669       1
  657     734       1
  657     737       1
  657     789       1
  658     703       1
  659     665       1
  659     746       1
  662     794       1
  664     768       1
  669     784       1
  674     799       1
  680     770       1
  682     710       1
  686     697       1
  690     794       1
  691     720       1
  692     749       1
  695     742       1
  697     794       1
  707     722       1
  715     761       1
  730     796       1
  769     797       1
  770     791       1
  773     778       1
  782     783       1
  786     797       1
  793     800       1
