  400     429
    1     103       1
    1     113       1
    1     282       1
    2      16       1
    2     123       1
    2     188       1
    3     383       1
    4      11       1
    4     128       1
    4     327       1
    5     130       1
    5     265       1
    5     316       1
    6      14       1
    6     101       1
    6     163       1
    6     223       1
    7     153       1
    7     226       1
    8      19       1
    9      39       1
    9     240       1
   10     336       1
   10     337       1
   11     302       1
   12      42       1
   12     276       1
   13     314       1
   14      63       1
   14     208       1
   14     272       1
   15     256       1
   16      86       1
   17     220       1
   18     324       1
   19      84       1
   19     273       1
   20      93       1
   20     267       1
   20     378       1
   21      72       1
   21     141       1
   22      62       1
   22      74       1
   22     185       1
   22     296       1
   23      55       1
   23      96       1
   24     140       1
   25     187       1
   25     200       1
   26      96       1
   26     137       1
   26     371       1
   27     207       1
   27     311       1
   28      49       1
   28     223       1
   29      62       1
   30      93       1
   30     108       1
   30     206       1
   31      96       1
   31     182       1
   31     208       1
   31     231       1
   31     322       1
   32     199       1
   32     289       1
   32     332       1
   32     380       1
   33      59       1
   33     148       1
   34      48       1
   35      86       1
   35     389       1
   36     136       1
   36     364       1
   37      42       1
   38     385       1
   39      98       1
   39     308       1
   39     387       1
   40      93       1
   41     367       1
   43     318       1
   43     354       1
   44     197       1
   44     261       1
   45     127       1
   46     127       1
   46     182       1
   46     269       1
   47     202       1
   48     166       1
   48     168       1
   48     223       1
   49     320       1
   50     290       1
   51     152       1
   52     307       1
   53     217       1
   53     368       1
   54     105       1
   54     246       1
   56     393       1
   57     274       1
   58     340       1
   59      90       1
   59     112       1
   59     190       1
   59     200       1
   59     384       1
   60     134       1
   60     348       1
   61     251       1
   64     309       1
   64     340       1
   65     249       1
   66     322       1
   67     166       1
   67     168       1
   68     247       1
   69     144       1
   69     191       1
   69     227       1
   69     390       1
   70     122       1
   70     260       1
   71     116       1
   72     143       1
   73     325       1
   74      84       1
   74      89       1
   74     153       1
   74     234       1
   75     155       1
   75     388       1
   76      89       1
   77     285       1
   77     377       1
   78      84       1
   78     135       1
   78     200       1
   78     251       1
   79     227       1
   79     333       1
   80     148       1
   80     385       1
   81     250       1
   82     140       1
   82     315       1
   82     383       1
   83     170       1
   84     167       1
   84     224       1
   84     233       1
   84     276       1
   85      95       1
   86     209       1
   86     310       1
   87     109       1
   87     202       1
   87     250       1
   88     369       1
   89     257       1
   89     265       1
   89     387       1
   91     122       1
   92     186       1
   93     184       1
   93     200       1
   93     231       1
   93     232       1
   94     154       1
   94     364       1
   95     218       1
   95     221       1
   96     111       1
   96     126       1
   96     247       1
   97     400       1
   98     243       1
   98     351       1
   99     276       1
  100     168       1
  100     312       1
  101     149       1
  102     320       1
  102     330       1
  102     379       1
  104     271       1
  104     361       1
  105     181       1
  105     260       1
  105     268       1
  105     388       1
  106     157       1
  106     325       1
  107     303       1
  108     214       1
  108     398       1
  109     248       1
  109     328       1
  110     393       1
  111     292       1
  112     259       1
  112     356       1
  112     395       1
  113     264       1
  114     120       1
  114     231       1
  115     390       1
  116     306       1
  117     216       1
  118     322       1
  119     198       1
  121     162       1
  121     199       1
  121     327       1
  121     376       1
  122     228       1
  122     279       1
  123     211       1
  124     132       1
  125     337       1
  127     309       1
  128     210       1
  128     249       1
  129     290       1
  130     231       1
  131     255       1
  131     365       1
  132     221       1
  132     287       1
  133     152       1
  134     175       1
  135     170       1
  136     358       1
  137     335       1
  138     176       1
  139     376       1
  140     150       1
  140     153       1
  140     337       1
  140     338       1
  142     240       1
  142     304       1
  143     255       1
  143     392       1
  145     304       1
  145     341       1
  146     274       1
  147     309       1
  151     329       1
  152     296       1
  156     205       1
  156     268       1
  157     176       1
  157     291       1
  158     291       1
  158     329       1
  159     361       1
  159     394       1
  160     167       1
  161     172       1
  163     245       1
  164     177       1
  164     263       1
  164     276       1
  165     297       1
  165     388       1
  166     193       1
  169     190       1
  171     292       1
  171     344       1
  172     260       1
  173     393       1
  174     192       1
  175     219       1
  175     358       1
  175     396       1
  176     276       1
  176     343       1
  176     383       1
  178     230       1
  178     295       1
  179     313       1
  180     212       1
  180     364       1
  182     287       1
  183     208       1
  184     254       1
  185     270       1
  186     219       1
  186     287       1
  187     384       1
  188     252       1
  189     196       1
  189     375       1
  192     230       1
  192     334       1
  193     311       1
  194     340       1
  195     213       1
  195     260       1
  197     366       1
  198     301       1
  198     327       1
  198     370       1
  199     326       1
  200     201       1
  200     230       1
  200     260       1
  200     306       1
  200     324       1
  200     382       1
  200     392       1
  203     239       1
  203     368       1
  204     367       1
  208     312       1
  208     393       1
  213     288       1
  215     221       1
  216     353       1
  219     266       1
  219     300       1
  220     380       1
  221     328       1
  222     284       1
  223     237       1
  224     373       1
  225     229       1
  227     313       1
  229     393       1
  231     327       1
  232     263       1
  235     284       1
  236     321       1
  238     394       1
  238     398       1
  239     261       1
  239     313       1
  241     294       1
  241     323       1
  241     388       1
  242     309       1
  242     321       1
  243     253       1
  243     342       1
  243     356       1
  244     400       1
  245     363       1
  245     374       1
  247     318       1
  249     304       1
  250     260       1
  250     348       1
  251     256       1
  251     313       1
  253     285       1
  257     325       1
  258     375       1
  260     320       1
  260     381       1
  261     387       1
  262     389       1
  264     327       1
  268     280       1
  271     362       1
  271     392       1
  272     307       1
  274     315       1
  275     349       1
  276     342       1
  277     347       1
  277     381       1
  278     384       1
  281     322       1
  283     308       1
  284     327       1
  285     288       1
  285     312       1
  285     329       1
  286     290       1
  287     335       1
  290     325       1
  291     312       1
  291     317       1
  291     352       1
  292     324       1
  292     360       1
  293     367       1
  293     397       1
  296     314       1
  297     326       1
  298     338       1
  299     372       1
  303     395       1
  304     350       1
  305     355       1
  308     310       1
  313     346       1
  314     386       1
  315     349       1
  319     340       1
  327     391       1
  329     368       1
  331     366       1
  334     383       1
  339     349       1
  340     381       1
  345     369       1
  350     383       1
  353     364       1
  355     363       1
  355     369       1
  357     362       1
  359     388       1
  364     369       1
  364     397       1
  372     388       1
  375     397       1
  376     400       1
  389     392       1
  392     399       1
  397     399       1
  398     400       1
