  300     326
    1     105       1
    1     142       1
    2      24       1
    2     116       1
    3      11       1
    3      93       1
    4      96       1
    5      17       1
    6     225       1
    7     231       1
    8      12       1
    8      58       1
    8      79       1
    8     272       1
    9      75       1
    9     192       1
   10      58       1
   13     183       1
   14      40       1
   15      49       1
   15     271       1
   16     183       1
   17      19       1
   17     145       1
   18     142       1
   19      72       1
   19      90       1
   19      92       1
   19      93       1
   19     107       1
   19     140       1
   19     179       1
   19     226       1
   20      53       1
   20      77       1
   20     109       1
   20     121       1
   20     260       1
   20     261       1
   20     291       1
   21      84       1
   21     170       1
   22      31       1
   23     108       1
   24      61       1
   24      74       1
   24      87       1
   25      76       1
   25     171       1
   25     251       1
   25     288       1
   26      60       1
   27     272       1
   28      65       1
   29     137       1
   29     182       1
   30     165       1
   30     225       1
   30     266       1
   30     268       1
   31      39       1
   31      50       1
   31      51       1
   31      65       1
   31     149       1
   31     165       1
   31     187       1
   32     134       1
   32     177       1
   33      44       1
   33      65       1
   33     101       1
   33     160       1
   33     285       1
   34      48       1
   34     100       1
   34     136       1
   34     142       1
   34     172       1
   34     209       1
   34     220       1
   34     231       1
   34     245       1
   34     255       1
   35      44       1
   35     158       1
   35     160       1
   36      67       1
   36     165       1
   36     270       1
   36     279       1
   37     245       1
   38     132       1
   38     235       1
   39      98       1
   39     111       1
   39     167       1
   40     212       1
   41     281       1
   42     145       1
   42     212       1
   43     297       1
   44     135       1
   44     184       1
   44     204       1
   45     159       1
   45     196       1
   46     222       1
   47     223       1
   47     276       1
   49      65       1
   49     207       1
   49     232       1
   51     191       1
   52      56       1
   52     128       1
   53      65       1
   53     194       1
   53     202       1
   53     282       1
   54      58       1
   55     197       1
   55     266       1
   56     126       1
   56     197       1
   56     261       1
   57      61       1
   57     161       1
   58     256       1
   58     282       1
   59     139       1
   59     154       1
   59     244       1
   60     118       1
   60     275       1
   61     124       1
   61     165       1
   61     195       1
   62     223       1
   63      94       1
   63     165       1
   63     277       1
   64     180       1
   64     297       1
   65      75       1
   65     130       1
   65     141       1
   65     163       1
   65     173       1
   65     228       1
   66     222       1
   67      99       1
   67     104       1
   67     144       1
   67     264       1
   67     300       1
   68     150       1
   68     154       1
   68     191       1
   69      97       1
   70     138       1
   70     269       1
   71      77       1
   71     168       1
   71     205       1
   71     216       1
   72     269       1
   73      74       1
   73     133       1
   73     152       1
   74      80       1
   74     169       1
   75     123       1
   75     162       1
   75     174       1
   75     283       1
   76      83       1
   76     278       1
   77     126       1
   78     169       1
   79     112       1
   81     300       1
   82      84       1
   84     152       1
   84     286       1
   85     161       1
   86     165       1
   88     144       1
   88     298       1
   89     100       1
   89     165       1
   89     230       1
   91     132       1
   91     137       1
   91     174       1
   91     176       1
   93     130       1
   93     152       1
   93     176       1
   94     227       1
   95     167       1
   95     300       1
   96     122       1
   96     143       1
   96     224       1
   97     196       1
  100     102       1
  100     181       1
  100     251       1
  101     146       1
  101     275       1
  102     155       1
  103     168       1
  106     165       1
  106     214       1
  106     288       1
  108     231       1
  109     119       1
  109     294       1
  110     151       1
  111     123       1
  111     258       1
  112     192       1
  113     165       1
  114     288       1
  115     163       1
  115     242       1
  117     232       1
  118     164       1
  118     211       1
  120     207       1
  123     282       1
  123     295       1
  125     217       1
  125     232       1
  126     199       1
  126     200       1
  127     149       1
  127     204       1
  128     289       1
  129     149       1
  130     239       1
  131     163       1
  132     243       1
  134     279       1
  135     150       1
  135     189       1
  136     148       1
  136     223       1
  138     166       1
  138     246       1
  138     250       1
  139     211       1
  139     234       1
  141     174       1
  141     228       1
  141     229       1
  142     222       1
  142     259       1
  143     163       1
  145     201       1
  147     198       1
  147     221       1
  148     241       1
  149     185       1
  151     204       1
  153     176       1
  153     267       1
  156     169       1
  156     284       1
  157     195       1
  159     210       1
  160     203       1
  163     221       1
  164     238       1
  164     288       1
  166     276       1
  166     280       1
  169     213       1
  169     296       1
  170     282       1
  173     273       1
  174     186       1
  174     232       1
  175     232       1
  177     293       1
  178     211       1
  183     245       1
  187     284       1
  188     222       1
  190     279       1
  193     194       1
  193     208       1
  194     236       1
  195     249       1
  196     231       1
  199     231       1
  200     206       1
  200     248       1
  203     263       1
  204     274       1
  209     240       1
  211     217       1
  212     218       1
  214     292       1
  215     227       1
  218     228       1
  219     220       1
  219     265       1
  221     290       1
  221     297       1
  227     257       1
  228     244       1
  228     247       1
  228     299       1
  230     253       1
  230     295       1
  231     233       1
  233     265       1
  233     287       1
  237     299       1
  252     264       1
  254     264       1
  255     260       1
  262     279       1
  281     288       1
