  400     429
    1      51       1
    1      86       1
    1     270       1
    1     364       1
    1     377       1
    1     393       1
    2     218       1
    3      23       1
    4     265       1
    5     205       1
    6     337       1
    6     365       1
    7      79       1
    7     115       1
    7     156       1
    8      61       1
    8      97       1
    9      62       1
    9      66       1
    9     123       1
    9     198       1
    9     201       1
    9     337       1
   10      17       1
   10     273       1
   10     375       1
   11      42       1
   11     136       1
   11     389       1
   12      38       1
   13     324       1
   14     363       1
   15     126       1
   15     352       1
   16     126       1
   17     385       1
   18      31       1
   18      51       1
   18     205       1
   18     249       1
   19     100       1
   19     242       1
   19     253       1
   19     264       1
   19     325       1
   19     370       1
   19     391       1
   19     395       1
   20     183       1
   21     395       1
   22     183       1
   22     262       1
   22     374       1
   23     171       1
   23     329       1
   23     336       1
   24     235       1
   25     188       1
   25     321       1
   26     171       1
   26     175       1
   26     177       1
   27     229       1
   27     242       1
   27     324       1
   27     396       1
   28      44       1
   28     160       1
   29      35       1
   29     332       1
   30     147       1
   31     128       1
   31     256       1
   32      47       1
   32     280       1
   32     283       1
   32     384       1
   33     141       1
   34     160       1
   36     166       1
   36     205       1
   37      51       1
   37      57       1
   37      71       1
   37      88       1
   37     111       1
   37     250       1
   37     328       1
   37     382       1
   37     390       1
   38     376       1
   39     110       1
   39     138       1
   40     383       1
   41      88       1
   42     287       1
   43     293       1
   44      51       1
   45     118       1
   46     104       1
   46     140       1
   46     261       1
   48     232       1
   49     103       1
   49     126       1
   49     143       1
   49     182       1
   49     224       1
   50     253       1
   51     398       1
   52     330       1
   53     184       1
   53     290       1
   54     128       1
   55     148       1
   55     191       1
   55     372       1
   56     128       1
   56     344       1
   57      80       1
   57     202       1
   57     280       1
   58     395       1
   59     276       1
   60     322       1
   61     158       1
   62     137       1
   63     284       1
   64     177       1
   65     182       1
   67      81       1
   68      90       1
   68     242       1
   68     261       1
   69     145       1
   69     362       1
   70      98       1
   71     196       1
   71     236       1
   72     209       1
   72     271       1
   73     207       1
   73     289       1
   74     122       1
   74     168       1
   74     177       1
   75      93       1
   75     158       1
   76     123       1
   76     209       1
   77     212       1
   78     370       1
   79      94       1
   79     158       1
   79     185       1
   79     400       1
   80     211       1
   80     299       1
   81     162       1
   82     130       1
   82     279       1
   82     392       1
   83     382       1
   84     354       1
   85     147       1
   87      89       1
   87      92       1
   88      97       1
   88     194       1
   88     212       1
   88     242       1
   88     275       1
   88     278       1
   89     146       1
   89     234       1
   89     240       1
   89     259       1
   89     288       1
   89     347       1
   89     358       1
   89     385       1
   89     394       1
   90     101       1
   90     198       1
   91     175       1
   93     200       1
   95     331       1
   96     128       1
   96     263       1
   97     314       1
   98     173       1
   98     217       1
   98     371       1
   99     400       1
  101     114       1
  101     250       1
  102     280       1
  104     177       1
  104     322       1
  104     357       1
  105     330       1
  106     124       1
  106     251       1
  106     394       1
  107     393       1
  108     158       1
  108     191       1
  109     159       1
  109     376       1
  111     139       1
  111     269       1
  111     376       1
  112     203       1
  112     310       1
  113     129       1
  113     300       1
  113     305       1
  113     337       1
  116     142       1
  116     298       1
  116     330       1
  117     212       1
  118     199       1
  118     212       1
  119     154       1
  119     180       1
  120     361       1
  121     296       1
  121     384       1
  124     316       1
  125     363       1
  126     195       1
  126     347       1
  126     363       1
  127     138       1
  128     231       1
  131     158       1
  131     213       1
  132     173       1
  133     172       1
  133     328       1
  134     238       1
  134     300       1
  134     346       1
  135     146       1
  135     262       1
  138     142       1
  138     258       1
  139     164       1
  139     177       1
  139     304       1
  139     340       1
  139     362       1
  140     386       1
  141     204       1
  142     165       1
  142     345       1
  142     381       1
  143     302       1
  144     209       1
  145     194       1
  147     381       1
  149     218       1
  150     316       1
  151     192       1
  151     396       1
  152     319       1
  152     328       1
  153     323       1
  154     177       1
  154     220       1
  154     227       1
  155     309       1
  155     372       1
  156     215       1
  156     373       1
  157     266       1
  158     345       1
  160     219       1
  160     326       1
  160     337       1
  161     223       1
  161     333       1
  162     280       1
  163     235       1
  164     282       1
  165     287       1
  165     383       1
  167     367       1
  169     337       1
  170     211       1
  170     351       1
  171     260       1
  173     318       1
  174     261       1
  175     291       1
  176     254       1
  178     231       1
  179     392       1
  181     272       1
  181     370       1
  182     367       1
  182     378       1
  185     355       1
  186     286       1
  187     249       1
  188     300       1
  189     190       1
  189     381       1
  192     194       1
  193     240       1
  195     277       1
  197     218       1
  197     361       1
  203     292       1
  203     342       1
  204     210       1
  204     316       1
  205     399       1
  206     271       1
  207     266       1
  207     356       1
  208     212       1
  208     321       1
  209     358       1
  209     368       1
  212     342       1
  212     372       1
  214     376       1
  216     384       1
  217     265       1
  217     284       1
  218     228       1
  218     246       1
  218     257       1
  218     285       1
  218     286       1
  218     347       1
  218     354       1
  218     369       1
  221     267       1
  222     313       1
  222     384       1
  223     235       1
  223     370       1
  225     372       1
  226     345       1
  228     267       1
  230     246       1
  231     248       1
  232     394       1
  233     302       1
  237     281       1
  239     242       1
  239     274       1
  239     342       1
  240     255       1
  240     323       1
  240     387       1
  241     271       1
  242     347       1
  243     278       1
  243     350       1
  244     359       1
  245     358       1
  247     301       1
  249     397       1
  251     287       1
  252     380       1
  253     281       1
  254     323       1
  256     380       1
  256     396       1
  257     273       1
  261     353       1
  262     278       1
  262     350       1
  264     395       1
  266     307       1
  268     290       1
  269     367       1
  271     276       1
  271     330       1
  275     279       1
  275     375       1
  278     290       1
  278     300       1
  279     293       1
  281     312       1
  281     331       1
  282     353       1
  284     286       1
  285     311       1
  286     332       1
  289     336       1
  289     345       1
  290     294       1
  290     306       1
  290     360       1
  290     366       1
  295     349       1
  295     372       1
  296     339       1
  296     370       1
  297     361       1
  299     317       1
  300     306       1
  301     364       1
  303     369       1
  308     345       1
  309     381       1
  315     391       1
  316     354       1
  319     372       1
  320     345       1
  321     364       1
  327     393       1
  334     383       1
  335     385       1
  338     348       1
  338     357       1
  341     356       1
  343     382       1
  345     358       1
  357     392       1
  359     364       1
  372     379       1
  388     393       1
  390     398       1
