  300     326
    1      90       1
    2     161       1
    3     116       1
    3     156       1
    4      97       1
    4     200       1
    5     105       1
    5     121       1
    5     137       1
    6     119       1
    6     209       1
    6     240       1
    7      16       1
    7      61       1
    8      16       1
    8      31       1
    9     121       1
   10     164       1
   10     289       1
   11     138       1
   12      35       1
   12      53       1
   12     150       1
   12     189       1
   12     266       1
   13     197       1
   14     169       1
   15     287       1
   16      59       1
   16     128       1
   16     182       1
   16     290       1
   17      95       1
   17     260       1
   18     105       1
   19     184       1
   19     228       1
   20     206       1
   21      44       1
   21      92       1
   22      48       1
   22      95       1
   23      38       1
   24     127       1
   24     201       1
   25      33       1
   26     128       1
   26     212       1
   27      83       1
   27     166       1
   28     112       1
   29      68       1
   29     288       1
   30     132       1
   30     288       1
   31      88       1
   31     190       1
   31     264       1
   32     156       1
   33     104       1
   33     143       1
   34      56       1
   34     128       1
   35      49       1
   35      98       1
   35     217       1
   35     219       1
   35     227       1
   36      96       1
   36     103       1
   37      53       1
   38      75       1
   39      44       1
   40     213       1
   40     231       1
   41     203       1
   42     188       1
   43      59       1
   43     120       1
   44      75       1
   44     138       1
   45     167       1
   45     198       1
   46     295       1
   47     182       1
   48     279       1
   49      59       1
   49     102       1
   49     121       1
   49     148       1
   49     204       1
   50     182       1
   51     293       1
   52      57       1
   53     115       1
   53     181       1
   54     145       1
   54     191       1
   54     244       1
   55     193       1
   56     242       1
   57     271       1
   58     172       1
   58     216       1
   58     261       1
   59     143       1
   59     151       1
   59     286       1
   59     295       1
   60     225       1
   61     111       1
   61     124       1
   61     251       1
   62     160       1
   63     265       1
   64      89       1
   64     255       1
   65     219       1
   65     236       1
   66      84       1
   66     178       1
   66     250       1
   67     138       1
   68     131       1
   68     143       1
   69     161       1
   70     292       1
   71     125       1
   71     258       1
   71     298       1
   72     176       1
   72     244       1
   73     180       1
   74     197       1
   75     132       1
   76     239       1
   76     240       1
   76     258       1
   77      82       1
   77     208       1
   77     222       1
   77     275       1
   78     203       1
   78     251       1
   79     115       1
   79     174       1
   80     156       1
   81     127       1
   82      98       1
   82     160       1
   82     187       1
   82     232       1
   82     289       1
   83     135       1
   83     191       1
   84     104       1
   84     292       1
   85     210       1
   86     121       1
   86     143       1
   86     173       1
   87     134       1
   88     117       1
   88     159       1
   89     120       1
   90     193       1
   91      94       1
   91     107       1
   91     273       1
   92     156       1
   92     186       1
   92     188       1
   92     296       1
   93     254       1
   93     263       1
   94     148       1
   94     257       1
   95     100       1
   95     161       1
   96     120       1
   96     283       1
   98     110       1
   98     133       1
   98     136       1
   98     169       1
   99     114       1
   99     217       1
   99     297       1
  101     211       1
  103     150       1
  104     116       1
  106     161       1
  108     253       1
  109     171       1
  109     207       1
  110     140       1
  112     153       1
  112     169       1
  113     198       1
  115     156       1
  118     216       1
  119     215       1
  121     129       1
  121     184       1
  121     268       1
  122     205       1
  123     299       1
  125     216       1
  125     293       1
  126     178       1
  127     146       1
  127     169       1
  127     173       1
  127     270       1
  129     280       1
  130     220       1
  132     204       1
  132     297       1
  133     230       1
  133     296       1
  134     237       1
  134     258       1
  139     217       1
  141     185       1
  141     206       1
  142     179       1
  142     209       1
  144     222       1
  147     228       1
  148     161       1
  148     216       1
  149     162       1
  150     233       1
  151     199       1
  151     278       1
  152     212       1
  152     236       1
  154     169       1
  154     291       1
  155     167       1
  156     164       1
  156     223       1
  157     228       1
  158     281       1
  160     256       1
  162     209       1
  163     211       1
  163     286       1
  165     198       1
  165     248       1
  165     300       1
  166     197       1
  166     247       1
  167     207       1
  167     279       1
  168     192       1
  168     246       1
  168     280       1
  169     170       1
  169     174       1
  170     244       1
  170     281       1
  175     180       1
  177     194       1
  177     218       1
  178     243       1
  178     259       1
  178     271       1
  180     258       1
  183     265       1
  184     185       1
  184     243       1
  184     256       1
  188     230       1
  191     210       1
  192     196       1
  192     240       1
  193     267       1
  193     286       1
  195     230       1
  197     215       1
  197     231       1
  198     219       1
  198     262       1
  200     272       1
  201     226       1
  202     283       1
  203     219       1
  205     219       1
  206     256       1
  207     294       1
  209     242       1
  209     269       1
  214     228       1
  214     297       1
  218     235       1
  218     289       1
  219     284       1
  220     270       1
  221     294       1
  224     266       1
  225     242       1
  225     253       1
  227     242       1
  227     272       1
  227     276       1
  229     232       1
  233     254       1
  234     286       1
  238     263       1
  241     289       1
  242     265       1
  242     277       1
  243     255       1
  245     250       1
  249     273       1
  249     279       1
  250     299       1
  252     293       1
  263     277       1
  274     295       1
  277     287       1
  280     285       1
  281     285       1
  282     297       1
  284     285       1
