  100     114
    1      60       1
    1      65       1
    1      66       1
    2      63       1
    3      84       1
    4      54       1
    4      66       1
    5      77       1
    5      87       1
    6      32       1
    6      44       1
    7      15       1
    7      57       1
    7      73       1
    7      83       1
    7      90       1
    7      96       1
    7      97       1
    8      46       1
    8      98       1
    9      25       1
    9      37       1
   10      70       1
   11      64       1
   11      68       1
   12      43       1
   13      53       1
   13     100       1
   14      27       1
   14      67       1
   16      49       1
   16      54       1
   16      77       1
   17      37       1
   18      50       1
   18      56       1
   18      79       1
   18      95       1
   19      89       1
   20      88       1
   21      44       1
   21      57       1
   21      59       1
   21      80       1
   22      81       1
   22      97       1
   23      70       1
   23      78       1
   23      85       1
   24      35       1
   24      41       1
   25      42       1
   25      53       1
   26      62       1
   27      31       1
   27      60       1
   28      54       1
   29      97       1
   30      77       1
   33      39       1
   34      58       1
   35      65       1
   35      66       1
   35      87       1
   36      87       1
   37      60       1
   37      70       1
   37     100       1
   38      70       1
   39      57       1
   39      87       1
   39      91       1
   40      90       1
   41      51       1
   41      58       1
   41      69       1
   41      93       1
   41      94       1
   43      77       1
   44      94       1
   45      80       1
   46      84       1
   47      76       1
   48      75       1
   48      91       1
   49      96       1
   50      70       1
   52      91       1
   54      63       1
   54      70       1
   54      86       1
   54      99       1
   55      72       1
   55      84       1
   56      61       1
   57      70       1
   57      76       1
   57      77       1
   58      76       1
   62      83       1
   66      99       1
   68      89       1
   69      87       1
   71      83       1
   71     100       1
   74      87       1
   76     100       1
   77      82       1
   78      89       1
   80      88       1
   80      92       1
   81      89       1
   84      87       1
   87      98       1
