  100     114
    1      29       1
    2       7       1
    2      16       1
    2      17       1
    2      29       1
    2      41       1
    3      59       1
    4      42       1
    4      43       1
    5      29       1
    5      44       1
    5      47       1
    5      58       1
    5      93       1
    6      29       1
    6      50       1
    6      65       1
    6      94       1
    8      84       1
    8      86       1
    8      88       1
    8      99       1
    9      17       1
    9      28       1
   10      25       1
   10      29       1
   10      93       1
   11      24       1
   11      56       1
   12      58       1
   13      21       1
   13      84       1
   14      22       1
   15      33       1
   15      44       1
   15      52       1
   18      49       1
   18      51       1
   18      55       1
   18      87       1
   19      22       1
   19      44       1
   19      83       1
   20      64       1
   21      28       1
   21      29       1
   21      33       1
   22      93       1
   23      36       1
   25      40       1
   26      87       1
   27      41       1
   28      85       1
   28      87       1
   30      54       1
   31      54       1
   32      72       1
   32      90       1
   33      67       1
   33      79       1
   34      76       1
   35      50       1
   36      58       1
   36      62       1
   36      76       1
   36      89       1
   37      86       1
   38      78       1
   38      87       1
   39      43       1
   39      70       1
   39      82       1
   39     100       1
   41      68       1
   41      97       1
   42      90       1
   42      98       1
   43      47       1
   43      91       1
   45      58       1
   46      80       1
   47      75       1
   47      86       1
   47      92       1
   48      71       1
   50      77       1
   52      67       1
   53      97       1
   54      86       1
   55      96       1
   56      90       1
   57      63       1
   58      63       1
   58      94       1
   58      97       1
   58      99       1
   59      99       1
   60      65       1
   60      67       1
   60      75       1
   61      64       1
   64      93       1
   66      75       1
   67      71       1
   67      81       1
   69      74       1
   69      87       1
   72      93       1
   73      86       1
   78      92       1
   79      80       1
   80      95       1
   81      94       1
   93      95       1
