  800     842
    1     575       1
    2     548       1
    2     653       1
    3     754       1
    4     639       1
    5     289       1
    5     403       1
    5     770       1
    6     690       1
    6     757       1
    7     463       1
    7     508       1
    8     451       1
    8     681       1
    9      93       1
    9     247       1
   10     341       1
   11     243       1
   12     223       1
   13     331       1
   13     385       1
   14     287       1
   15     105       1
   15     106       1
   15     271       1
   15     672       1
   16     135       1
   16     198       1
   16     454       1
   17     757       1
   18     272       1
   19     141       1
   19     188       1
   20     323       1
   21      47       1
   21     326       1
   21     784       1
   22     160       1
   22     291       1
   22     322       1
   23      82       1
   23     575       1
   24     528       1
   25     652       1
   25     739       1
   26      74       1
   27     400       1
   28     556       1
   29     122       1
   29     341       1
   29     738       1
   30     452       1
   31     514       1
   31     728       1
   32      83       1
   32     217       1
   32     468       1
   32     508       1
   33     106       1
   34     733       1
   35     535       1
   35     643       1
   36     721       1
   37     224       1
   38     104       1
   39     653       1
   40     591       1
   41      98       1
   41     127       1
   41     328       1
   41     346       1
   42     365       1
   42     414       1
   42     566       1
   43     733       1
   44     151       1
   44     183       1
   44     256       1
   44     655       1
   44     717       1
   44     732       1
   44     791       1
   45     223       1
   46     196       1
   47     134       1
   48     617       1
   49     433       1
   50     363       1
   50     649       1
   50     729       1
   50     760       1
   51     280       1
   51     498       1
   51     589       1
   51     780       1
   52     418       1
   53     380       1
   53     544       1
   54      79       1
   55     475       1
   55     792       1
   56     321       1
   57     608       1
   58     298       1
   59     767       1
   60     441       1
   61     249       1
   62     465       1
   63     579       1
   64     292       1
   64     349       1
   64     482       1
   65     368       1
   66      77       1
   67     482       1
   68     736       1
   69     653       1
   70     242       1
   70     256       1
   71     438       1
   72     154       1
   72     679       1
   73     754       1
   74     251       1
   74     273       1
   74     410       1
   75     163       1
   76     464       1
   76     491       1
   76     529       1
   77     150       1
   77     612       1
   78      80       1
   78     371       1
   78     501       1
   79     608       1
   80     288       1
   81     122       1
   81     220       1
   81     350       1
   81     372       1
   81     422       1
   81     531       1
   83     236       1
   83     269       1
   83     287       1
   83     368       1
   83     783       1
   84     511       1
   84     596       1
   85     221       1
   85     344       1
   85     528       1
   85     710       1
   86     208       1
   86     325       1
   86     402       1
   86     733       1
   87     312       1
   87     563       1
   87     670       1
   88     422       1
   88     446       1
   88     447       1
   89     603       1
   90     317       1
   90     559       1
   90     568       1
   90     651       1
   90     744       1
   91     520       1
   92     440       1
   92     719       1
   92     764       1
   92     771       1
   93     281       1
   93     650       1
   94     331       1
   95     621       1
   95     762       1
   96     109       1
   97     572       1
   97     733       1
   97     747       1
   98     139       1
   99     438       1
   99     549       1
  100     151       1
  100     297       1
  100     429       1
  101     626       1
  101     667       1
  102     264       1
  103     243       1
  103     632       1
  104     155       1
  105     395       1
  105     657       1
  107     128       1
  108     628       1
  109     690       1
  110     500       1
  110     592       1
  111     118       1
  111     412       1
  112     532       1
  112     575       1
  112     677       1
  112     756       1
  113     674       1
  114     299       1
  115     481       1
  116     130       1
  117     448       1
  119     342       1
  120     546       1
  120     710       1
  121     766       1
  122     512       1
  122     581       1
  123     703       1
  124     644       1
  125     382       1
  126     522       1
  126     743       1
  127     496       1
  128     583       1
  129     372       1
  130     138       1
  130     745       1
  131     275       1
  131     492       1
  132     617       1
  133     146       1
  133     754       1
  134     191       1
  134     424       1
  134     730       1
  135     284       1
  135     409       1
  135     648       1
  135     695       1
  136     612       1
  137     570       1
  138     147       1
  138     302       1
  138     330       1
  138     635       1
  138     733       1
  138     792       1
  139     178       1
  139     182       1
  139     395       1
  139     406       1
  139     472       1
  139     671       1
  139     792       1
  140     313       1
  141     795       1
  142     311       1
  143     446       1
  144     279       1
  144     515       1
  144     594       1
  145     561       1
  146     343       1
  146     770       1
  147     175       1
  147     640       1
  148     570       1
  148     793       1
  149     746       1
  150     474       1
  150     781       1
  151     248       1
  151     560       1
  152     309       1
  152     325       1
  152     704       1
  153     193       1
  153     298       1
  153     596       1
  153     688       1
  155     793       1
  156     373       1
  157     742       1
  158     178       1
  158     500       1
  158     631       1
  159     633       1
  160     366       1
  160     415       1
  160     727       1
  161     232       1
  161     708       1
  162     326       1
  163     756       1
  164     193       1
  165     228       1
  166     484       1
  167     418       1
  167     481       1
  167     707       1
  168     449       1
  168     627       1
  169     532       1
  170     441       1
  170     474       1
  170     483       1
  170     558       1
  170     643       1
  170     691       1
  170     762       1
  171     231       1
  171     645       1
  171     671       1
  172     478       1
  172     728       1
  173     297       1
  174     726       1
  175     196       1
  175     428       1
  176     296       1
  176     503       1
  177     384       1
  177     405       1
  177     438       1
  177     596       1
  178     186       1
  178     213       1
  178     219       1
  178     304       1
  178     424       1
  178     462       1
  178     545       1
  178     625       1
  179     191       1
  180     720       1
  181     509       1
  181     702       1
  183     442       1
  183     630       1
  184     331       1
  184     634       1
  184     651       1
  185     477       1
  186     334       1
  187     283       1
  187     365       1
  187     427       1
  187     544       1
  187     625       1
  188     547       1
  189     224       1
  190     193       1
  190     423       1
  190     583       1
  191     336       1
  191     388       1
  191     779       1
  192     204       1
  192     448       1
  193     668       1
  194     269       1
  194     359       1
  195     626       1
  197     316       1
  197     354       1
  197     688       1
  198     199       1
  198     212       1
  198     399       1
  199     408       1
  199     800       1
  200     758       1
  201     485       1
  202     254       1
  202     487       1
  203     356       1
  204     439       1
  205     415       1
  206     754       1
  207     361       1
  208     609       1
  209     227       1
  210     640       1
  211     583       1
  212     784       1
  213     235       1
  214     378       1
  214     411       1
  215     462       1
  216     640       1
  218     337       1
  218     632       1
  218     682       1
  219     299       1
  219     599       1
  219     768       1
  222     265       1
  222     558       1
  223     297       1
  224     365       1
  224     521       1
  225     248       1
  225     413       1
  226     624       1
  226     627       1
  227     577       1
  228     716       1
  228     726       1
  229     429       1
  229     454       1
  230     638       1
  233     668       1
  234     653       1
  236     270       1
  237     266       1
  238     531       1
  239     460       1
  239     524       1
  240     682       1
  241     415       1
  242     327       1
  242     636       1
  244     768       1
  245     658       1
  245     694       1
  246     544       1
  246     713       1
  248     337       1
  248     340       1
  248     504       1
  249     483       1
  250     427       1
  250     572       1
  250     629       1
  251     443       1
  251     570       1
  252     410       1
  253     398       1
  254     618       1
  255     393       1
  257     264       1
  257     436       1
  257     521       1
  257     761       1
  258     701       1
  259     310       1
  259     658       1
  260     786       1
  261     397       1
  262     370       1
  263     508       1
  263     787       1
  264     650       1
  264     669       1
  266     636       1
  267     655       1
  268     495       1
  268     702       1
  268     746       1
  269     345       1
  269     361       1
  269     362       1
  269     615       1
  269     767       1
  269     773       1
  270     374       1
  270     664       1
  271     360       1
  272     699       1
  272     715       1
  274     602       1
  274     650       1
  275     331       1
  275     552       1
  275     789       1
  276     370       1
  277     474       1
  277     647       1
  278     416       1
  279     307       1
  279     391       1
  279     545       1
  280     301       1
  280     463       1
  282     667       1
  282     723       1
  283     674       1
  285     632       1
  286     561       1
  286     587       1
  286     642       1
  288     590       1
  290     368       1
  290     731       1
  290     765       1
  292     598       1
  293     321       1
  294     514       1
  295     504       1
  296     671       1
  298     431       1
  300     583       1
  300     586       1
  300     595       1
  301     692       1
  301     711       1
  302     526       1
  302     547       1
  302     723       1
  302     784       1
  303     424       1
  304     352       1
  304     378       1
  305     373       1
  306     705       1
  306     708       1
  306     720       1
  308     416       1
  308     636       1
  311     474       1
  311     666       1
  313     449       1
  314     677       1
  315     480       1
  315     688       1
  318     727       1
  319     540       1
  319     561       1
  320     380       1
  321     352       1
  322     580       1
  323     568       1
  323     751       1
  324     385       1
  325     332       1
  325     357       1
  325     659       1
  325     685       1
  326     448       1
  326     531       1
  326     729       1
  327     558       1
  329     457       1
  329     671       1
  331     489       1
  331     570       1
  331     635       1
  332     467       1
  332     610       1
  333     658       1
  334     687       1
  334     691       1
  335     368       1
  337     618       1
  337     739       1
  338     564       1
  338     794       1
  339     561       1
  340     557       1
  342     458       1
  342     478       1
  342     585       1
  343     689       1
  346     364       1
  347     416       1
  348     453       1
  348     772       1
  349     462       1
  350     362       1
  351     402       1
  352     583       1
  353     455       1
  353     584       1
  353     743       1
  354     735       1
  355     443       1
  356     416       1
  357     656       1
  358     717       1
  362     523       1
  362     558       1
  362     707       1
  362     756       1
  362     792       1
  367     389       1
  368     450       1
  368     722       1
  369     382       1
  370     673       1
  371     467       1
  371     489       1
  371     718       1
  371     796       1
  372     564       1
  373     505       1
  375     686       1
  376     513       1
  376     749       1
  377     539       1
  379     679       1
  381     626       1
  381     733       1
  381     798       1
  382     445       1
  382     564       1
  382     656       1
  382     782       1
  383     461       1
  383     693       1
  386     582       1
  387     588       1
  389     429       1
  389     623       1
  390     415       1
  392     643       1
  393     441       1
  394     722       1
  395     452       1
  396     651       1
  397     420       1
  397     560       1
  397     641       1
  398     472       1
  398     490       1
  398     524       1
  398     611       1
  399     669       1
  400     493       1
  400     547       1
  400     568       1
  401     446       1
  401     753       1
  404     484       1
  404     536       1
  407     656       1
  410     767       1
  412     673       1
  416     427       1
  416     658       1
  416     685       1
  416     756       1
  417     441       1
  419     543       1
  419     620       1
  419     792       1
  421     433       1
  421     485       1
  421     744       1
  422     499       1
  422     578       1
  422     653       1
  422     740       1
  422     748       1
  425     765       1
  426     435       1
  430     462       1
  431     483       1
  432     534       1
  432     640       1
  433     460       1
  433     754       1
  434     561       1
  435     478       1
  435     531       1
  436     628       1
  436     696       1
  437     514       1
  437     695       1
  438     637       1
  439     680       1
  439     690       1
  439     768       1
  440     635       1
  440     660       1
  440     775       1
  441     455       1
  443     577       1
  444     782       1
  446     661       1
  446     676       1
  450     552       1
  451     727       1
  452     569       1
  453     601       1
  453     754       1
  456     716       1
  459     534       1
  460     650       1
  461     756       1
  462     562       1
  462     769       1
  465     596       1
  466     469       1
  467     724       1
  469     524       1
  470     704       1
  471     597       1
  471     643       1
  472     561       1
  472     703       1
  473     750       1
  473     784       1
  476     719       1
  477     752       1
  478     530       1
  478     675       1
  479     541       1
  479     661       1
  482     528       1
  482     574       1
  483     663       1
  484     633       1
  486     491       1
  488     625       1
  489     491       1
  489     627       1
  491     509       1
  491     568       1
  491     675       1
  494     573       1
  497     703       1
  499     588       1
  499     593       1
  500     654       1
  502     668       1
  503     724       1
  505     717       1
  506     707       1
  507     787       1
  510     785       1
  512     516       1
  512     706       1
  512     721       1
  513     573       1
  515     684       1
  517     707       1
  518     520       1
  518     682       1
  519     735       1
  521     665       1
  525     607       1
  525     678       1
  527     608       1
  531     788       1
  532     785       1
  532     790       1
  533     714       1
  534     658       1
  535     703       1
  537     711       1
  538     650       1
  539     622       1
  539     669       1
  539     766       1
  542     543       1
  545     673       1
  547     591       1
  550     575       1
  551     583       1
  552     619       1
  553     631       1
  554     720       1
  554     778       1
  555     732       1
  556     671       1
  558     720       1
  560     605       1
  561     755       1
  562     736       1
  565     627       1
  567     718       1
  570     701       1
  570     734       1
  571     606       1
  571     759       1
  573     650       1
  573     776       1
  575     613       1
  575     631       1
  576     786       1
  577     643       1
  578     759       1
  579     658       1
  582     741       1
  583     603       1
  583     679       1
  587     766       1
  596     650       1
  596     697       1
  596     732       1
  600     627       1
  604     779       1
  606     758       1
  608     655       1
  612     677       1
  614     666       1
  616     651       1
  617     672       1
  625     650       1
  625     695       1
  626     700       1
  628     646       1
  631     715       1
  633     756       1
  636     639       1
  638     698       1
  638     733       1
  640     746       1
  644     767       1
  648     686       1
  649     715       1
  649     726       1
  649     732       1
  653     705       1
  658     662       1
  668     752       1
  670     733       1
  671     714       1
  671     727       1
  678     796       1
  683     780       1
  688     780       1
  703     799       1
  709     720       1
  710     711       1
  710     767       1
  712     722       1
  712     795       1
  717     777       1
  722     774       1
  723     763       1
  725     730       1
  729     741       1
  732     737       1
  739     742       1
  741     797       1
  752     786       1
  755     794       1
  783     787       1
