  800     842
    1     238       1
    1     719       1
    2     430       1
    2     595       1
    2     667       1
    3      93       1
    3     320       1
    3     331       1
    3     590       1
    3     596       1
    3     783       1
    4     229       1
    5      55       1
    5      58       1
    5     164       1
    5     165       1
    5     530       1
    5     584       1
    6     542       1
    7      66       1
    7     229       1
    8     433       1
    9      22       1
    9     146       1
    9     239       1
    9     385       1
    9     466       1
    9     579       1
    9     755       1
    9     760       1
   10      81       1
   11     215       1
   11     299       1
   12      26       1
   12     385       1
   13     486       1
   14     633       1
   15     358       1
   16     479       1
   17     493       1
   18     459       1
   19     723       1
   20     681       1
   20     739       1
   21     153       1
   21     293       1
   21     305       1
   21     771       1
   22     628       1
   23     113       1
   23     294       1
   23     432       1
   23     675       1
   24     671       1
   25     158       1
   25     280       1
   25     466       1
   25     469       1
   27     171       1
   27     295       1
   28      37       1
   28      42       1
   28     386       1
   28     513       1
   29      94       1
   30     220       1
   31      87       1
   31     452       1
   31     550       1
   31     605       1
   32     185       1
   32     786       1
   33     154       1
   33     600       1
   33     617       1
   34     181       1
   34     396       1
   34     586       1
   34     794       1
   35     361       1
   35     676       1
   36      74       1
   36     123       1
   36     293       1
   36     634       1
   37     201       1
   37     699       1
   38      72       1
   39     674       1
   40     526       1
   40     749       1
   41     558       1
   43      45       1
   43     223       1
   43     313       1
   43     417       1
   43     494       1
   43     620       1
   44     254       1
   45      46       1
   47     227       1
   47     713       1
   48     203       1
   48     251       1
   49     141       1
   49     246       1
   49     451       1
   50     541       1
   50     659       1
   51     491       1
   52     434       1
   53      55       1
   54     283       1
   54     344       1
   55     406       1
   56     463       1
   57     655       1
   58     516       1
   59      68       1
   59     262       1
   59     364       1
   59     759       1
   60     647       1
   60     689       1
   60     703       1
   60     790       1
   61     117       1
   62     728       1
   63     423       1
   64     728       1
   65     338       1
   65     365       1
   65     374       1
   66     117       1
   66     126       1
   66     144       1
   66     315       1
   66     461       1
   66     511       1
   66     589       1
   67      84       1
   67     200       1
   67     233       1
   68     226       1
   68     534       1
   68     542       1
   69     315       1
   69     671       1
   70     517       1
   71     579       1
   72     385       1
   73     601       1
   73     671       1
   74     571       1
   75     457       1
   75     769       1
   76     113       1
   77     175       1
   77     284       1
   78     211       1
   79     331       1
   79     678       1
   80     133       1
   80     561       1
   80     795       1
   81     718       1
   82     468       1
   83      99       1
   85     164       1
   86     219       1
   86     747       1
   87     190       1
   87     236       1
   87     718       1
   88     636       1
   88     720       1
   89     123       1
   89     180       1
   90     521       1
   91     728       1
   92     472       1
   94     218       1
   94     735       1
   95     448       1
   96     250       1
   96     731       1
   97     584       1
   98     194       1
   98     382       1
   98     697       1
   98     751       1
   99     327       1
   99     663       1
  100     102       1
  100     113       1
  100     177       1
  100     345       1
  100     387       1
  100     412       1
  100     741       1
  101     171       1
  101     789       1
  102     313       1
  102     397       1
  102     622       1
  103     448       1
  104     282       1
  104     440       1
  105     759       1
  106     123       1
  106     273       1
  106     358       1
  106     694       1
  106     702       1
  107     151       1
  108     625       1
  109     377       1
  110     535       1
  111     195       1
  111     235       1
  112     152       1
  112     710       1
  114     722       1
  115     347       1
  115     559       1
  116     174       1
  116     224       1
  116     341       1
  117     645       1
  118     284       1
  119     365       1
  119     383       1
  119     430       1
  119     578       1
  119     767       1
  120     201       1
  120     514       1
  120     679       1
  120     683       1
  120     776       1
  121     501       1
  122     243       1
  124     457       1
  124     685       1
  125     454       1
  125     698       1
  126     131       1
  126     459       1
  126     660       1
  127     394       1
  128     473       1
  129     547       1
  130     451       1
  131     225       1
  131     328       1
  131     586       1
  131     587       1
  132     300       1
  133     756       1
  133     773       1
  134     462       1
  134     483       1
  135     397       1
  135     672       1
  136     381       1
  136     603       1
  136     621       1
  136     775       1
  137     718       1
  138     515       1
  139     414       1
  139     492       1
  139     666       1
  139     724       1
  140     276       1
  140     505       1
  140     523       1
  140     542       1
  141     745       1
  142     761       1
  143     275       1
  144     293       1
  144     336       1
  144     466       1
  145     611       1
  146     668       1
  147     373       1
  147     464       1
  148     331       1
  148     556       1
  148     632       1
  149     267       1
  150     306       1
  150     709       1
  151     303       1
  151     518       1
  151     693       1
  153     763       1
  154     191       1
  155     217       1
  155     688       1
  156     611       1
  157     204       1
  157     318       1
  159     190       1
  159     241       1
  160     394       1
  160     716       1
  161     395       1
  161     446       1
  162     171       1
  163     366       1
  164     176       1
  164     213       1
  164     258       1
  164     421       1
  165     398       1
  166     589       1
  167     493       1
  167     781       1
  168     263       1
  168     274       1
  169     468       1
  169     681       1
  170     468       1
  170     585       1
  171     563       1
  172     263       1
  172     323       1
  172     337       1
  172     410       1
  173     189       1
  173     209       1
  173     719       1
  174     443       1
  174     552       1
  174     602       1
  174     701       1
  175     265       1
  175     291       1
  177     750       1
  178     526       1
  179     491       1
  182     433       1
  183     234       1
  183     488       1
  183     665       1
  184     219       1
  184     400       1
  186     419       1
  187     515       1
  187     693       1
  188     575       1
  190     226       1
  190     313       1
  190     713       1
  191     293       1
  192     394       1
  192     657       1
  192     749       1
  193     220       1
  193     286       1
  193     706       1
  195     218       1
  196     361       1
  196     482       1
  196     574       1
  197     393       1
  198     302       1
  198     492       1
  198     650       1
  198     651       1
  198     710       1
  199     679       1
  200     701       1
  201     375       1
  201     380       1
  201     426       1
  201     576       1
  201     758       1
  202     350       1
  202     359       1
  202     478       1
  203     206       1
  203     553       1
  204     491       1
  205     320       1
  205     333       1
  205     708       1
  206     572       1
  207     440       1
  207     519       1
  208     567       1
  209     605       1
  210     750       1
  211     240       1
  211     357       1
  211     615       1
  212     484       1
  213     331       1
  213     585       1
  213     643       1
  213     663       1
  213     701       1
  213     747       1
  214     485       1
  215     486       1
  216     361       1
  217     223       1
  219     334       1
  219     338       1
  219     351       1
  219     450       1
  219     613       1
  219     677       1
  219     719       1
  220     557       1
  221     534       1
  222     749       1
  223     379       1
  225     264       1
  226     353       1
  228     308       1
  228     408       1
  228     587       1
  228     734       1
  229     243       1
  229     564       1
  229     600       1
  230     489       1
  231     278       1
  231     493       1
  231     729       1
  232     782       1
  233     242       1
  234     447       1
  235     671       1
  236     322       1
  236     503       1
  237     315       1
  237     635       1
  239     516       1
  241     658       1
  242     716       1
  243     259       1
  243     317       1
  244     748       1
  245     320       1
  246     576       1
  247     493       1
  247     528       1
  248     269       1
  249     584       1
  249     779       1
  252     298       1
  252     379       1
  252     631       1
  253     375       1
  254     375       1
  254     726       1
  255     392       1
  255     514       1
  256     544       1
  257     284       1
  260     532       1
  261     678       1
  262     778       1
  264     723       1
  266     600       1
  267     531       1
  267     762       1
  268     470       1
  269     299       1
  269     576       1
  269     612       1
  270     399       1
  271     331       1
  272     446       1
  273     533       1
  275     510       1
  275     709       1
  276     453       1
  277     310       1
  277     546       1
  278     363       1
  278     498       1
  279     569       1
  280     465       1
  281     624       1
  281     675       1
  282     345       1
  282     372       1
  284     431       1
  285     322       1
  287     288       1
  287     482       1
  287     507       1
  287     575       1
  287     683       1
  289     602       1
  290     493       1
  290     763       1
  291     654       1
  291     697       1
  291     770       1
  292     622       1
  293     425       1
  295     514       1
  296     776       1
  297     550       1
  298     583       1
  300     415       1
  300     423       1
  300     430       1
  300     462       1
  300     479       1
  300     728       1
  301     457       1
  304     631       1
  304     696       1
  305     360       1
  306     562       1
  307     474       1
  308     508       1
  309     669       1
  311     530       1
  312     370       1
  312     497       1
  312     551       1
  312     674       1
  313     350       1
  313     446       1
  313     636       1
  313     756       1
  313     792       1
  313     798       1
  314     415       1
  314     585       1
  315     472       1
  316     423       1
  316     637       1
  319     416       1
  320     707       1
  321     786       1
  322     357       1
  323     600       1
  324     326       1
  324     573       1
  324     714       1
  325     382       1
  325     396       1
  325     598       1
  329     384       1
  329     568       1
  330     717       1
  331     539       1
  331     764       1
  332     461       1
  333     475       1
  335     337       1
  336     544       1
  336     581       1
  336     685       1
  336     738       1
  337     375       1
  338     548       1
  339     788       1
  340     621       1
  341     441       1
  341     468       1
  341     579       1
  342     356       1
  343     765       1
  343     780       1
  344     697       1
  346     395       1
  348     481       1
  349     682       1
  350     490       1
  352     531       1
  354     403       1
  355     401       1
  355     402       1
  355     470       1
  356     738       1
  357     640       1
  360     373       1
  360     727       1
  361     458       1
  361     711       1
  362     709       1
  365     418       1
  365     661       1
  366     554       1
  366     592       1
  366     614       1
  366     639       1
  367     468       1
  367     542       1
  368     544       1
  368     653       1
  369     458       1
  369     766       1
  371     376       1
  371     687       1
  373     793       1
  377     669       1
  377     798       1
  378     516       1
  378     786       1
  379     539       1
  379     691       1
  379     800       1
  380     577       1
  382     529       1
  382     541       1
  382     557       1
  382     638       1
  382     652       1
  385     558       1
  387     592       1
  388     600       1
  389     497       1
  390     769       1
  391     420       1
  393     649       1
  393     673       1
  393     784       1
  397     521       1
  397     799       1
  398     740       1
  399     407       1
  401     729       1
  401     746       1
  402     493       1
  403     678       1
  404     786       1
  405     549       1
  407     587       1
  409     546       1
  409     593       1
  411     657       1
  413     419       1
  415     524       1
  416     585       1
  416     709       1
  419     502       1
  419     756       1
  419     780       1
  420     675       1
  420     690       1
  422     627       1
  423     701       1
  423     730       1
  423     798       1
  424     498       1
  425     536       1
  427     602       1
  428     772       1
  429     517       1
  429     741       1
  430     457       1
  430     476       1
  431     554       1
  431     737       1
  433     446       1
  433     647       1
  434     616       1
  434     655       1
  435     458       1
  435     625       1
  436     710       1
  436     723       1
  437     457       1
  438     594       1
  438     745       1
  439     712       1
  442     602       1
  443     704       1
  444     488       1
  445     606       1
  445     735       1
  448     573       1
  448     735       1
  449     491       1
  454     550       1
  454     797       1
  455     543       1
  456     586       1
  457     472       1
  458     520       1
  459     495       1
  459     776       1
  460     497       1
  460     718       1
  463     585       1
  466     636       1
  466     747       1
  466     749       1
  467     506       1
  467     699       1
  470     630       1
  471     719       1
  473     693       1
  474     784       1
  476     715       1
  477     480       1
  480     509       1
  480     788       1
  481     514       1
  482     504       1
  482     712       1
  484     680       1
  484     785       1
  485     557       1
  486     572       1
  487     522       1
  488     671       1
  489     559       1
  491     576       1
  492     583       1
  492     733       1
  493     701       1
  495     761       1
  496     555       1
  496     638       1
  497     611       1
  499     632       1
  500     776       1
  501     686       1
  507     566       1
  507     772       1
  508     761       1
  510     596       1
  512     603       1
  515     665       1
  515     680       1
  522     576       1
  525     600       1
  527     680       1
  530     686       1
  531     627       1
  532     548       1
  532     692       1
  535     607       1
  535     747       1
  537     581       1
  538     550       1
  539     725       1
  540     629       1
  541     567       1
  543     796       1
  544     731       1
  545     550       1
  546     619       1
  546     679       1
  547     664       1
  547     793       1
  549     585       1
  550     565       1
  552     791       1
  554     580       1
  554     774       1
  556     591       1
  559     718       1
  560     662       1
  562     713       1
  563     581       1
  567     749       1
  568     588       1
  569     622       1
  570     646       1
  571     754       1
  571     771       1
  572     798       1
  574     742       1
  576     655       1
  579     625       1
  581     717       1
  582     728       1
  585     623       1
  588     728       1
  589     786       1
  591     665       1
  597     711       1
  599     721       1
  599     747       1
  599     796       1
  600     603       1
  602     788       1
  603     748       1
  603     777       1
  604     718       1
  604     736       1
  605     641       1
  608     684       1
  609     711       1
  610     736       1
  618     732       1
  618     768       1
  622     700       1
  626     737       1
  627     683       1
  628     744       1
  629     695       1
  629     722       1
  629     749       1
  631     678       1
  633     793       1
  636     644       1
  636     646       1
  636     683       1
  636     690       1
  639     699       1
  639     757       1
  639     768       1
  642     721       1
  648     673       1
  650     788       1
  653     682       1
  654     675       1
  655     684       1
  656     718       1
  662     786       1
  667     789       1
  670     736       1
  673     686       1
  679     772       1
  680     701       1
  683     766       1
  687     798       1
  689     708       1
  692     703       1
  705     718       1
  710     735       1
  710     787       1
  719     782       1
  733     753       1
  735     747       1
  737     795       1
  743     750       1
  752     796       1
