  800     842
    1     685       1
    2     580       1
    3     556       1
    4     219       1
    4     757       1
    5     415       1
    5     772       1
    6     763       1
    7     163       1
    7     601       1
    8     398       1
    9      91       1
   10     452       1
   11     164       1
   12     314       1
   12     780       1
   13     753       1
   14      64       1
   14     213       1
   15     393       1
   16     322       1
   16     704       1
   17     124       1
   18     273       1
   19      92       1
   19     148       1
   19     279       1
   19     432       1
   20     234       1
   21     304       1
   21     354       1
   22     303       1
   22     607       1
   22     686       1
   22     688       1
   23     566       1
   24     415       1
   24     485       1
   25     211       1
   25     252       1
   25     285       1
   25     335       1
   26     197       1
   26     400       1
   27     603       1
   28      91       1
   28     385       1
   28     614       1
   28     741       1
   29      44       1
   30     274       1
   31      96       1
   31     288       1
   31     386       1
   31     568       1
   31     624       1
   31     665       1
   32     241       1
   32     264       1
   32     398       1
   33     219       1
   34     294       1
   35     414       1
   36     222       1
   36     389       1
   37     643       1
   38     398       1
   39     109       1
   39     523       1
   39     666       1
   40     357       1
   41     183       1
   41     334       1
   42     133       1
   42     325       1
   43     683       1
   44     175       1
   44     786       1
   45      84       1
   45     324       1
   46     155       1
   46     568       1
   47     489       1
   47     696       1
   48     200       1
   48     343       1
   48     656       1
   49     463       1
   49     539       1
   50     510       1
   51     691       1
   52     326       1
   53     526       1
   53     648       1
   54     158       1
   54     744       1
   55     213       1
   55     626       1
   55     690       1
   56     678       1
   57     386       1
   58     697       1
   59      67       1
   59     340       1
   60     243       1
   61     349       1
   61     730       1
   62     110       1
   62     556       1
   63     544       1
   65     388       1
   66     644       1
   68     533       1
   68     653       1
   68     691       1
   69     638       1
   69     665       1
   70     300       1
   70     429       1
   71     428       1
   71     453       1
   72     448       1
   73     446       1
   73     693       1
   74     245       1
   74     294       1
   74     527       1
   74     697       1
   75     176       1
   76     571       1
   77     298       1
   78     648       1
   79     556       1
   80     191       1
   80     450       1
   80     623       1
   80     636       1
   81     480       1
   82     103       1
   82     255       1
   82     269       1
   83     144       1
   85     200       1
   86     281       1
   86     568       1
   87     454       1
   88     235       1
   88     305       1
   89     469       1
   90     166       1
   91     217       1
   91     732       1
   91     763       1
   92     246       1
   92     478       1
   92     715       1
   92     746       1
   93     161       1
   93     233       1
   94     545       1
   95     161       1
   96     296       1
   97     208       1
   97     372       1
   97     523       1
   97     686       1
   98     326       1
   98     424       1
   98     782       1
   99     481       1
  100     436       1
  101     379       1
  102     251       1
  102     256       1
  104     248       1
  105     535       1
  105     581       1
  106     638       1
  107     234       1
  107     254       1
  108     322       1
  109     145       1
  111     481       1
  112     692       1
  113     324       1
  114     754       1
  114     768       1
  115     501       1
  115     507       1
  115     712       1
  115     718       1
  116     167       1
  116     521       1
  117     337       1
  118     234       1
  118     679       1
  119     323       1
  120     539       1
  121     246       1
  122     541       1
  122     723       1
  123     573       1
  123     653       1
  124     317       1
  124     341       1
  124     480       1
  124     654       1
  125     618       1
  125     640       1
  125     691       1
  125     750       1
  126     317       1
  126     572       1
  127     744       1
  128     136       1
  128     248       1
  128     551       1
  128     593       1
  129     150       1
  129     262       1
  130     318       1
  130     429       1
  130     692       1
  130     761       1
  131     195       1
  132     317       1
  134     492       1
  134     584       1
  135     342       1
  135     790       1
  136     367       1
  137     414       1
  138     270       1
  138     732       1
  139     733       1
  139     770       1
  140     317       1
  141     636       1
  142     713       1
  143     733       1
  144     229       1
  144     533       1
  144     578       1
  145     445       1
  146     169       1
  146     340       1
  146     388       1
  147     429       1
  147     490       1
  148     428       1
  149     155       1
  149     211       1
  149     428       1
  149     519       1
  150     206       1
  151     470       1
  152     602       1
  153     197       1
  154     208       1
  155     738       1
  156     478       1
  157     488       1
  157     519       1
  157     574       1
  157     664       1
  158     386       1
  158     437       1
  158     726       1
  159     503       1
  160     480       1
  161     637       1
  161     675       1
  161     705       1
  162     255       1
  163     265       1
  163     282       1
  163     352       1
  163     394       1
  164     178       1
  164     313       1
  165     364       1
  165     396       1
  165     621       1
  166     774       1
  167     544       1
  168     200       1
  169     351       1
  169     353       1
  169     652       1
  169     783       1
  169     797       1
  170     231       1
  170     757       1
  171     691       1
  172     370       1
  173     489       1
  174     458       1
  174     570       1
  174     665       1
  175     276       1
  175     420       1
  175     478       1
  175     496       1
  176     210       1
  176     646       1
  177     584       1
  179     212       1
  179     528       1
  179     719       1
  180     196       1
  180     711       1
  181     362       1
  182     453       1
  183     202       1
  183     290       1
  183     307       1
  183     397       1
  183     660       1
  184     543       1
  184     703       1
  185     356       1
  186     639       1
  187     232       1
  187     291       1
  187     368       1
  187     489       1
  187     670       1
  187     754       1
  188     305       1
  188     332       1
  188     359       1
  189     382       1
  189     722       1
  190     463       1
  190     615       1
  190     624       1
  191     660       1
  192     364       1
  193     518       1
  194     774       1
  195     261       1
  195     716       1
  197     590       1
  197     622       1
  197     763       1
  198     549       1
  198     617       1
  199     370       1
  200     255       1
  200     470       1
  200     480       1
  201     316       1
  203     495       1
  203     516       1
  203     666       1
  204     373       1
  204     465       1
  204     478       1
  204     480       1
  205     451       1
  206     225       1
  206     759       1
  207     536       1
  208     322       1
  208     375       1
  208     474       1
  208     488       1
  209     307       1
  209     681       1
  210     312       1
  210     678       1
  211     217       1
  211     530       1
  211     567       1
  211     588       1
  211     735       1
  214     536       1
  215     423       1
  216     258       1
  216     265       1
  216     558       1
  217     372       1
  217     425       1
  217     509       1
  217     526       1
  218     350       1
  218     582       1
  219     277       1
  220     469       1
  221     265       1
  222     703       1
  223     456       1
  223     560       1
  223     643       1
  223     660       1
  223     714       1
  224     761       1
  225     370       1
  225     660       1
  225     748       1
  226     299       1
  226     623       1
  227     307       1
  227     419       1
  227     661       1
  228     529       1
  229     283       1
  229     710       1
  230     482       1
  230     719       1
  232     499       1
  234     247       1
  234     324       1
  234     436       1
  234     790       1
  235     401       1
  236     513       1
  237     535       1
  237     575       1
  238     300       1
  239     373       1
  240     686       1
  241     611       1
  242     660       1
  243     342       1
  244     536       1
  244     606       1
  244     676       1
  244     779       1
  247     448       1
  248     759       1
  248     781       1
  249     678       1
  250     259       1
  250     376       1
  250     655       1
  253     378       1
  253     671       1
  253     780       1
  254     602       1
  255     742       1
  256     442       1
  257     711       1
  258     647       1
  260     329       1
  260     455       1
  260     494       1
  260     594       1
  261     343       1
  261     434       1
  261     481       1
  261     613       1
  261     690       1
  262     690       1
  263     451       1
  263     479       1
  265     552       1
  266     667       1
  267     682       1
  268     732       1
  269     431       1
  270     775       1
  271     426       1
  271     513       1
  271     541       1
  271     747       1
  272     293       1
  273     582       1
  274     443       1
  275     489       1
  276     745       1
  277     338       1
  278     557       1
  278     765       1
  280     465       1
  281     566       1
  281     734       1
  284     750       1
  285     309       1
  286     548       1
  287     426       1
  289     403       1
  289     408       1
  289     728       1
  290     548       1
  290     565       1
  292     352       1
  293     693       1
  295     677       1
  297     298       1
  298     412       1
  298     430       1
  298     658       1
  299     466       1
  301     354       1
  301     441       1
  302     465       1
  302     532       1
  302     721       1
  305     638       1
  305     683       1
  306     505       1
  306     612       1
  306     682       1
  306     767       1
  306     788       1
  308     362       1
  308     600       1
  310     666       1
  311     420       1
  313     342       1
  313     439       1
  313     684       1
  314     409       1
  315     414       1
  316     441       1
  316     452       1
  317     333       1
  317     494       1
  317     514       1
  317     531       1
  319     564       1
  320     324       1
  321     742       1
  322     596       1
  323     459       1
  323     643       1
  325     388       1
  327     550       1
  328     674       1
  328     740       1
  329     349       1
  330     371       1
  331     588       1
  331     597       1
  332     636       1
  334     644       1
  336     757       1
  337     790       1
  339     475       1
  340     410       1
  340     650       1
  342     429       1
  342     639       1
  342     660       1
  342     661       1
  342     698       1
  344     688       1
  345     435       1
  345     691       1
  345     786       1
  346     372       1
  347     416       1
  347     465       1
  348     719       1
  349     698       1
  350     409       1
  350     689       1
  351     361       1
  351     463       1
  351     473       1
  352     443       1
  352     489       1
  352     660       1
  353     504       1
  355     392       1
  355     530       1
  356     388       1
  356     429       1
  356     591       1
  356     672       1
  357     723       1
  358     595       1
  360     793       1
  361     642       1
  362     715       1
  363     541       1
  364     541       1
  364     693       1
  365     373       1
  366     391       1
  368     605       1
  369     532       1
  369     579       1
  369     662       1
  369     766       1
  371     624       1
  372     452       1
  372     475       1
  372     634       1
  372     762       1
  374     743       1
  377     380       1
  377     465       1
  379     489       1
  380     442       1
  381     744       1
  381     755       1
  382     570       1
  382     636       1
  382     644       1
  382     657       1
  382     734       1
  383     493       1
  383     727       1
  383     777       1
  384     425       1
  386     403       1
  386     545       1
  387     651       1
  390     729       1
  391     701       1
  393     498       1
  393     620       1
  393     634       1
  394     557       1
  394     785       1
  395     737       1
  397     413       1
  397     701       1
  398     478       1
  398     717       1
  399     652       1
  402     726       1
  404     471       1
  404     550       1
  405     586       1
  405     688       1
  406     632       1
  407     442       1
  409     436       1
  409     629       1
  409     693       1
  409     751       1
  409     758       1
  411     800       1
  412     484       1
  413     772       1
  414     525       1
  414     630       1
  415     588       1
  416     663       1
  416     703       1
  417     771       1
  418     706       1
  421     433       1
  421     489       1
  422     588       1
  422     678       1
  422     799       1
  423     558       1
  424     750       1
  425     595       1
  425     669       1
  425     681       1
  426     500       1
  427     518       1
  427     798       1
  429     533       1
  429     538       1
  432     449       1
  433     786       1
  435     731       1
  436     561       1
  436     711       1
  437     607       1
  438     734       1
  439     641       1
  440     660       1
  441     596       1
  441     641       1
  443     482       1
  443     503       1
  443     598       1
  444     718       1
  445     480       1
  447     797       1
  452     478       1
  452     576       1
  452     665       1
  454     759       1
  456     512       1
  457     692       1
  458     610       1
  460     608       1
  461     660       1
  462     591       1
  464     678       1
  465     708       1
  465     720       1
  467     687       1
  468     579       1
  469     750       1
  470     784       1
  471     510       1
  471     531       1
  471     748       1
  472     715       1
  475     493       1
  476     616       1
  477     551       1
  479     691       1
  480     712       1
  481     659       1
  483     576       1
  483     798       1
  484     587       1
  484     603       1
  486     522       1
  487     628       1
  487     645       1
  487     790       1
  488     793       1
  491     670       1
  492     636       1
  493     630       1
  493     773       1
  496     668       1
  497     504       1
  497     533       1
  497     577       1
  502     674       1
  503     671       1
  503     707       1
  505     673       1
  506     657       1
  508     675       1
  511     565       1
  513     627       1
  513     756       1
  515     712       1
  516     554       1
  517     561       1
  517     638       1
  518     694       1
  520     776       1
  521     642       1
  522     715       1
  523     562       1
  524     717       1
  527     535       1
  527     760       1
  528     616       1
  529     665       1
  530     733       1
  532     677       1
  533     583       1
  533     709       1
  534     777       1
  534     792       1
  535     560       1
  536     643       1
  537     698       1
  537     796       1
  540     587       1
  541     691       1
  542     607       1
  545     608       1
  546     775       1
  547     795       1
  548     563       1
  549     638       1
  553     642       1
  555     588       1
  556     636       1
  558     665       1
  559     742       1
  564     800       1
  568     778       1
  569     643       1
  571     711       1
  572     721       1
  573     797       1
  575     665       1
  579     749       1
  580     608       1
  580     616       1
  583     604       1
  583     775       1
  585     778       1
  587     639       1
  587     667       1
  587     702       1
  589     723       1
  592     766       1
  594     688       1
  595     635       1
  597     781       1
  599     684       1
  605     673       1
  609     639       1
  612     649       1
  615     797       1
  618     680       1
  619     733       1
  625     684       1
  629     782       1
  631     716       1
  632     781       1
  633     638       1
  633     720       1
  634     674       1
  636     670       1
  637     686       1
  638     775       1
  639     729       1
  651     685       1
  652     789       1
  655     763       1
  655     767       1
  655     794       1
  659     700       1
  660     665       1
  673     759       1
  673     791       1
  678     736       1
  683     709       1
  685     720       1
  686     800       1
  687     800       1
  692     724       1
  692     795       1
  695     764       1
  698     711       1
  698     771       1
  698     774       1
  699     781       1
  706     719       1
  706     737       1
  711     757       1
  713     750       1
  713     764       1
  714     725       1
  719     763       1
  723     739       1
  724     753       1
  743     800       1
  752     772       1
  753     776       1
  769     782       1
  774     780       1
  787     789       1
