  100     114
    1      58       1
    1      59       1
    2      55       1
    2      57       1
    3      12       1
    3      15       1
    3      47       1
    3      62       1
    3      81       1
    3      84       1
    4      28       1
    5      28       1
    5      42       1
    5      53       1
    5      68       1
    6      11       1
    6      37       1
    7      78       1
    8      95       1
    9      91       1
   10      95       1
   11      54       1
   11      77       1
   11      95       1
   12      29       1
   12      91       1
   12      95       1
   13      22       1
   13      32       1
   13      40       1
   14      37       1
   14      53       1
   15      90       1
   16      64       1
   17      24       1
   17      52       1
   17      72       1
   18      26       1
   19      20       1
   19      57       1
   20      60       1
   20      63       1
   20      81       1
   21      86       1
   22      35       1
   22      38       1
   22      62       1
   22      69       1
   22      78       1
   22      86       1
   23      63       1
   23      65       1
   25      55       1
   25      90       1
   26      62       1
   26      92       1
   27      69       1
   29      42       1
   29      75       1
   30      70       1
   31      35       1
   31      44       1
   31      92       1
   33      35       1
   34      63       1
   34      73       1
   34      89       1
   35      63       1
   35      95       1
   35      98       1
   36      37       1
   36      47       1
   36      93       1
   37      61       1
   37      87       1
   37      96       1
   38      47       1
   39      47       1
   41      53       1
   41      55       1
   43      91       1
   45      63       1
   45      64       1
   46      86       1
   48      75       1
   49      65       1
   49      86       1
   49     100       1
   50      83       1
   51      72       1
   52      64       1
   53      67       1
   55      95       1
   56      92       1
   56      93       1
   57      70       1
   59      78       1
   61      84       1
   62      76       1
   62      83       1
   65      88       1
   66      78       1
   69      72       1
   71      79       1
   72      94       1
   74      85       1
   78      79       1
   78      80       1
   81      87       1
   82      84       1
   82      95       1
   83      85       1
   94      97       1
   98      99       1
