  700     739
    1     521       1
    1     698       1
    2      38       1
    2      68       1
    2     324       1
    3      33       1
    4     261       1
    5     190       1
    5     678       1
    5     697       1
    6     101       1
    6     114       1
    6     224       1
    6     235       1
    6     245       1
    6     493       1
    6     513       1
    7     352       1
    8     395       1
    9      43       1
    9     391       1
   10     152       1
   10     622       1
   11     335       1
   11     683       1
   12      70       1
   12     145       1
   12     174       1
   12     375       1
   12     553       1
   13      20       1
   13      30       1
   13      38       1
   13      65       1
   13      77       1
   13     228       1
   13     446       1
   13     530       1
   13     662       1
   14     672       1
   15     224       1
   16     225       1
   16     692       1
   17      30       1
   17     249       1
   17     299       1
   17     498       1
   17     564       1
   18     528       1
   19     657       1
   19     685       1
   20     187       1
   20     206       1
   20     435       1
   20     495       1
   20     499       1
   21      46       1
   21     497       1
   22     240       1
   23      95       1
   23     289       1
   23     307       1
   24     112       1
   25     682       1
   26      69       1
   26     346       1
   27     526       1
   27     539       1
   28     476       1
   29      32       1
   29     461       1
   29     513       1
   30      40       1
   30      74       1
   30     202       1
   30     236       1
   30     298       1
   30     313       1
   30     519       1
   30     550       1
   31     265       1
   32     298       1
   33      55       1
   33     369       1
   33     690       1
   34     540       1
   34     682       1
   35     289       1
   35     478       1
   36     378       1
   36     460       1
   36     696       1
   37      53       1
   38      89       1
   38     122       1
   38     128       1
   38     134       1
   38     163       1
   38     436       1
   38     456       1
   38     476       1
   38     557       1
   38     651       1
   39     515       1
   41     239       1
   41     459       1
   41     541       1
   42     261       1
   44     114       1
   44     301       1
   45      71       1
   46     498       1
   47     655       1
   48      71       1
   48     181       1
   48     422       1
   49     679       1
   50     501       1
   50     520       1
   50     581       1
   50     610       1
   51     289       1
   51     383       1
   51     483       1
   52     655       1
   53     353       1
   53     650       1
   54     242       1
   55     318       1
   55     395       1
   55     675       1
   56     677       1
   57     267       1
   58     313       1
   58     670       1
   59     227       1
   59     268       1
   59     564       1
   60     329       1
   60     436       1
   60     603       1
   61     160       1
   61     215       1
   62     523       1
   62     691       1
   63     357       1
   64      78       1
   64     317       1
   65     175       1
   65     226       1
   66     352       1
   67     366       1
   67     411       1
   67     600       1
   68     312       1
   68     430       1
   68     485       1
   68     502       1
   69     139       1
   69     177       1
   69     630       1
   70     699       1
   72     188       1
   72     308       1
   73     681       1
   75     367       1
   75     372       1
   75     507       1
   76     233       1
   78     136       1
   78     443       1
   79     498       1
   80     403       1
   80     430       1
   80     432       1
   81     442       1
   81     564       1
   81     565       1
   81     608       1
   82     175       1
   83      87       1
   83     231       1
   83     332       1
   83     621       1
   84     308       1
   85     265       1
   85     440       1
   86     521       1
   88     119       1
   88     485       1
   88     597       1
   88     612       1
   89     280       1
   89     291       1
   89     314       1
   89     567       1
   90     223       1
   90     533       1
   91     110       1
   91     145       1
   92      98       1
   92     411       1
   92     687       1
   92     694       1
   92     700       1
   93     445       1
   93     661       1
   94     138       1
   94     446       1
   96     232       1
   96     366       1
   97     145       1
   97     222       1
   97     278       1
   97     312       1
   97     649       1
   98     381       1
   98     585       1
   99     271       1
   99     546       1
  100     470       1
  102     491       1
  103     128       1
  103     262       1
  103     602       1
  104     149       1
  104     202       1
  104     396       1
  104     515       1
  105     587       1
  106     650       1
  107     612       1
  108     186       1
  108     389       1
  109     201       1
  110     281       1
  110     567       1
  111     146       1
  112     502       1
  113     485       1
  113     625       1
  114     352       1
  115     683       1
  116     277       1
  116     402       1
  117     219       1
  118     379       1
  119     405       1
  119     663       1
  120     311       1
  120     606       1
  121     172       1
  121     424       1
  121     453       1
  122     323       1
  122     406       1
  123     237       1
  123     337       1
  123     476       1
  123     677       1
  124     251       1
  125     453       1
  125     661       1
  126     159       1
  126     168       1
  126     571       1
  127     657       1
  129     519       1
  129     524       1
  129     614       1
  130     684       1
  131     168       1
  131     331       1
  131     659       1
  132     245       1
  132     282       1
  132     299       1
  132     335       1
  132     391       1
  132     598       1
  132     611       1
  133     281       1
  133     694       1
  134     246       1
  134     288       1
  134     453       1
  134     523       1
  135     422       1
  136     680       1
  137     383       1
  139     443       1
  140     566       1
  141     142       1
  142     605       1
  142     659       1
  143     446       1
  144     225       1
  144     365       1
  146     263       1
  146     446       1
  146     642       1
  147     510       1
  148     312       1
  150     197       1
  150     326       1
  150     698       1
  151     170       1
  153     324       1
  154     254       1
  154     308       1
  154     422       1
  154     430       1
  154     629       1
  154     689       1
  155     187       1
  155     467       1
  156     166       1
  156     626       1
  156     633       1
  157     287       1
  157     397       1
  158     180       1
  158     267       1
  159     221       1
  161     519       1
  162     391       1
  162     644       1
  163     622       1
  164     305       1
  164     391       1
  165     637       1
  167     197       1
  167     368       1
  168     273       1
  169     567       1
  170     488       1
  171     319       1
  173     337       1
  175     371       1
  175     588       1
  176     245       1
  178     341       1
  179     459       1
  179     548       1
  182     601       1
  183     197       1
  183     266       1
  184     346       1
  184     603       1
  184     681       1
  185     258       1
  186     280       1
  186     300       1
  186     626       1
  188     270       1
  188     413       1
  189     261       1
  189     557       1
  191     629       1
  192     281       1
  192     615       1
  193     490       1
  194     399       1
  194     537       1
  194     662       1
  195     411       1
  196     558       1
  196     692       1
  196     697       1
  197     313       1
  198     652       1
  199     496       1
  200     383       1
  201     274       1
  201     309       1
  201     377       1
  201     449       1
  201     610       1
  201     651       1
  202     207       1
  202     340       1
  202     358       1
  202     429       1
  202     657       1
  203     549       1
  203     636       1
  204     328       1
  204     351       1
  204     373       1
  204     420       1
  205     240       1
  206     444       1
  208     339       1
  209     220       1
  209     433       1
  209     485       1
  210     632       1
  211     668       1
  212     300       1
  213     295       1
  213     641       1
  214     595       1
  215     300       1
  216     275       1
  216     336       1
  217     223       1
  217     572       1
  217     586       1
  218     619       1
  219     343       1
  219     391       1
  220     241       1
  220     466       1
  221     243       1
  221     285       1
  221     567       1
  222     543       1
  227     563       1
  228     511       1
  229     532       1
  230     368       1
  231     267       1
  232     449       1
  233     260       1
  233     270       1
  233     678       1
  234     669       1
  235     392       1
  238     490       1
  239     324       1
  239     362       1
  240     430       1
  241     555       1
  242     697       1
  244     315       1
  244     355       1
  245     341       1
  245     471       1
  245     505       1
  246     247       1
  246     412       1
  246     469       1
  246     660       1
  248     590       1
  249     515       1
  249     537       1
  250     411       1
  250     669       1
  251     279       1
  251     356       1
  252     331       1
  252     544       1
  253     478       1
  254     437       1
  255     259       1
  256     299       1
  257     508       1
  258     383       1
  258     628       1
  259     422       1
  259     652       1
  261     342       1
  261     607       1
  262     393       1
  262     480       1
  263     290       1
  264     592       1
  265     631       1
  267     489       1
  267     534       1
  267     658       1
  268     560       1
  268     611       1
  269     348       1
  272     559       1
  275     430       1
  275     482       1
  276     425       1
  277     304       1
  277     658       1
  278     675       1
  279     292       1
  279     298       1
  279     350       1
  280     292       1
  280     299       1
  280     609       1
  280     645       1
  283     554       1
  284     489       1
  285     360       1
  286     351       1
  288     604       1
  291     558       1
  291     575       1
  291     655       1
  293     347       1
  293     440       1
  293     523       1
  294     499       1
  295     316       1
  296     514       1
  296     544       1
  297     355       1
  297     374       1
  299     470       1
  302     324       1
  302     448       1
  303     386       1
  303     546       1
  303     558       1
  306     308       1
  307     620       1
  308     455       1
  310     406       1
  311     651       1
  317     517       1
  317     626       1
  317     632       1
  319     432       1
  320     577       1
  321     579       1
  322     572       1
  324     473       1
  324     526       1
  324     554       1
  325     456       1
  327     335       1
  329     406       1
  330     487       1
  332     361       1
  333     536       1
  334     408       1
  335     538       1
  335     544       1
  335     627       1
  338     391       1
  339     446       1
  339     654       1
  340     345       1
  342     383       1
  342     653       1
  342     658       1
  344     397       1
  348     351       1
  348     610       1
  349     536       1
  350     568       1
  351     530       1
  354     460       1
  356     442       1
  356     647       1
  357     438       1
  359     648       1
  359     665       1
  361     605       1
  362     688       1
  363     650       1
  364     417       1
  364     485       1
  364     509       1
  364     593       1
  365     485       1
  365     667       1
  369     549       1
  369     562       1
  370     655       1
  371     672       1
  372     421       1
  374     659       1
  376     406       1
  376     407       1
  376     415       1
  376     458       1
  376     573       1
  379     476       1
  380     510       1
  381     404       1
  381     552       1
  382     622       1
  383     443       1
  383     445       1
  384     588       1
  385     490       1
  387     417       1
  388     655       1
  390     480       1
  390     496       1
  394     519       1
  395     430       1
  397     490       1
  398     535       1
  400     656       1
  401     664       1
  402     566       1
  406     510       1
  408     507       1
  409     434       1
  409     523       1
  409     551       1
  410     474       1
  411     532       1
  413     522       1
  413     583       1
  414     493       1
  415     573       1
  416     521       1
  418     558       1
  419     440       1
  419     664       1
  419     679       1
  421     495       1
  422     487       1
  422     587       1
  423     622       1
  425     651       1
  426     514       1
  427     552       1
  428     462       1
  428     669       1
  429     516       1
  429     559       1
  431     460       1
  432     451       1
  433     464       1
  436     556       1
  438     463       1
  438     564       1
  438     636       1
  439     505       1
  439     625       1
  441     517       1
  447     687       1
  450     476       1
  450     571       1
  452     634       1
  453     454       1
  453     490       1
  454     569       1
  454     641       1
  457     517       1
  459     589       1
  460     477       1
  460     658       1
  460     693       1
  465     513       1
  466     540       1
  468     633       1
  469     580       1
  470     512       1
  472     629       1
  472     639       1
  472     656       1
  474     487       1
  474     590       1
  475     510       1
  476     535       1
  477     630       1
  479     588       1
  481     494       1
  481     577       1
  481     655       1
  481     665       1
  482     500       1
  483     525       1
  484     546       1
  485     508       1
  486     627       1
  487     586       1
  487     623       1
  488     638       1
  488     684       1
  491     645       1
  492     696       1
  494     674       1
  496     650       1
  503     652       1
  504     507       1
  506     567       1
  507     567       1
  507     624       1
  507     646       1
  508     617       1
  513     617       1
  515     527       1
  517     562       1
  518     550       1
  519     536       1
  521     558       1
  523     687       1
  528     657       1
  529     640       1
  530     618       1
  530     643       1
  530     650       1
  531     554       1
  535     690       1
  536     640       1
  536     695       1
  539     585       1
  540     572       1
  540     671       1
  542     661       1
  545     652       1
  546     676       1
  547     634       1
  547     667       1
  549     613       1
  554     595       1
  561     667       1
  562     587       1
  567     581       1
  570     675       1
  574     673       1
  576     660       1
  578     589       1
  579     615       1
  581     658       1
  582     670       1
  584     595       1
  586     592       1
  591     632       1
  592     659       1
  594     629       1
  596     692       1
  599     659       1
  601     610       1
  602     627       1
  609     673       1
  615     650       1
  616     688       1
  619     645       1
  635     651       1
  637     672       1
  640     684       1
  651     686       1
  655     666       1
  657     668       1
  658     682       1
