  300     326
    1      35       1
    1      70       1
    1      80       1
    2     234       1
    3      63       1
    3      77       1
    3      82       1
    3     156       1
    3     176       1
    3     182       1
    3     276       1
    4     207       1
    4     275       1
    5     129       1
    6      38       1
    6     104       1
    6     105       1
    6     117       1
    6     152       1
    7     140       1
    8     249       1
    9      21       1
    9     291       1
   10      18       1
   11     139       1
   11     271       1
   12      23       1
   12      58       1
   12      86       1
   13      17       1
   14     212       1
   14     227       1
   14     240       1
   14     270       1
   15      60       1
   15     268       1
   16     237       1
   17      87       1
   17     191       1
   18     173       1
   19     152       1
   19     171       1
   19     255       1
   20      93       1
   21     158       1
   21     209       1
   22      77       1
   22     233       1
   24      59       1
   24     246       1
   24     261       1
   24     263       1
   25      84       1
   26      67       1
   26     288       1
   27     159       1
   28      97       1
   28     203       1
   29      69       1
   29     288       1
   30      62       1
   30      68       1
   30     147       1
   30     209       1
   31     242       1
   32     237       1
   33      94       1
   33     123       1
   34      70       1
   36      94       1
   36     207       1
   36     283       1
   37      47       1
   37     156       1
   37     224       1
   38     108       1
   38     112       1
   38     222       1
   39     133       1
   40     174       1
   41     238       1
   42      56       1
   42     143       1
   43     143       1
   43     222       1
   44     115       1
   44     141       1
   45     234       1
   45     294       1
   46     189       1
   47      54       1
   47     101       1
   47     247       1
   48     138       1
   49     176       1
   50     175       1
   50     232       1
   51     149       1
   51     208       1
   51     253       1
   52     164       1
   53     210       1
   54     288       1
   55     129       1
   55     226       1
   55     296       1
   57     160       1
   58     299       1
   59     241       1
   61      70       1
   61     256       1
   63     111       1
   63     137       1
   63     154       1
   63     199       1
   64     258       1
   65     184       1
   66     121       1
   66     153       1
   66     200       1
   66     205       1
   68      89       1
   69     156       1
   69     166       1
   70     114       1
   70     143       1
   70     150       1
   70     237       1
   70     238       1
   70     258       1
   70     279       1
   71     142       1
   72     112       1
   72     234       1
   72     293       1
   73     230       1
   74     201       1
   75     112       1
   76      96       1
   77     104       1
   77     191       1
   77     264       1
   78     115       1
   78     139       1
   79     192       1
   79     285       1
   81     115       1
   83      85       1
   83      89       1
   83     239       1
   84     124       1
   86     184       1
   86     276       1
   86     289       1
   86     290       1
   87     169       1
   88     247       1
   89     119       1
   89     164       1
   89     182       1
   89     300       1
   90     109       1
   90     150       1
   91     174       1
   91     227       1
   92     169       1
   93     165       1
   93     169       1
   94     131       1
   94     148       1
   94     246       1
   94     264       1
   95     209       1
   96     206       1
   96     254       1
   96     287       1
   97     164       1
   98     102       1
   98     286       1
   99     134       1
   99     163       1
  100     167       1
  103     115       1
  103     217       1
  103     272       1
  104     179       1
  104     185       1
  104     256       1
  105     214       1
  106     179       1
  107     189       1
  108     252       1
  110     227       1
  113     143       1
  115     156       1
  116     239       1
  117     178       1
  117     183       1
  117     209       1
  118     232       1
  119     191       1
  120     267       1
  121     235       1
  122     138       1
  124     214       1
  125     132       1
  125     138       1
  125     147       1
  125     218       1
  126     144       1
  126     179       1
  126     248       1
  126     286       1
  127     296       1
  128     203       1
  129     163       1
  129     191       1
  129     207       1
  130     156       1
  130     162       1
  131     165       1
  131     280       1
  132     209       1
  133     190       1
  134     243       1
  135     177       1
  136     249       1
  136     281       1
  138     151       1
  138     183       1
  138     189       1
  139     220       1
  139     231       1
  140     151       1
  142     229       1
  142     275       1
  143     173       1
  143     247       1
  145     252       1
  146     179       1
  148     288       1
  149     300       1
  152     271       1
  153     221       1
  155     174       1
  157     287       1
  158     216       1
  159     249       1
  160     183       1
  161     210       1
  161     291       1
  164     225       1
  166     257       1
  166     275       1
  167     244       1
  167     259       1
  168     180       1
  168     227       1
  169     198       1
  169     215       1
  170     265       1
  172     234       1
  172     264       1
  176     197       1
  177     241       1
  177     268       1
  177     284       1
  178     186       1
  180     244       1
  181     285       1
  183     202       1
  185     267       1
  186     223       1
  186     276       1
  187     267       1
  187     273       1
  188     286       1
  190     209       1
  190     213       1
  190     249       1
  191     205       1
  191     262       1
  191     268       1
  192     249       1
  192     274       1
  193     291       1
  194     202       1
  194     269       1
  195     288       1
  196     265       1
  196     267       1
  199     278       1
  201     210       1
  202     205       1
  204     284       1
  204     299       1
  205     228       1
  207     273       1
  209     287       1
  210     267       1
  210     285       1
  210     295       1
  211     276       1
  215     277       1
  219     232       1
  219     269       1
  224     275       1
  224     295       1
  225     297       1
  227     232       1
  227     262       1
  229     261       1
  229     266       1
  230     232       1
  232     298       1
  233     236       1
  236     245       1
  242     264       1
  250     264       1
  251     288       1
  253     268       1
  255     271       1
  255     294       1
  260     295       1
  268     282       1
  276     292       1
