   50      61
    1       9       1
    1      16       1
    1      37       1
    2      35       1
    2      36       1
    3      19       1
    4      11       1
    4      32       1
    5      35       1
    5      47       1
    6      29       1
    6      43       1
    6      46       1
    7      17       1
    7      18       1
    7      43       1
    8      13       1
    8      28       1
    8      31       1
    8      45       1
    9      18       1
    9      42       1
   10      33       1
   12      22       1
   12      25       1
   14      19       1
   14      23       1
   15      44       1
   16      23       1
   17      31       1
   17      47       1
   18      50       1
   19      37       1
   19      44       1
   20      24       1
   21      31       1
   21      41       1
   21      49       1
   22      50       1
   24      43       1
   25      28       1
   25      44       1
   26      50       1
   27      30       1
   27      33       1
   27      41       1
   30      50       1
   31      44       1
   32      39       1
   32      41       1
   32      42       1
   34      47       1
   35      40       1
   35      41       1
   37      38       1
   37      43       1
   37      48       1
   37      50       1
   43      47       1
   45      47       1
   45      48       1
