   50      61
    1      10       1
    1      18       1
    1      35       1
    2      29       1
    2      31       1
    2      45       1
    3      19       1
    3      20       1
    3      26       1
    3      42       1
    4       8       1
    4      32       1
    4      37       1
    4      50       1
    5       8       1
    5      17       1
    5      40       1
    6       9       1
    6      10       1
    7      33       1
    8      34       1
    8      48       1
   11      16       1
   11      24       1
   12      20       1
   12      23       1
   12      44       1
   12      49       1
   13      15       1
   13      31       1
   14      22       1
   14      29       1
   14      47       1
   15      27       1
   16      37       1
   18      21       1
   18      37       1
   18      39       1
   19      45       1
   20      45       1
   22      26       1
   23      46       1
   24      28       1
   24      30       1
   24      37       1
   24      40       1
   25      50       1
   28      29       1
   29      36       1
   29      37       1
   30      38       1
   30      42       1
   31      33       1
   31      45       1
   32      35       1
   32      44       1
   32      50       1
   37      43       1
   41      49       1
   45      48       1
   45      49       1
