  200     221
    1      50       1
    2      13       1
    2      37       1
    2     135       1
    2     136       1
    2     167       1
    3      59       1
    4      59       1
    4      72       1
    5      83       1
    5      89       1
    6      42       1
    6     200       1
    7      61       1
    8      67       1
    9     126       1
   10      58       1
   10     108       1
   10     163       1
   11      22       1
   12      62       1
   12     145       1
   13      15       1
   13      90       1
   13     114       1
   13     158       1
   14      33       1
   14      35       1
   15     169       1
   16     120       1
   16     134       1
   17      60       1
   17     200       1
   18      22       1
   19      47       1
   20      92       1
   21      51       1
   21     200       1
   22      24       1
   22     119       1
   22     137       1
   23      36       1
   23      90       1
   23     107       1
   23     146       1
   23     175       1
   23     200       1
   24     108       1
   24     143       1
   24     175       1
   25      66       1
   26     167       1
   27      88       1
   27     145       1
   28     115       1
   28     141       1
   28     146       1
   28     187       1
   29     158       1
   30      73       1
   31      62       1
   31     194       1
   32     150       1
   32     175       1
   32     181       1
   33     104       1
   33     132       1
   34      69       1
   34     131       1
   34     166       1
   38      56       1
   38      93       1
   38     142       1
   38     183       1
   39      66       1
   40     128       1
   40     156       1
   41      60       1
   41      68       1
   43     152       1
   44      62       1
   44     176       1
   45      95       1
   46      65       1
   46     168       1
   47      75       1
   47      85       1
   48      86       1
   49      84       1
   49     176       1
   49     180       1
   50     128       1
   50     134       1
   51      88       1
   51     111       1
   52      74       1
   52      92       1
   52      96       1
   52     157       1
   52     180       1
   53     107       1
   54     157       1
   55     199       1
   57      63       1
   58      92       1
   59      72       1
   59     137       1
   61     113       1
   62      81       1
   62      90       1
   62     114       1
   62     195       1
   63      64       1
   63      71       1
   65      71       1
   65      82       1
   65     134       1
   65     186       1
   66      79       1
   66     165       1
   67     165       1
   70     166       1
   71      89       1
   71     126       1
   71     139       1
   71     147       1
   71     200       1
   72     104       1
   73     124       1
   73     183       1
   76     144       1
   76     158       1
   77     114       1
   78     178       1
   79     120       1
   79     160       1
   79     196       1
   80     104       1
   80     112       1
   80     189       1
   81     106       1
   82      91       1
   82      99       1
   85     104       1
   85     118       1
   85     153       1
   85     184       1
   86     180       1
   87     161       1
   87     170       1
   88     103       1
   88     110       1
   88     200       1
   89     173       1
   90     125       1
   90     131       1
   92     193       1
   94     142       1
   95     127       1
   95     164       1
   97     110       1
   97     159       1
   98     134       1
  100     194       1
  100     197       1
  101     107       1
  102     173       1
  104     130       1
  104     200       1
  105     132       1
  105     188       1
  106     120       1
  106     149       1
  107     117       1
  107     172       1
  109     122       1
  109     139       1
  109     174       1
  110     113       1
  110     127       1
  111     158       1
  113     182       1
  114     156       1
  114     170       1
  114     199       1
  116     117       1
  120     129       1
  120     175       1
  120     179       1
  121     166       1
  123     180       1
  123     189       1
  128     151       1
  128     196       1
  129     136       1
  129     194       1
  132     183       1
  132     185       1
  133     161       1
  135     162       1
  138     195       1
  140     184       1
  141     162       1
  142     186       1
  147     190       1
  148     198       1
  150     199       1
  152     155       1
  152     180       1
  154     175       1
  158     180       1
  160     180       1
  161     177       1
  171     175       1
  177     197       1
  178     199       1
  181     197       1
  185     187       1
  185     192       1
  191     196       1
  192     198       1
