  600     636
    1     437       1
    2     304       1
    3     471       1
    4     133       1
    4     573       1
    5      88       1
    5     389       1
    5     468       1
    6      29       1
    7     177       1
    7     463       1
    8     513       1
    9     194       1
    9     338       1
   10      19       1
   10     124       1
   10     151       1
   10     152       1
   10     442       1
   10     552       1
   11      54       1
   12     369       1
   13     187       1
   14     377       1
   15     474       1
   16     197       1
   16     203       1
   16     218       1
   16     277       1
   17     276       1
   18      68       1
   18     159       1
   18     532       1
   19     446       1
   19     496       1
   20     510       1
   20     588       1
   21     195       1
   22     199       1
   22     323       1
   23      79       1
   24     427       1
   24     449       1
   24     464       1
   25     241       1
   25     299       1
   25     346       1
   25     392       1
   25     394       1
   26      55       1
   27     162       1
   27     275       1
   27     438       1
   28     221       1
   29      42       1
   30     404       1
   31     180       1
   31     254       1
   31     476       1
   32     302       1
   32     317       1
   33     177       1
   34     205       1
   34     240       1
   34     275       1
   34     463       1
   35     262       1
   35     373       1
   35     458       1
   35     501       1
   36      70       1
   36     405       1
   36     431       1
   36     491       1
   36     541       1
   36     591       1
   37     535       1
   38     224       1
   38     244       1
   38     427       1
   38     599       1
   39      70       1
   39     185       1
   39     312       1
   39     547       1
   40     577       1
   41     103       1
   41     397       1
   42      76       1
   42     134       1
   42     456       1
   43      49       1
   43     367       1
   44      47       1
   44      93       1
   45     412       1
   45     437       1
   45     544       1
   46     153       1
   46     172       1
   46     260       1
   46     408       1
   46     455       1
   46     570       1
   46     582       1
   47      64       1
   48      49       1
   48     157       1
   48     251       1
   48     327       1
   49     355       1
   49     488       1
   49     595       1
   50     287       1
   51     331       1
   52     164       1
   53      98       1
   54     386       1
   55     173       1
   55     530       1
   55     573       1
   56     573       1
   57     535       1
   58     205       1
   58     428       1
   59     369       1
   60     252       1
   60     436       1
   61     144       1
   61     271       1
   62     494       1
   63      79       1
   63     441       1
   63     511       1
   64     412       1
   64     546       1
   65     544       1
   66     379       1
   67     199       1
   67     500       1
   67     577       1
   69     184       1
   69     407       1
   70     374       1
   71      87       1
   71     398       1
   71     476       1
   71     570       1
   72     571       1
   73     560       1
   74     115       1
   74     191       1
   75     363       1
   75     399       1
   76     480       1
   77     485       1
   78      89       1
   78      91       1
   78     159       1
   78     244       1
   78     570       1
   79     563       1
   80     532       1
   81     323       1
   82     449       1
   82     549       1
   83     379       1
   84     488       1
   85     570       1
   86     516       1
   86     522       1
   87     150       1
   88     132       1
   90     336       1
   91     146       1
   92     584       1
   93     506       1
   94     218       1
   94     261       1
   94     286       1
   95     316       1
   96     383       1
   96     508       1
   96     553       1
   97     204       1
   97     272       1
   97     565       1
   97     570       1
   97     587       1
   98     279       1
   99     490       1
  100     240       1
  100     247       1
  100     273       1
  100     276       1
  100     287       1
  100     359       1
  100     485       1
  101     122       1
  101     262       1
  101     447       1
  101     494       1
  101     588       1
  102     124       1
  104     235       1
  105     528       1
  106     214       1
  107     393       1
  107     499       1
  108     221       1
  109     151       1
  110     174       1
  111     312       1
  112     131       1
  112     161       1
  113     324       1
  114     191       1
  114     289       1
  116     195       1
  116     304       1
  116     386       1
  116     549       1
  117     264       1
  118     459       1
  119     252       1
  119     337       1
  119     481       1
  120     271       1
  121     304       1
  122     529       1
  123     358       1
  123     368       1
  123     406       1
  124     242       1
  124     267       1
  124     371       1
  124     567       1
  125     525       1
  126     135       1
  126     222       1
  126     502       1
  127     186       1
  127     276       1
  127     279       1
  127     305       1
  127     322       1
  127     440       1
  128     382       1
  128     460       1
  129     219       1
  130     210       1
  132     398       1
  133     581       1
  134     583       1
  135     219       1
  135     330       1
  135     450       1
  135     570       1
  135     584       1
  136     476       1
  137     577       1
  138     463       1
  139     389       1
  139     445       1
  140     444       1
  140     456       1
  141     387       1
  142     507       1
  143     195       1
  143     515       1
  143     563       1
  143     579       1
  145     359       1
  145     566       1
  146     300       1
  147     549       1
  148     149       1
  148     219       1
  149     505       1
  150     272       1
  151     414       1
  151     504       1
  152     185       1
  152     464       1
  152     556       1
  154     177       1
  155     193       1
  156     404       1
  158     207       1
  159     194       1
  159     309       1
  160     325       1
  161     491       1
  163     347       1
  164     311       1
  165     196       1
  165     447       1
  166     558       1
  167     492       1
  168     573       1
  169     260       1
  170     422       1
  171     200       1
  171     297       1
  173     294       1
  173     317       1
  174     198       1
  174     509       1
  175     343       1
  176     277       1
  176     334       1
  177     234       1
  177     235       1
  177     311       1
  177     332       1
  178     484       1
  179     504       1
  181     539       1
  182     295       1
  183     422       1
  184     342       1
  186     487       1
  186     580       1
  187     429       1
  187     461       1
  188     412       1
  188     472       1
  189     301       1
  190     463       1
  191     329       1
  191     481       1
  191     551       1
  192     474       1
  193     267       1
  193     584       1
  194     475       1
  195     287       1
  195     409       1
  196     435       1
  196     533       1
  197     439       1
  198     402       1
  198     461       1
  199     295       1
  199     314       1
  199     411       1
  199     436       1
  199     477       1
  200     354       1
  200     382       1
  200     584       1
  201     244       1
  202     366       1
  202     506       1
  204     296       1
  204     473       1
  205     486       1
  206     415       1
  206     563       1
  207     446       1
  208     269       1
  209     432       1
  209     520       1
  209     576       1
  210     589       1
  211     382       1
  212     595       1
  213     453       1
  214     311       1
  214     548       1
  215     551       1
  216     345       1
  217     332       1
  218     382       1
  218     456       1
  220     248       1
  220     507       1
  220     537       1
  221     306       1
  222     483       1
  223     304       1
  223     375       1
  224     274       1
  225     526       1
  226     337       1
  226     575       1
  227     290       1
  228     416       1
  229     246       1
  229     437       1
  230     431       1
  231     458       1
  232     427       1
  232     525       1
  233     254       1
  235     519       1
  236     491       1
  237     249       1
  237     301       1
  237     313       1
  237     479       1
  238     305       1
  238     357       1
  238     560       1
  239     385       1
  240     416       1
  240     426       1
  240     481       1
  240     568       1
  240     570       1
  240     573       1
  243     263       1
  243     407       1
  243     471       1
  245     436       1
  245     586       1
  246     352       1
  246     455       1
  248     512       1
  249     280       1
  249     597       1
  250     341       1
  250     485       1
  252     558       1
  253     420       1
  253     579       1
  255     558       1
  256     548       1
  257     411       1
  258     358       1
  259     536       1
  260     397       1
  260     401       1
  261     281       1
  262     481       1
  264     340       1
  264     395       1
  265     318       1
  265     392       1
  266     391       1
  266     407       1
  266     598       1
  268     303       1
  268     341       1
  269     460       1
  270     491       1
  271     348       1
  275     362       1
  275     459       1
  276     383       1
  277     452       1
  278     494       1
  280     481       1
  282     320       1
  283     495       1
  283     512       1
  284     506       1
  285     517       1
  286     445       1
  287     308       1
  287     346       1
  287     571       1
  288     501       1
  290     437       1
  291     373       1
  292     320       1
  293     479       1
  295     589       1
  298     399       1
  298     407       1
  299     469       1
  299     521       1
  301     457       1
  304     423       1
  304     462       1
  304     528       1
  306     323       1
  306     352       1
  306     574       1
  307     376       1
  307     577       1
  308     536       1
  310     320       1
  310     395       1
  311     456       1
  312     539       1
  315     453       1
  316     328       1
  316     521       1
  317     370       1
  319     331       1
  321     347       1
  323     382       1
  323     389       1
  323     507       1
  324     600       1
  325     344       1
  325     483       1
  325     573       1
  326     558       1
  329     404       1
  330     461       1
  331     382       1
  331     531       1
  332     590       1
  333     346       1
  334     395       1
  334     435       1
  335     360       1
  335     443       1
  335     576       1
  336     411       1
  339     450       1
  339     557       1
  340     398       1
  343     364       1
  343     423       1
  344     419       1
  345     433       1
  345     443       1
  346     369       1
  346     474       1
  347     362       1
  348     485       1
  349     439       1
  350     353       1
  350     364       1
  351     536       1
  353     543       1
  354     396       1
  356     377       1
  358     375       1
  358     377       1
  359     410       1
  361     468       1
  362     382       1
  362     456       1
  362     570       1
  365     381       1
  369     594       1
  370     562       1
  371     456       1
  372     591       1
  374     587       1
  375     417       1
  375     537       1
  378     397       1
  378     514       1
  379     484       1
  379     538       1
  380     436       1
  380     478       1
  380     533       1
  381     387       1
  381     561       1
  382     437       1
  382     595       1
  384     391       1
  385     590       1
  386     490       1
  386     518       1
  387     456       1
  388     554       1
  388     570       1
  389     596       1
  390     522       1
  395     407       1
  395     497       1
  396     572       1
  397     467       1
  400     414       1
  402     517       1
  403     510       1
  404     454       1
  407     481       1
  411     510       1
  413     434       1
  413     437       1
  414     545       1
  416     495       1
  418     534       1
  419     509       1
  419     524       1
  420     593       1
  421     455       1
  422     461       1
  424     478       1
  425     558       1
  430     516       1
  434     523       1
  434     569       1
  437     492       1
  437     513       1
  437     543       1
  439     548       1
  440     446       1
  443     470       1
  444     560       1
  448     532       1
  451     492       1
  452     566       1
  453     593       1
  454     578       1
  456     592       1
  460     540       1
  461     559       1
  465     564       1
  466     599       1
  476     576       1
  479     482       1
  481     535       1
  481     591       1
  485     526       1
  487     534       1
  489     587       1
  490     542       1
  493     573       1
  496     516       1
  496     522       1
  498     565       1
  499     558       1
  503     518       1
  506     597       1
  507     550       1
  525     563       1
  526     552       1
  526     593       1
  527     571       1
  538     595       1
  543     557       1
  546     552       1
  547     564       1
  555     598       1
  556     572       1
  558     585       1
  595     600       1
