  700     739
    1     686       1
    2     417       1
    3     673       1
    4     418       1
    5      77       1
    6     213       1
    7      71       1
    8     566       1
    9     279       1
   10      21       1
   10      67       1
   11     393       1
   11     414       1
   12     311       1
   13     127       1
   13     233       1
   13     273       1
   13     276       1
   13     444       1
   14      53       1
   14     618       1
   15     531       1
   16     176       1
   16     352       1
   17     335       1
   17     443       1
   18     188       1
   18     566       1
   18     567       1
   19     384       1
   20     228       1
   20     644       1
   21     188       1
   21     374       1
   21     410       1
   21     436       1
   21     489       1
   22     435       1
   22     437       1
   22     477       1
   23     261       1
   23     309       1
   23     434       1
   24     683       1
   25      71       1
   25     538       1
   26      87       1
   26     567       1
   27      81       1
   27     601       1
   28     302       1
   29     240       1
   29     677       1
   30     617       1
   31     257       1
   32      95       1
   32     167       1
   32     480       1
   32     489       1
   32     501       1
   33     336       1
   34     159       1
   35      83       1
   35     177       1
   35     522       1
   36     193       1
   36     465       1
   37     688       1
   38     467       1
   38     681       1
   39     107       1
   39     465       1
   40     122       1
   41     335       1
   41     622       1
   42     639       1
   43     645       1
   44     323       1
   44     561       1
   45     320       1
   46     400       1
   47     589       1
   48      83       1
   48      92       1
   48     298       1
   48     691       1
   49     623       1
   50     320       1
   51      78       1
   51     210       1
   51     401       1
   52     116       1
   52     475       1
   54     165       1
   55      68       1
   56     355       1
   56     359       1
   56     534       1
   56     599       1
   57     105       1
   57     114       1
   57     214       1
   57     631       1
   58     123       1
   58     203       1
   58     341       1
   59     652       1
   60     356       1
   60     506       1
   61     198       1
   62     623       1
   62     664       1
   63     483       1
   64     350       1
   65     135       1
   66      87       1
   66     642       1
   66     669       1
   68     155       1
   68     518       1
   69     288       1
   70     355       1
   70     690       1
   70     694       1
   71     195       1
   71     368       1
   71     371       1
   71     561       1
   72     365       1
   73     405       1
   74     227       1
   75     319       1
   75     394       1
   75     402       1
   75     493       1
   76     258       1
   77      99       1
   77     156       1
   77     423       1
   78     593       1
   79     392       1
   79     436       1
   80     195       1
   80     222       1
   81     157       1
   81     439       1
   81     451       1
   81     582       1
   82     105       1
   82     176       1
   83      96       1
   83     212       1
   83     327       1
   83     436       1
   83     573       1
   84     382       1
   84     436       1
   84     485       1
   84     531       1
   85     188       1
   86     155       1
   86     263       1
   86     322       1
   86     640       1
   86     651       1
   88     493       1
   88     680       1
   89     483       1
   89     565       1
   90     218       1
   90     576       1
   91     278       1
   92     140       1
   92     202       1
   92     336       1
   92     443       1
   93     342       1
   93     501       1
   94     283       1
   94     343       1
   97     311       1
   97     507       1
   97     696       1
   98     197       1
   98     265       1
   98     281       1
   99     601       1
  100     484       1
  101     198       1
  102     189       1
  102     236       1
  102     436       1
  102     528       1
  102     576       1
  103     180       1
  104     696       1
  105     516       1
  105     574       1
  106     558       1
  107     397       1
  108     207       1
  108     395       1
  108     438       1
  108     619       1
  109     299       1
  110     508       1
  110     542       1
  111     282       1
  112     469       1
  113     242       1
  113     283       1
  115     224       1
  116     197       1
  116     365       1
  116     456       1
  116     529       1
  117     139       1
  118     443       1
  119     184       1
  120     325       1
  120     441       1
  121     260       1
  122     170       1
  122     318       1
  123     252       1
  123     543       1
  124     248       1
  124     295       1
  125     484       1
  125     604       1
  125     605       1
  126     653       1
  128     405       1
  129     377       1
  129     469       1
  129     643       1
  130     694       1
  131     180       1
  132     243       1
  133     673       1
  134     553       1
  135     248       1
  135     356       1
  135     665       1
  136     503       1
  136     659       1
  137     309       1
  138     185       1
  138     290       1
  138     431       1
  138     453       1
  139     408       1
  139     597       1
  140     555       1
  141     202       1
  142     486       1
  142     572       1
  143     264       1
  143     551       1
  144     155       1
  144     206       1
  145     350       1
  145     534       1
  146     290       1
  147     150       1
  147     505       1
  147     516       1
  147     603       1
  148     374       1
  149     246       1
  150     422       1
  151     195       1
  152     283       1
  152     330       1
  153     493       1
  154     286       1
  154     410       1
  155     182       1
  155     274       1
  156     160       1
  157     301       1
  157     406       1
  158     306       1
  158     382       1
  159     291       1
  159     426       1
  159     520       1
  160     512       1
  161     200       1
  161     363       1
  161     370       1
  161     678       1
  162     411       1
  162     620       1
  163     379       1
  164     585       1
  165     662       1
  165     666       1
  166     264       1
  166     367       1
  166     377       1
  168     522       1
  169     216       1
  169     237       1
  169     452       1
  171     221       1
  171     275       1
  172     190       1
  173     525       1
  173     609       1
  173     632       1
  174     550       1
  174     587       1
  174     630       1
  174     699       1
  175     186       1
  175     509       1
  175     556       1
  175     624       1
  176     378       1
  176     614       1
  177     194       1
  177     412       1
  178     279       1
  178     403       1
  178     491       1
  178     672       1
  179     461       1
  179     657       1
  180     215       1
  180     266       1
  181     186       1
  182     442       1
  183     237       1
  184     260       1
  184     299       1
  187     368       1
  188     373       1
  188     465       1
  189     663       1
  190     242       1
  190     618       1
  191     485       1
  191     623       1
  191     670       1
  192     470       1
  194     289       1
  196     589       1
  196     700       1
  197     635       1
  198     300       1
  198     421       1
  198     531       1
  199     325       1
  200     579       1
  201     379       1
  202     374       1
  202     519       1
  203     487       1
  204     244       1
  204     280       1
  205     502       1
  208     602       1
  209     598       1
  210     221       1
  210     243       1
  210     436       1
  211     405       1
  211     645       1
  212     377       1
  212     619       1
  212     659       1
  213     460       1
  214     450       1
  214     477       1
  215     341       1
  215     590       1
  216     230       1
  216     468       1
  216     646       1
  217     639       1
  218     499       1
  218     652       1
  219     507       1
  220     539       1
  221     588       1
  223     652       1
  224     399       1
  225     631       1
  226     419       1
  226     588       1
  227     370       1
  228     554       1
  229     622       1
  231     556       1
  231     633       1
  232     440       1
  232     494       1
  233     255       1
  233     324       1
  233     356       1
  233     400       1
  233     498       1
  234     279       1
  234     306       1
  234     448       1
  234     479       1
  235     360       1
  235     399       1
  235     544       1
  238     564       1
  238     568       1
  239     248       1
  240     492       1
  240     541       1
  241     477       1
  241     530       1
  245     298       1
  246     595       1
  247     262       1
  247     557       1
  248     449       1
  248     578       1
  249     324       1
  250     343       1
  250     445       1
  250     467       1
  250     648       1
  251     270       1
  251     633       1
  252     296       1
  252     354       1
  252     468       1
  253     471       1
  253     482       1
  253     573       1
  254     327       1
  256     574       1
  257     364       1
  257     463       1
  258     262       1
  258     348       1
  259     638       1
  260     408       1
  260     507       1
  262     629       1
  262     671       1
  266     509       1
  267     358       1
  267     375       1
  267     615       1
  267     678       1
  268     536       1
  269     669       1
  269     673       1
  270     279       1
  271     667       1
  272     551       1
  273     276       1
  274     297       1
  276     638       1
  277     584       1
  277     691       1
  278     444       1
  279     389       1
  279     678       1
  280     355       1
  280     665       1
  282     355       1
  282     396       1
  282     493       1
  283     369       1
  283     391       1
  283     683       1
  284     403       1
  284     656       1
  285     694       1
  287     368       1
  288     436       1
  289     345       1
  290     364       1
  290     436       1
  290     616       1
  290     692       1
  291     432       1
  291     457       1
  292     367       1
  292     476       1
  293     495       1
  294     604       1
  295     573       1
  296     383       1
  297     490       1
  298     585       1
  301     552       1
  301     599       1
  302     324       1
  303     594       1
  304     442       1
  304     546       1
  304     606       1
  305     306       1
  307     386       1
  307     493       1
  307     550       1
  308     541       1
  309     398       1
  310     647       1
  311     418       1
  312     461       1
  313     617       1
  313     655       1
  314     673       1
  315     593       1
  316     497       1
  317     372       1
  318     335       1
  319     517       1
  320     361       1
  321     451       1
  321     618       1
  321     653       1
  324     363       1
  324     420       1
  324     561       1
  325     393       1
  326     518       1
  327     466       1
  328     400       1
  328     415       1
  329     532       1
  331     335       1
  331     349       1
  332     427       1
  333     651       1
  334     405       1
  335     355       1
  335     502       1
  336     363       1
  336     478       1
  336     490       1
  336     592       1
  336     649       1
  337     656       1
  338     417       1
  338     497       1
  339     357       1
  339     359       1
  339     695       1
  340     496       1
  340     538       1
  341     585       1
  341     594       1
  343     355       1
  343     679       1
  344     620       1
  345     379       1
  346     520       1
  346     685       1
  347     545       1
  348     577       1
  349     381       1
  350     389       1
  351     379       1
  352     537       1
  353     500       1
  356     612       1
  359     372       1
  361     570       1
  361     668       1
  362     375       1
  363     510       1
  363     662       1
  363     679       1
  364     399       1
  365     402       1
  365     558       1
  366     501       1
  366     660       1
  367     533       1
  368     492       1
  369     402       1
  371     428       1
  374     442       1
  374     570       1
  375     479       1
  376     405       1
  377     545       1
  378     520       1
  378     644       1
  379     602       1
  379     673       1
  380     592       1
  381     585       1
  384     390       1
  384     635       1
  385     411       1
  385     583       1
  386     462       1
  387     488       1
  388     634       1
  389     404       1
  390     497       1
  390     514       1
  393     671       1
  394     564       1
  396     470       1
  396     620       1
  398     559       1
  399     572       1
  402     547       1
  403     527       1
  405     484       1
  405     581       1
  406     577       1
  407     653       1
  409     561       1
  409     595       1
  411     534       1
  411     553       1
  411     589       1
  411     698       1
  413     488       1
  413     617       1
  416     432       1
  422     617       1
  424     617       1
  425     541       1
  427     595       1
  429     551       1
  430     483       1
  431     455       1
  432     484       1
  432     600       1
  433     476       1
  436     493       1
  436     556       1
  439     585       1
  439     667       1
  439     671       1
  442     602       1
  444     602       1
  445     626       1
  446     623       1
  447     556       1
  450     658       1
  454     571       1
  456     459       1
  458     584       1
  460     623       1
  461     513       1
  461     551       1
  461     693       1
  464     520       1
  468     493       1
  468     495       1
  468     560       1
  472     607       1
  473     679       1
  474     510       1
  479     539       1
  481     537       1
  483     511       1
  484     675       1
  486     550       1
  488     647       1
  489     675       1
  490     525       1
  490     625       1
  494     667       1
  495     637       1
  500     520       1
  501     590       1
  504     565       1
  507     520       1
  507     613       1
  507     652       1
  507     676       1
  508     662       1
  510     641       1
  513     650       1
  515     652       1
  516     551       1
  516     652       1
  520     688       1
  521     686       1
  522     634       1
  523     633       1
  524     551       1
  526     601       1
  531     627       1
  532     566       1
  534     617       1
  535     578       1
  536     689       1
  537     659       1
  540     549       1
  545     686       1
  546     621       1
  548     667       1
  549     556       1
  556     586       1
  559     619       1
  560     591       1
  561     618       1
  562     573       1
  562     663       1
  563     650       1
  565     692       1
  567     596       1
  569     570       1
  569     697       1
  571     594       1
  571     628       1
  575     645       1
  577     580       1
  584     608       1
  585     677       1
  591     621       1
  595     682       1
  598     630       1
  598     641       1
  599     607       1
  601     654       1
  602     652       1
  602     691       1
  603     633       1
  609     616       1
  610     694       1
  611     619       1
  617     631       1
  626     674       1
  636     676       1
  639     691       1
  654     655       1
  661     691       1
  667     687       1
  684     687       1
  687     689       1
