  700     739
    1     422       1
    2     264       1
    2     611       1
    3     340       1
    4     316       1
    4     330       1
    4     549       1
    5     451       1
    5     599       1
    6     212       1
    6     217       1
    6     602       1
    6     679       1
    7      10       1
    7     688       1
    8      31       1
    8     680       1
    8     686       1
    9      36       1
    9     515       1
   11     562       1
   11     675       1
   12      97       1
   12     261       1
   12     497       1
   12     606       1
   13      63       1
   13     364       1
   13     396       1
   13     470       1
   14     671       1
   15     547       1
   16     345       1
   16     635       1
   17     414       1
   18     255       1
   18     413       1
   19     116       1
   19     424       1
   20     114       1
   21     280       1
   22      99       1
   22     121       1
   23     227       1
   24     396       1
   25     417       1
   26     683       1
   27      37       1
   27     536       1
   28     465       1
   29     130       1
   30      39       1
   30     360       1
   30     493       1
   30     595       1
   30     623       1
   31     218       1
   31     461       1
   31     655       1
   31     664       1
   32     327       1
   33     297       1
   34     293       1
   34     539       1
   35     418       1
   36     281       1
   37      62       1
   37     104       1
   37     322       1
   37     442       1
   37     561       1
   38     380       1
   38     538       1
   39     490       1
   40      58       1
   40     258       1
   41     548       1
   41     619       1
   42      62       1
   42     108       1
   43     107       1
   43     375       1
   43     530       1
   43     534       1
   43     675       1
   44     478       1
   45      79       1
   45      89       1
   45     447       1
   45     693       1
   46     237       1
   46     278       1
   46     283       1
   46     288       1
   46     610       1
   47     295       1
   48      55       1
   48     338       1
   49     582       1
   50     615       1
   51     681       1
   52     375       1
   53     124       1
   54     561       1
   56     267       1
   56     479       1
   57     340       1
   57     465       1
   57     546       1
   58      91       1
   58     181       1
   59     134       1
   59     595       1
   60     152       1
   60     570       1
   60     643       1
   61     171       1
   61     463       1
   61     625       1
   62      74       1
   62     124       1
   62     178       1
   62     314       1
   62     352       1
   62     375       1
   62     412       1
   62     427       1
   62     585       1
   62     598       1
   62     673       1
   62     690       1
   64     183       1
   64     470       1
   64     535       1
   64     638       1
   65      78       1
   65     261       1
   66     131       1
   66     190       1
   67     283       1
   68      85       1
   68     251       1
   68     289       1
   68     350       1
   69     481       1
   69     594       1
   70     530       1
   71     684       1
   72     288       1
   73     611       1
   74     126       1
   74     137       1
   74     398       1
   75     358       1
   75     388       1
   75     619       1
   76     186       1
   76     680       1
   77     238       1
   79     243       1
   79     310       1
   80     198       1
   80     245       1
   80     272       1
   80     317       1
   80     378       1
   80     632       1
   80     681       1
   81     149       1
   81     484       1
   82     259       1
   83     273       1
   84     681       1
   86     178       1
   86     582       1
   87     341       1
   88     298       1
   88     344       1
   89     216       1
   89     605       1
   90     492       1
   91     240       1
   92     127       1
   93     477       1
   93     553       1
   94     198       1
   95     443       1
   95     625       1
   95     699       1
   96     276       1
   96     617       1
   96     663       1
   98     132       1
   98     323       1
   98     416       1
   99     653       1
  100     289       1
  101     475       1
  102     192       1
  103     476       1
  104     241       1
  104     261       1
  105     215       1
  106     157       1
  106     411       1
  107     257       1
  109     652       1
  110     111       1
  111     314       1
  111     328       1
  111     387       1
  111     419       1
  111     472       1
  112     271       1
  112     370       1
  112     567       1
  113     209       1
  113     267       1
  114     285       1
  114     405       1
  115     164       1
  115     313       1
  115     344       1
  117     310       1
  118     299       1
  118     668       1
  119     275       1
  119     283       1
  120     212       1
  120     282       1
  120     653       1
  122     586       1
  123     204       1
  123     502       1
  124     180       1
  124     593       1
  125     193       1
  125     334       1
  125     390       1
  126     400       1
  126     569       1
  126     586       1
  127     131       1
  128     374       1
  129     161       1
  129     508       1
  130     400       1
  130     412       1
  130     439       1
  130     673       1
  131     623       1
  131     688       1
  133     246       1
  134     439       1
  135     228       1
  136     178       1
  137     466       1
  137     604       1
  138     344       1
  139     684       1
  140     421       1
  141     373       1
  141     494       1
  141     515       1
  141     549       1
  141     681       1
  142     580       1
  143     173       1
  143     378       1
  144     253       1
  144     531       1
  145     432       1
  146     471       1
  147     205       1
  147     572       1
  148     226       1
  148     353       1
  148     626       1
  150     436       1
  150     611       1
  151     335       1
  152     406       1
  152     450       1
  153     660       1
  154     552       1
  154     606       1
  155     618       1
  156     616       1
  157     638       1
  158     180       1
  159     222       1
  159     270       1
  159     415       1
  160     639       1
  161     299       1
  161     541       1
  162     288       1
  163     249       1
  165     652       1
  166     175       1
  166     263       1
  166     361       1
  167     254       1
  167     288       1
  168     280       1
  169     426       1
  169     664       1
  170     323       1
  170     498       1
  170     526       1
  172     252       1
  172     266       1
  174     286       1
  176     307       1
  176     376       1
  176     442       1
  177     388       1
  178     232       1
  178     244       1
  178     396       1
  178     549       1
  179     618       1
  180     368       1
  180     467       1
  180     505       1
  182     306       1
  182     370       1
  182     613       1
  182     621       1
  183     190       1
  183     253       1
  183     681       1
  184     568       1
  185     507       1
  186     350       1
  187     581       1
  188     583       1
  189     458       1
  190     453       1
  190     462       1
  191     331       1
  192     386       1
  192     632       1
  193     224       1
  194     530       1
  195     667       1
  196     606       1
  197     530       1
  198     422       1
  198     683       1
  199     267       1
  199     565       1
  199     650       1
  200     625       1
  200     698       1
  201     563       1
  202     259       1
  203     333       1
  205     449       1
  205     517       1
  206     414       1
  206     521       1
  207     686       1
  208     295       1
  208     632       1
  210     378       1
  211     444       1
  212     248       1
  212     314       1
  212     450       1
  213     454       1
  214     290       1
  214     323       1
  215     309       1
  215     343       1
  215     600       1
  215     620       1
  216     384       1
  216     657       1
  217     301       1
  217     512       1
  217     627       1
  219     596       1
  220     236       1
  220     291       1
  220     324       1
  220     391       1
  220     403       1
  221     377       1
  221     574       1
  222     380       1
  222     624       1
  223     385       1
  224     603       1
  225     441       1
  226     247       1
  226     258       1
  226     319       1
  226     466       1
  227     485       1
  228     442       1
  228     654       1
  229     362       1
  230     448       1
  231     536       1
  232     280       1
  232     433       1
  232     447       1
  233     548       1
  234     515       1
  235     295       1
  237     420       1
  238     395       1
  239     370       1
  239     525       1
  240     425       1
  241     575       1
  242     626       1
  243     398       1
  245     276       1
  245     599       1
  245     612       1
  246     354       1
  247     351       1
  247     433       1
  247     481       1
  247     554       1
  247     559       1
  247     674       1
  248     341       1
  249     330       1
  250     667       1
  253     362       1
  254     597       1
  255     277       1
  255     616       1
  256     556       1
  257     332       1
  257     485       1
  257     492       1
  257     527       1
  257     596       1
  259     323       1
  260     478       1
  261     302       1
  261     402       1
  261     543       1
  262     447       1
  263     377       1
  263     458       1
  264     407       1
  264     678       1
  265     293       1
  266     418       1
  266     427       1
  266     689       1
  267     269       1
  267     536       1
  268     574       1
  269     464       1
  270     404       1
  270     666       1
  271     519       1
  272     344       1
  272     353       1
  272     542       1
  272     696       1
  273     618       1
  273     625       1
  274     492       1
  277     365       1
  277     414       1
  279     286       1
  279     364       1
  283     331       1
  283     582       1
  284     455       1
  285     399       1
  286     473       1
  286     629       1
  287     619       1
  289     317       1
  289     434       1
  291     327       1
  292     382       1
  293     426       1
  294     602       1
  296     305       1
  297     456       1
  298     366       1
  298     383       1
  298     516       1
  298     574       1
  298     637       1
  299     433       1
  299     506       1
  300     656       1
  303     433       1
  304     616       1
  305     630       1
  308     428       1
  308     611       1
  309     325       1
  309     625       1
  309     646       1
  310     551       1
  310     560       1
  311     482       1
  312     316       1
  314     424       1
  314     502       1
  314     527       1
  314     537       1
  315     491       1
  316     457       1
  317     370       1
  317     432       1
  318     334       1
  318     633       1
  320     537       1
  320     641       1
  321     418       1
  322     489       1
  322     614       1
  322     622       1
  323     616       1
  323     641       1
  325     647       1
  326     376       1
  327     438       1
  327     484       1
  327     495       1
  328     413       1
  329     525       1
  331     441       1
  331     484       1
  331     518       1
  332     507       1
  332     615       1
  333     676       1
  334     439       1
  334     445       1
  334     581       1
  334     588       1
  335     602       1
  336     338       1
  337     396       1
  338     577       1
  339     417       1
  340     602       1
  340     658       1
  342     482       1
  345     644       1
  346     379       1
  347     477       1
  348     562       1
  349     585       1
  351     354       1
  351     463       1
  351     509       1
  352     354       1
  355     554       1
  356     595       1
  357     611       1
  359     430       1
  359     630       1
  360     373       1
  360     383       1
  363     637       1
  363     658       1
  363     662       1
  364     414       1
  365     636       1
  365     641       1
  367     533       1
  368     387       1
  369     447       1
  370     532       1
  371     557       1
  371     574       1
  371     628       1
  372     578       1
  372     634       1
  373     464       1
  373     676       1
  374     616       1
  375     500       1
  377     583       1
  377     606       1
  379     454       1
  380     463       1
  380     503       1
  380     528       1
  381     673       1
  382     442       1
  383     401       1
  383     510       1
  383     537       1
  383     691       1
  383     695       1
  385     470       1
  388     506       1
  389     482       1
  392     678       1
  393     417       1
  393     478       1
  394     664       1
  395     426       1
  396     672       1
  397     413       1
  398     475       1
  401     448       1
  401     496       1
  405     583       1
  405     584       1
  407     612       1
  408     674       1
  409     427       1
  410     506       1
  414     482       1
  414     549       1
  417     576       1
  417     697       1
  418     651       1
  420     645       1
  421     604       1
  423     550       1
  426     610       1
  429     555       1
  430     625       1
  431     434       1
  432     471       1
  433     480       1
  435     464       1
  436     644       1
  436     681       1
  437     541       1
  439     616       1
  439     652       1
  440     681       1
  441     601       1
  442     533       1
  444     609       1
  446     688       1
  448     527       1
  449     477       1
  450     555       1
  452     484       1
  454     639       1
  455     514       1
  455     639       1
  456     690       1
  457     487       1
  459     540       1
  459     688       1
  460     515       1
  464     677       1
  465     496       1
  465     513       1
  468     641       1
  469     514       1
  470     577       1
  471     529       1
  472     478       1
  473     635       1
  474     568       1
  474     690       1
  475     592       1
  475     670       1
  476     615       1
  477     611       1
  480     547       1
  483     660       1
  484     572       1
  486     700       1
  488     658       1
  491     567       1
  499     601       1
  501     643       1
  504     505       1
  506     590       1
  510     562       1
  510     660       1
  511     585       1
  512     694       1
  515     642       1
  520     691       1
  522     603       1
  523     526       1
  523     550       1
  523     627       1
  524     563       1
  527     603       1
  527     639       1
  534     578       1
  537     571       1
  537     606       1
  537     611       1
  539     601       1
  544     547       1
  545     631       1
  547     671       1
  549     632       1
  556     579       1
  558     660       1
  561     700       1
  563     586       1
  563     587       1
  564     638       1
  566     639       1
  573     658       1
  576     696       1
  579     676       1
  580     586       1
  582     684       1
  589     623       1
  591     609       1
  599     695       1
  600     656       1
  600     669       1
  602     661       1
  603     692       1
  606     688       1
  607     688       1
  608     664       1
  609     611       1
  618     679       1
  625     667       1
  631     661       1
  637     685       1
  640     695       1
  642     653       1
  648     653       1
  649     695       1
  659     665       1
  659     684       1
  664     687       1
  665     682       1
  680     690       1
