   50      61
    1      31       1
    2      21       1
    2      22       1
    3      42       1
    4      32       1
    4      44       1
    5       9       1
    5      28       1
    5      31       1
    5      46       1
    6      14       1
    6      17       1
    6      39       1
    6      50       1
    7      32       1
    8      49       1
    9      41       1
   10      28       1
   10      41       1
   10      45       1
   11      19       1
   11      42       1
   12      22       1
   12      32       1
   13      30       1
   14      22       1
   15      25       1
   15      31       1
   15      32       1
   16      33       1
   16      38       1
   16      50       1
   17      32       1
   17      45       1
   18      37       1
   18      45       1
   19      48       1
   19      49       1
   20      26       1
   20      32       1
   22      32       1
   23      24       1
   24      29       1
   24      40       1
   24      45       1
   26      42       1
   27      40       1
   28      37       1
   29      40       1
   29      41       1
   30      36       1
   34      36       1
   34      42       1
   35      42       1
   36      47       1
   38      42       1
   39      47       1
   41      42       1
   41      44       1
   41      49       1
   43      45       1
