  400     429
    1      26       1
    2     124       1
    2     139       1
    2     167       1
    2     229       1
    2     314       1
    3     304       1
    4      62       1
    4     280       1
    5      67       1
    5     269       1
    6      87       1
    7     285       1
    7     394       1
    8     115       1
    8     390       1
    9     125       1
   10      27       1
   10      69       1
   10     226       1
   10     234       1
   11     394       1
   12      21       1
   12      40       1
   13      63       1
   13     210       1
   13     387       1
   14     203       1
   15      76       1
   16      86       1
   17      60       1
   17     134       1
   17     136       1
   18     282       1
   19     241       1
   20     262       1
   20     354       1
   20     394       1
   22      90       1
   22     120       1
   22     222       1
   22     295       1
   22     385       1
   23     349       1
   24     171       1
   24     248       1
   24     293       1
   25      76       1
   26     107       1
   27     233       1
   27     267       1
   27     317       1
   28     285       1
   29     186       1
   30     280       1
   30     394       1
   31     269       1
   32     235       1
   33      50       1
   33     277       1
   34      56       1
   34     101       1
   34     285       1
   35     119       1
   35     218       1
   35     287       1
   35     334       1
   35     384       1
   36     234       1
   37      39       1
   38     121       1
   38     331       1
   39     333       1
   39     377       1
   39     397       1
   40     154       1
   40     181       1
   40     199       1
   40     260       1
   41     353       1
   42     324       1
   43     138       1
   43     341       1
   44     157       1
   45     140       1
   45     273       1
   46     124       1
   46     152       1
   46     322       1
   47     121       1
   47     133       1
   48     185       1
   49     350       1
   50      90       1
   50     110       1
   50     364       1
   51     215       1
   51     343       1
   52      75       1
   52     261       1
   53     120       1
   53     371       1
   54     397       1
   55     210       1
   57     110       1
   57     231       1
   57     261       1
   58     173       1
   59     275       1
   60     319       1
   60     362       1
   61     112       1
   61     312       1
   62     108       1
   62     176       1
   62     237       1
   62     395       1
   63     153       1
   63     154       1
   64     284       1
   65     127       1
   66     294       1
   67     281       1
   67     394       1
   68     245       1
   68     332       1
   70     116       1
   71     325       1
   71     387       1
   72     135       1
   73     229       1
   74     110       1
   74     229       1
   76      93       1
   76     239       1
   76     292       1
   77     258       1
   77     272       1
   77     327       1
   77     394       1
   78     104       1
   79     296       1
   80     237       1
   81     369       1
   82     277       1
   82     358       1
   83     111       1
   83     166       1
   84     294       1
   85     209       1
   86     288       1
   86     294       1
   86     301       1
   87     252       1
   87     390       1
   87     391       1
   88     104       1
   88     238       1
   88     349       1
   88     374       1
   88     396       1
   89     199       1
   91     177       1
   92      99       1
   93      97       1
   93     344       1
   94     149       1
   94     184       1
   94     359       1
   95     209       1
   96     123       1
   96     348       1
   97     197       1
   98     282       1
   99     285       1
   99     308       1
  100     256       1
  102     117       1
  102     123       1
  102     137       1
  102     186       1
  102     202       1
  102     349       1
  102     362       1
  102     382       1
  102     388       1
  103     235       1
  103     394       1
  104     173       1
  104     363       1
  104     378       1
  105     153       1
  105     289       1
  105     364       1
  106     263       1
  106     360       1
  107     148       1
  107     209       1
  107     215       1
  107     224       1
  107     330       1
  107     362       1
  107     380       1
  107     394       1
  108     259       1
  109     323       1
  110     143       1
  110     200       1
  110     215       1
  110     254       1
  110     314       1
  112     236       1
  113     302       1
  113     306       1
  114     295       1
  114     346       1
  114     365       1
  116     355       1
  118     287       1
  119     136       1
  119     303       1
  120     325       1
  120     327       1
  121     388       1
  121     389       1
  122     141       1
  122     248       1
  122     300       1
  122     302       1
  122     362       1
  123     130       1
  123     193       1
  123     249       1
  125     380       1
  126     295       1
  127     244       1
  127     398       1
  128     349       1
  129     384       1
  130     365       1
  131     217       1
  132     260       1
  132     267       1
  135     207       1
  135     209       1
  136     138       1
  136     260       1
  136     377       1
  137     247       1
  140     275       1
  142     209       1
  142     281       1
  144     180       1
  144     324       1
  144     340       1
  144     349       1
  145     341       1
  145     397       1
  146     349       1
  147     209       1
  148     258       1
  148     270       1
  148     292       1
  150     201       1
  150     305       1
  151     231       1
  151     370       1
  152     190       1
  155     300       1
  156     160       1
  157     172       1
  157     205       1
  158     170       1
  158     384       1
  159     162       1
  159     394       1
  160     241       1
  161     283       1
  162     400       1
  163     237       1
  164     291       1
  165     330       1
  166     292       1
  167     336       1
  168     265       1
  168     304       1
  169     216       1
  174     362       1
  175     316       1
  176     246       1
  177     301       1
  178     191       1
  179     181       1
  181     211       1
  182     196       1
  182     373       1
  183     232       1
  183     309       1
  184     283       1
  184     382       1
  185     192       1
  186     242       1
  187     215       1
  188     218       1
  189     377       1
  191     227       1
  191     246       1
  191     321       1
  191     324       1
  191     345       1
  191     392       1
  192     216       1
  192     372       1
  193     342       1
  194     205       1
  195     345       1
  196     356       1
  196     377       1
  198     215       1
  198     266       1
  199     310       1
  199     381       1
  201     235       1
  201     294       1
  201     387       1
  203     282       1
  204     234       1
  204     311       1
  205     212       1
  205     217       1
  205     252       1
  205     283       1
  205     337       1
  206     308       1
  208     264       1
  208     366       1
  209     256       1
  209     357       1
  209     369       1
  210     224       1
  210     237       1
  210     240       1
  210     291       1
  210     298       1
  210     380       1
  213     257       1
  213     319       1
  214     273       1
  214     368       1
  216     217       1
  217     260       1
  217     367       1
  219     377       1
  220     374       1
  221     338       1
  222     335       1
  223     270       1
  223     341       1
  225     295       1
  228     308       1
  229     230       1
  229     286       1
  231     245       1
  232     246       1
  235     312       1
  239     369       1
  240     353       1
  241     300       1
  243     288       1
  244     294       1
  248     273       1
  249     313       1
  250     369       1
  251     311       1
  252     362       1
  253     299       1
  253     330       1
  253     350       1
  255     367       1
  259     317       1
  262     284       1
  264     283       1
  266     290       1
  267     376       1
  268     383       1
  270     297       1
  270     306       1
  271     322       1
  274     380       1
  275     391       1
  276     398       1
  278     397       1
  279     295       1
  282     314       1
  283     347       1
  292     316       1
  293     311       1
  296     322       1
  300     311       1
  300     323       1
  302     398       1
  304     367       1
  307     329       1
  307     390       1
  309     312       1
  309     338       1
  314     341       1
  314     362       1
  314     366       1
  314     386       1
  315     388       1
  316     326       1
  317     399       1
  318     375       1
  319     320       1
  328     364       1
  331     353       1
  331     359       1
  338     339       1
  351     374       1
  352     386       1
  355     360       1
  355     377       1
  361     390       1
  361     394       1
  365     393       1
  375     378       1
  379     393       1
  383     394       1
