   50      61
    1       4       1
    1      10       1
    1      14       1
    1      16       1
    1      17       1
    2       4       1
    3      41       1
    4      14       1
    4      25       1
    4      42       1
    5      32       1
    5      34       1
    5      40       1
    6      45       1
    7       9       1
    7      24       1
    7      39       1
    8      20       1
    8      33       1
    9      12       1
    9      30       1
   10      21       1
   10      34       1
   10      37       1
   10      44       1
   11      27       1
   11      28       1
   11      34       1
   12      15       1
   12      21       1
   13      30       1
   15      24       1
   16      38       1
   18      48       1
   19      32       1
   19      38       1
   19      46       1
   20      29       1
   20      40       1
   22      37       1
   22      49       1
   23      44       1
   24      37       1
   24      48       1
   25      28       1
   25      31       1
   26      41       1
   26      47       1
   27      49       1
   29      44       1
   29      46       1
   30      34       1
   33      36       1
   33      37       1
   35      46       1
   36      37       1
   41      43       1
   41      46       1
   44      45       1
   44      49       1
   45      50       1
