   50      61
    1      12       1
    1      29       1
    2      12       1
    3       5       1
    3      22       1
    4      10       1
    4      21       1
    5      17       1
    5      19       1
    5      21       1
    5      24       1
    5      32       1
    5      34       1
    5      35       1
    5      40       1
    6      14       1
    6      15       1
    6      22       1
    7      11       1
    7      12       1
    7      46       1
    8      11       1
    8      14       1
    8      43       1
    8      44       1
    9      13       1
    9      47       1
   10      40       1
   11      38       1
   12      19       1
   13      50       1
   14      19       1
   14      39       1
   15      32       1
   16      21       1
   17      18       1
   17      25       1
   17      49       1
   18      27       1
   20      21       1
   20      27       1
   22      36       1
   23      33       1
   23      34       1
   24      48       1
   25      29       1
   26      32       1
   26      49       1
   28      49       1
   29      43       1
   30      42       1
   31      49       1
   32      38       1
   32      42       1
   33      44       1
   34      37       1
   37      45       1
   39      40       1
   41      49       1
   44      47       1
   48      49       1
