  700     739
    1     291       1
    1     676       1
    2     665       1
    3     104       1
    3     107       1
    3     344       1
    4     124       1
    4     370       1
    4     523       1
    5     441       1
    5     649       1
    6     112       1
    6     251       1
    6     665       1
    7     173       1
    7     529       1
    8     371       1
    9     572       1
    9     574       1
    9     633       1
    9     663       1
   10     566       1
   11     228       1
   11     381       1
   12     491       1
   12     514       1
   13     405       1
   14      33       1
   15     284       1
   16     185       1
   17     267       1
   17     400       1
   18      65       1
   18     158       1
   18     379       1
   18     465       1
   18     564       1
   19      76       1
   20     221       1
   20     278       1
   21      42       1
   21     176       1
   21     198       1
   21     222       1
   21     458       1
   21     668       1
   22     636       1
   23     391       1
   24     673       1
   25     234       1
   25     261       1
   25     387       1
   25     491       1
   25     496       1
   26     347       1
   27      87       1
   27     508       1
   27     638       1
   28     399       1
   28     411       1
   29     203       1
   29     323       1
   29     628       1
   30     190       1
   31     600       1
   32     288       1
   33     616       1
   34      74       1
   34     602       1
   35      55       1
   36     217       1
   37     363       1
   38     340       1
   38     643       1
   39     377       1
   39     437       1
   39     473       1
   40     181       1
   40     263       1
   40     382       1
   40     470       1
   40     507       1
   41     454       1
   43     639       1
   44     294       1
   44     368       1
   44     517       1
   45     145       1
   45     240       1
   45     259       1
   45     388       1
   45     516       1
   45     552       1
   45     625       1
   46     234       1
   46     362       1
   47     178       1
   47     283       1
   47     490       1
   48     638       1
   49     559       1
   49     634       1
   50     440       1
   51     697       1
   52     693       1
   53      76       1
   53     251       1
   53     354       1
   53     424       1
   53     510       1
   54     416       1
   55      76       1
   55     200       1
   55     288       1
   55     342       1
   56     411       1
   57     162       1
   57     203       1
   57     207       1
   57     496       1
   57     561       1
   57     572       1
   57     582       1
   57     695       1
   58     267       1
   58     333       1
   58     694       1
   59     220       1
   60     642       1
   61      70       1
   62      70       1
   62     683       1
   63     486       1
   63     694       1
   64     599       1
   64     636       1
   66     112       1
   67     250       1
   67     682       1
   67     689       1
   68     145       1
   68     434       1
   69     337       1
   70     156       1
   70     177       1
   70     218       1
   70     344       1
   70     465       1
   71     376       1
   72     121       1
   72     360       1
   72     403       1
   73     288       1
   74     109       1
   74     196       1
   75     261       1
   75     472       1
   76     509       1
   76     550       1
   77     616       1
   78     277       1
   78     363       1
   78     653       1
   79     348       1
   79     579       1
   80     487       1
   80     518       1
   81     289       1
   81     313       1
   81     629       1
   82     678       1
   83     194       1
   83     224       1
   83     376       1
   83     393       1
   83     449       1
   83     605       1
   84     595       1
   85     666       1
   86     194       1
   86     429       1
   86     558       1
   86     616       1
   88     194       1
   88     234       1
   88     287       1
   88     465       1
   88     531       1
   88     692       1
   89     231       1
   90     172       1
   90     335       1
   91     698       1
   92      96       1
   92     201       1
   93     129       1
   93     543       1
   93     609       1
   94     261       1
   95     190       1
   95     209       1
   96     118       1
   96     204       1
   97     195       1
   98     382       1
   99     153       1
   99     462       1
   99     520       1
  100     494       1
  101     487       1
  102     531       1
  102     656       1
  103     364       1
  103     639       1
  104     346       1
  104     366       1
  105     465       1
  106     224       1
  107     646       1
  108     153       1
  108     257       1
  108     533       1
  109     131       1
  109     279       1
  109     339       1
  109     509       1
  109     544       1
  110     179       1
  110     300       1
  110     336       1
  110     545       1
  111     303       1
  111     513       1
  113     476       1
  114     510       1
  115     379       1
  115     593       1
  116     559       1
  117     501       1
  118     229       1
  118     527       1
  119     494       1
  119     507       1
  120     138       1
  120     151       1
  120     399       1
  120     419       1
  120     521       1
  121     141       1
  121     560       1
  121     623       1
  122     265       1
  122     301       1
  123     153       1
  123     530       1
  123     626       1
  124     418       1
  124     467       1
  124     508       1
  125     603       1
  125     664       1
  125     697       1
  126     148       1
  126     637       1
  127     183       1
  128     446       1
  129     490       1
  130     336       1
  131     619       1
  132     680       1
  133     349       1
  134     495       1
  135     195       1
  136     516       1
  137     580       1
  138     243       1
  138     465       1
  139     153       1
  139     186       1
  140     642       1
  141     422       1
  142     690       1
  143     182       1
  143     585       1
  144     555       1
  145     442       1
  145     495       1
  146     222       1
  146     341       1
  146     367       1
  146     549       1
  146     600       1
  147     531       1
  148     179       1
  148     372       1
  148     556       1
  149     218       1
  150     475       1
  150     635       1
  150     676       1
  151     298       1
  152     268       1
  153     207       1
  153     265       1
  153     352       1
  153     463       1
  153     552       1
  154     626       1
  155     312       1
  155     678       1
  157     326       1
  159     288       1
  160     458       1
  161     301       1
  161     614       1
  161     644       1
  162     222       1
  162     289       1
  162     371       1
  163     413       1
  164     385       1
  164     552       1
  165     338       1
  166     282       1
  167     435       1
  168     440       1
  169     431       1
  170     297       1
  171     217       1
  171     318       1
  173     213       1
  174     432       1
  174     538       1
  175     344       1
  176     197       1
  176     423       1
  176     435       1
  176     599       1
  178     478       1
  178     584       1
  179     589       1
  179     627       1
  180     697       1
  183     399       1
  184     211       1
  184     375       1
  184     430       1
  184     456       1
  184     460       1
  185     236       1
  186     285       1
  186     313       1
  186     601       1
  187     540       1
  188     234       1
  188     294       1
  189     470       1
  189     474       1
  190     195       1
  190     246       1
  190     581       1
  190     647       1
  191     313       1
  192     194       1
  192     270       1
  193     469       1
  194     543       1
  194     671       1
  195     244       1
  195     699       1
  198     515       1
  199     212       1
  199     216       1
  199     307       1
  199     381       1
  199     458       1
  199     512       1
  199     576       1
  202     445       1
  202     678       1
  204     338       1
  204     374       1
  205     236       1
  205     389       1
  205     490       1
  205     661       1
  206     294       1
  206     484       1
  207     610       1
  207     671       1
  208     542       1
  210     640       1
  212     244       1
  212     374       1
  212     407       1
  212     451       1
  212     496       1
  212     508       1
  213     552       1
  214     534       1
  215     586       1
  215     695       1
  218     490       1
  219     251       1
  219     333       1
  219     504       1
  219     588       1
  220     265       1
  220     443       1
  222     640       1
  223     231       1
  223     580       1
  225     288       1
  226     274       1
  226     559       1
  227     326       1
  228     550       1
  229     651       1
  230     360       1
  231     276       1
  231     322       1
  231     371       1
  232     644       1
  233     311       1
  233     349       1
  235     290       1
  235     606       1
  237     698       1
  238     311       1
  239     301       1
  240     548       1
  240     645       1
  241     352       1
  242     656       1
  243     524       1
  244     502       1
  245     677       1
  247     566       1
  247     669       1
  248     376       1
  248     400       1
  249     307       1
  249     355       1
  250     381       1
  251     671       1
  252     600       1
  253     263       1
  253     300       1
  254     342       1
  255     582       1
  256     349       1
  256     360       1
  256     537       1
  257     657       1
  258     637       1
  260     297       1
  260     420       1
  260     453       1
  260     503       1
  262     295       1
  264     479       1
  265     378       1
  265     426       1
  266     379       1
  268     555       1
  269     293       1
  271     465       1
  271     522       1
  272     382       1
  272     390       1
  272     679       1
  273     572       1
  275     479       1
  275     599       1
  276     531       1
  277     345       1
  278     309       1
  280     348       1
  280     381       1
  280     652       1
  281     306       1
  282     477       1
  283     325       1
  283     559       1
  284     647       1
  286     439       1
  286     592       1
  287     602       1
  289     297       1
  289     365       1
  289     396       1
  290     431       1
  292     506       1
  293     559       1
  294     615       1
  295     441       1
  296     437       1
  296     438       1
  297     554       1
  297     555       1
  299     330       1
  301     681       1
  302     304       1
  302     442       1
  303     630       1
  305     318       1
  305     649       1
  306     381       1
  306     427       1
  306     569       1
  307     309       1
  307     380       1
  307     525       1
  307     578       1
  308     383       1
  309     415       1
  309     570       1
  310     464       1
  310     687       1
  311     498       1
  313     395       1
  313     450       1
  313     659       1
  314     343       1
  314     435       1
  314     552       1
  315     460       1
  316     602       1
  317     401       1
  318     342       1
  318     642       1
  318     675       1
  319     525       1
  320     667       1
  321     449       1
  322     340       1
  322     438       1
  322     540       1
  322     557       1
  324     563       1
  326     352       1
  326     477       1
  327     647       1
  328     381       1
  329     405       1
  329     467       1
  329     648       1
  330     607       1
  331     412       1
  332     536       1
  332     694       1
  334     607       1
  335     345       1
  335     398       1
  335     410       1
  336     442       1
  336     520       1
  337     339       1
  340     447       1
  342     360       1
  342     627       1
  342     696       1
  344     665       1
  345     599       1
  347     490       1
  348     661       1
  349     350       1
  349     351       1
  351     432       1
  352     519       1
  353     421       1
  354     680       1
  356     542       1
  357     586       1
  358     394       1
  358     414       1
  359     424       1
  360     413       1
  360     493       1
  361     480       1
  363     388       1
  366     490       1
  367     408       1
  369     658       1
  371     646       1
  372     624       1
  373     600       1
  375     646       1
  376     563       1
  379     469       1
  379     500       1
  381     595       1
  383     482       1
  384     490       1
  384     645       1
  386     472       1
  389     484       1
  391     432       1
  392     511       1
  393     421       1
  393     428       1
  393     513       1
  393     528       1
  393     539       1
  394     510       1
  395     511       1
  396     568       1
  397     480       1
  397     583       1
  398     527       1
  401     440       1
  401     505       1
  402     441       1
  402     452       1
  402     526       1
  402     675       1
  403     677       1
  404     682       1
  406     418       1
  406     553       1
  406     577       1
  409     485       1
  409     512       1
  410     686       1
  412     552       1
  412     562       1
  412     682       1
  416     549       1
  417     542       1
  419     476       1
  423     439       1
  425     690       1
  427     547       1
  428     474       1
  429     583       1
  429     650       1
  429     700       1
  430     546       1
  431     459       1
  431     490       1
  433     575       1
  433     609       1
  435     608       1
  436     640       1
  438     499       1
  438     501       1
  438     542       1
  439     473       1
  439     496       1
  439     608       1
  440     520       1
  440     541       1
  440     611       1
  444     633       1
  446     606       1
  446     695       1
  448     604       1
  449     621       1
  451     455       1
  451     614       1
  454     637       1
  455     613       1
  457     548       1
  461     696       1
  465     596       1
  466     651       1
  468     532       1
  469     475       1
  471     547       1
  471     639       1
  472     617       1
  472     666       1
  476     496       1
  476     678       1
  481     488       1
  482     638       1
  483     523       1
  487     625       1
  488     520       1
  489     535       1
  490     497       1
  490     506       1
  492     552       1
  492     573       1
  492     666       1
  502     685       1
  504     506       1
  505     691       1
  507     540       1
  509     607       1
  510     667       1
  516     670       1
  518     523       1
  526     547       1
  526     590       1
  526     655       1
  527     625       1
  527     635       1
  532     665       1
  534     650       1
  535     646       1
  536     678       1
  543     587       1
  543     598       1
  547     662       1
  549     618       1
  550     641       1
  551     639       1
  552     690       1
  552     697       1
  556     674       1
  559     594       1
  565     661       1
  566     571       1
  566     640       1
  567     616       1
  572     632       1
  573     631       1
  580     604       1
  583     585       1
  583     673       1
  591     690       1
  595     597       1
  600     672       1
  608     688       1
  612     627       1
  620     664       1
  622     627       1
  628     658       1
  631     684       1
  634     639       1
  635     654       1
  637     646       1
  639     695       1
  652     687       1
  655     675       1
  660     661       1
  665     698       1
  693     696       1
