  300     326
    1     177       1
    2     176       1
    2     276       1
    3     190       1
    3     283       1
    3     300       1
    4     273       1
    5     226       1
    5     268       1
    6     227       1
    7     113       1
    7     244       1
    8      40       1
    9     172       1
    9     256       1
   10     223       1
   11      55       1
   12     168       1
   12     232       1
   13     157       1
   14      75       1
   14     295       1
   15      34       1
   15     130       1
   15     259       1
   16      68       1
   17      87       1
   18     179       1
   19     175       1
   20     201       1
   20     204       1
   20     295       1
   21      79       1
   21     209       1
   21     211       1
   22     187       1
   22     196       1
   23      52       1
   23     195       1
   24     211       1
   25      76       1
   25     154       1
   25     273       1
   26     131       1
   27      39       1
   28     190       1
   29     244       1
   30     265       1
   31      96       1
   32      72       1
   33     162       1
   33     195       1
   33     263       1
   35     152       1
   36      66       1
   36      98       1
   36     226       1
   36     228       1
   37      71       1
   38     131       1
   39     300       1
   40     139       1
   40     144       1
   40     157       1
   40     162       1
   41     295       1
   42     121       1
   42     173       1
   42     193       1
   43     101       1
   43     226       1
   44     129       1
   45     269       1
   46     124       1
   46     151       1
   46     252       1
   47     203       1
   48      66       1
   48     140       1
   49     275       1
   50     111       1
   51     167       1
   52     206       1
   53      90       1
   54      99       1
   55     129       1
   55     271       1
   56      89       1
   56      95       1
   57     110       1
   58     295       1
   59     223       1
   59     290       1
   60     254       1
   61     223       1
   61     270       1
   62     188       1
   63     162       1
   63     224       1
   63     259       1
   64      66       1
   65     104       1
   66      82       1
   66     201       1
   67      68       1
   67     101       1
   67     164       1
   67     242       1
   67     254       1
   68     110       1
   68     253       1
   68     281       1
   69     145       1
   69     150       1
   69     198       1
   69     232       1
   70     125       1
   70     185       1
   71     129       1
   71     265       1
   72     153       1
   72     201       1
   73      74       1
   74     110       1
   75     243       1
   77      99       1
   77     268       1
   78     169       1
   78     239       1
   80     264       1
   81     158       1
   82      84       1
   82     118       1
   83      90       1
   83     128       1
   83     253       1
   84     248       1
   85     253       1
   86     110       1
   86     264       1
   87     105       1
   87     273       1
   88     235       1
   89     207       1
   90     300       1
   91     177       1
   92     215       1
   92     237       1
   92     248       1
   93     194       1
   94     221       1
   95     155       1
   95     198       1
   95     296       1
   96     103       1
   96     150       1
   96     187       1
   97     203       1
   97     244       1
   98     103       1
   99     142       1
  100     198       1
  102     170       1
  104     119       1
  104     155       1
  104     272       1
  105     247       1
  106     150       1
  107     251       1
  108     234       1
  109     248       1
  110     185       1
  110     211       1
  110     251       1
  111     289       1
  112     288       1
  112     293       1
  114     275       1
  115     148       1
  115     174       1
  115     201       1
  116     198       1
  116     200       1
  117     294       1
  119     126       1
  119     246       1
  120     203       1
  120     216       1
  121     145       1
  122     189       1
  122     253       1
  122     299       1
  123     128       1
  126     201       1
  127     266       1
  129     166       1
  129     251       1
  129     298       1
  131     218       1
  132     187       1
  132     258       1
  132     272       1
  133     223       1
  134     159       1
  134     275       1
  135     161       1
  135     212       1
  135     219       1
  136     215       1
  136     296       1
  137     173       1
  137     245       1
  138     177       1
  139     193       1
  140     146       1
  141     222       1
  142     251       1
  142     255       1
  142     261       1
  143     147       1
  143     201       1
  143     250       1
  145     218       1
  147     277       1
  148     245       1
  149     151       1
  150     201       1
  150     259       1
  150     290       1
  151     182       1
  151     197       1
  151     241       1
  152     264       1
  155     165       1
  155     222       1
  155     278       1
  155     297       1
  156     186       1
  156     221       1
  156     233       1
  156     257       1
  158     178       1
  158     236       1
  160     238       1
  160     249       1
  160     251       1
  161     261       1
  162     167       1
  163     228       1
  164     211       1
  166     222       1
  169     251       1
  170     244       1
  170     275       1
  171     244       1
  173     179       1
  173     211       1
  173     226       1
  173     241       1
  173     273       1
  173     275       1
  174     255       1
  175     193       1
  176     295       1
  177     184       1
  177     268       1
  178     269       1
  179     294       1
  180     192       1
  181     183       1
  181     273       1
  182     219       1
  182     234       1
  185     289       1
  186     264       1
  187     199       1
  187     278       1
  188     228       1
  191     228       1
  192     211       1
  192     214       1
  192     274       1
  194     289       1
  195     240       1
  195     283       1
  198     203       1
  198     217       1
  200     229       1
  200     294       1
  201     282       1
  202     253       1
  204     207       1
  205     222       1
  206     262       1
  207     251       1
  208     273       1
  210     257       1
  210     282       1
  211     259       1
  213     296       1
  217     285       1
  218     225       1
  218     292       1
  219     231       1
  219     288       1
  220     298       1
  223     244       1
  223     256       1
  225     253       1
  226     266       1
  227     251       1
  229     244       1
  230     259       1
  233     260       1
  234     260       1
  235     273       1
  236     261       1
  237     259       1
  237     291       1
  238     287       1
  255     267       1
  259     286       1
  265     280       1
  268     284       1
  273     293       1
  279     290       1
