  400     429
    1     112       1
    1     137       1
    1     359       1
    2     200       1
    3      24       1
    3      44       1
    3     386       1
    4     377       1
    5     213       1
    6     259       1
    6     393       1
    7      73       1
    8     189       1
    8     330       1
    9      41       1
   10      55       1
   10     173       1
   10     278       1
   11     262       1
   12     176       1
   12     256       1
   13     197       1
   14     123       1
   15     370       1
   16     283       1
   17     195       1
   17     341       1
   18      80       1
   18      83       1
   18     142       1
   18     150       1
   18     255       1
   18     292       1
   18     337       1
   19      33       1
   19     391       1
   20     327       1
   20     330       1
   21     176       1
   22     314       1
   23     328       1
   24     271       1
   25     264       1
   26     228       1
   26     336       1
   26     395       1
   27     168       1
   27     346       1
   28     102       1
   28     193       1
   28     254       1
   29     158       1
   30     133       1
   31      37       1
   31     391       1
   32     138       1
   33     119       1
   34      60       1
   35     137       1
   35     138       1
   35     316       1
   36     346       1
   38     382       1
   39     346       1
   39     347       1
   40     252       1
   41      75       1
   41     148       1
   41     249       1
   42     102       1
   43     194       1
   43     386       1
   44     101       1
   45      72       1
   45     301       1
   46      77       1
   47     288       1
   48      67       1
   48      88       1
   48     138       1
   48     187       1
   48     252       1
   48     364       1
   49      68       1
   50      83       1
   50     275       1
   51     135       1
   52     339       1
   53      71       1
   53      78       1
   53     104       1
   53     119       1
   53     124       1
   53     213       1
   54     240       1
   55      74       1
   55      91       1
   55     177       1
   55     184       1
   56     109       1
   56     129       1
   56     206       1
   56     295       1
   56     379       1
   57      85       1
   58     365       1
   59     260       1
   59     314       1
   60      93       1
   61     140       1
   62     370       1
   63      77       1
   64     105       1
   65      70       1
   65     339       1
   66     275       1
   67      83       1
   67      96       1
   67     105       1
   67     116       1
   67     197       1
   67     375       1
   68      71       1
   68     208       1
   68     246       1
   68     257       1
   68     319       1
   68     335       1
   68     344       1
   69      95       1
   71      82       1
   71      83       1
   71     172       1
   72     214       1
   73     239       1
   74     197       1
   74     271       1
   74     277       1
   75      92       1
   75     250       1
   75     375       1
   76     145       1
   76     348       1
   77     345       1
   77     395       1
   79      95       1
   79     118       1
   81     175       1
   82     285       1
   82     310       1
   83      94       1
   83     167       1
   83     297       1
   83     331       1
   83     337       1
   83     371       1
   84     244       1
   84     318       1
   84     374       1
   85     135       1
   85     203       1
   85     289       1
   85     300       1
   85     353       1
   85     398       1
   86      87       1
   87      96       1
   88     157       1
   88     174       1
   88     242       1
   88     381       1
   89     104       1
   89     160       1
   89     368       1
   90     106       1
   92     296       1
   92     320       1
   92     377       1
   93     291       1
   93     330       1
   95     273       1
   96     243       1
   97     342       1
   97     380       1
   98     142       1
   98     278       1
   99     125       1
  100     214       1
  101     117       1
  101     179       1
  101     308       1
  102     210       1
  103     281       1
  104     215       1
  104     289       1
  105     216       1
  105     226       1
  106     179       1
  106     219       1
  107     211       1
  108     156       1
  108     315       1
  109     333       1
  109     365       1
  109     385       1
  110     162       1
  110     231       1
  111     309       1
  113     283       1
  114     323       1
  115     179       1
  115     230       1
  115     276       1
  116     138       1
  117     211       1
  118     205       1
  119     127       1
  119     158       1
  119     214       1
  119     286       1
  119     298       1
  119     330       1
  119     332       1
  120     374       1
  121     231       1
  121     256       1
  121     327       1
  122     219       1
  122     355       1
  123     263       1
  125     299       1
  125     374       1
  126     293       1
  128     356       1
  129     175       1
  130     231       1
  131     210       1
  131     391       1
  132     232       1
  132     395       1
  133     350       1
  133     359       1
  134     340       1
  135     354       1
  136     265       1
  138     302       1
  139     278       1
  140     179       1
  141     250       1
  142     217       1
  142     227       1
  142     270       1
  143     364       1
  144     221       1
  145     297       1
  145     357       1
  146     383       1
  147     363       1
  149     322       1
  151     214       1
  152     204       1
  153     303       1
  154     366       1
  154     398       1
  155     194       1
  155     263       1
  156     227       1
  157     290       1
  157     311       1
  158     266       1
  159     388       1
  161     184       1
  161     273       1
  163     170       1
  163     349       1
  164     316       1
  164     324       1
  165     176       1
  166     181       1
  169     386       1
  171     339       1
  171     362       1
  172     192       1
  172     245       1
  172     281       1
  172     334       1
  174     201       1
  174     358       1
  174     392       1
  176     273       1
  178     364       1
  179     297       1
  179     322       1
  179     352       1
  180     251       1
  181     399       1
  182     248       1
  182     316       1
  182     330       1
  183     236       1
  184     185       1
  184     282       1
  185     225       1
  186     233       1
  188     385       1
  190     206       1
  190     271       1
  190     346       1
  191     247       1
  193     254       1
  194     353       1
  195     284       1
  196     370       1
  196     386       1
  197     236       1
  198     310       1
  199     235       1
  199     377       1
  200     254       1
  200     389       1
  202     228       1
  204     346       1
  205     264       1
  205     326       1
  206     218       1
  207     208       1
  208     379       1
  209     330       1
  210     318       1
  212     364       1
  213     267       1
  215     258       1
  215     316       1
  216     234       1
  217     349       1
  219     317       1
  219     351       1
  220     311       1
  221     306       1
  221     380       1
  221     391       1
  222     267       1
  223     250       1
  224     392       1
  229     231       1
  231     325       1
  233     329       1
  233     386       1
  236     323       1
  237     389       1
  238     316       1
  239     273       1
  239     363       1
  240     304       1
  241     314       1
  242     283       1
  242     324       1
  243     356       1
  243     400       1
  244     287       1
  247     279       1
  247     295       1
  251     260       1
  251     273       1
  252     259       1
  252     288       1
  252     328       1
  252     340       1
  253     379       1
  259     263       1
  259     326       1
  260     272       1
  261     336       1
  261     378       1
  262     324       1
  265     273       1
  265     299       1
  267     341       1
  268     325       1
  269     377       1
  274     298       1
  276     338       1
  280     302       1
  280     367       1
  282     338       1
  283     360       1
  284     295       1
  288     394       1
  290     373       1
  291     390       1
  293     335       1
  294     319       1
  295     303       1
  297     346       1
  297     391       1
  298     388       1
  299     337       1
  304     370       1
  305     349       1
  307     339       1
  309     338       1
  309     355       1
  309     397       1
  309     399       1
  310     312       1
  312     372       1
  313     383       1
  314     360       1
  321     353       1
  324     396       1
  325     339       1
  325     346       1
  325     382       1
  335     338       1
  335     343       1
  336     383       1
  338     368       1
  339     361       1
  343     369       1
  354     366       1
  354     387       1
  360     394       1
  364     376       1
  366     379       1
  368     384       1
  377     396       1
  379     391       1
  379     395       1
  389     391       1
