  300     326
    1      31       1
    2     106       1
    2     127       1
    3      20       1
    3     241       1
    4     110       1
    5     117       1
    6      41       1
    6      86       1
    7     192       1
    8     206       1
    8     277       1
    9      46       1
    9     230       1
   10      62       1
   10     181       1
   11     259       1
   12      54       1
   12     161       1
   13     206       1
   14     186       1
   15      54       1
   15     280       1
   16     274       1
   17     107       1
   18     227       1
   19     127       1
   19     144       1
   19     253       1
   21      36       1
   21     175       1
   21     210       1
   22      58       1
   23      60       1
   23      62       1
   23      98       1
   24     134       1
   25     163       1
   25     234       1
   26     216       1
   27     184       1
   27     209       1
   28      71       1
   28     119       1
   28     179       1
   28     241       1
   29     259       1
   30      88       1
   30     106       1
   31     184       1
   32     160       1
   32     170       1
   32     248       1
   32     296       1
   33     191       1
   34      40       1
   34     272       1
   35      44       1
   35      46       1
   35      62       1
   35     133       1
   35     166       1
   35     177       1
   35     257       1
   36     115       1
   37     212       1
   37     218       1
   37     292       1
   38      62       1
   38      75       1
   38     124       1
   38     192       1
   38     198       1
   38     210       1
   38     261       1
   39      64       1
   39     169       1
   39     209       1
   40     207       1
   41      76       1
   41     257       1
   42      50       1
   42      73       1
   43     298       1
   44     190       1
   44     205       1
   44     255       1
   44     283       1
   45     233       1
   47      79       1
   47      81       1
   48     113       1
   49      80       1
   49     144       1
   49     159       1
   49     244       1
   50     197       1
   51     215       1
   51     281       1
   52     173       1
   53     289       1
   54      90       1
   55     282       1
   55     294       1
   56     129       1
   56     138       1
   57     208       1
   58      64       1
   58     153       1
   58     203       1
   58     207       1
   59     126       1
   59     206       1
   59     207       1
   59     216       1
   60     247       1
   60     289       1
   61     170       1
   62      67       1
   62     127       1
   62     206       1
   62     232       1
   62     272       1
   62     296       1
   63     124       1
   63     131       1
   65     102       1
   66      75       1
   67     254       1
   67     291       1
   68      76       1
   68     192       1
   69      93       1
   69     202       1
   69     228       1
   70     220       1
   72     147       1
   74     248       1
   75     151       1
   75     299       1
   77     101       1
   77     261       1
   78     167       1
   79     102       1
   79     115       1
   80     116       1
   81     107       1
   81     149       1
   81     195       1
   82     191       1
   82     210       1
   82     287       1
   83     163       1
   83     211       1
   84     149       1
   85     163       1
   85     210       1
   87     168       1
   87     251       1
   89     124       1
   89     147       1
   90      98       1
   90     171       1
   91     139       1
   92     229       1
   93     126       1
   94     163       1
   95     175       1
   95     210       1
   96     126       1
   96     130       1
   96     149       1
   96     237       1
   97     167       1
   98     113       1
   98     123       1
   98     199       1
   98     224       1
   98     295       1
   98     297       1
   99     186       1
  100     143       1
  100     180       1
  100     182       1
  100     194       1
  100     240       1
  100     251       1
  102     212       1
  103     126       1
  103     152       1
  104     141       1
  105     109       1
  105     120       1
  105     300       1
  107     109       1
  108     264       1
  110     149       1
  111     223       1
  112     185       1
  114     179       1
  114     226       1
  114     276       1
  114     294       1
  115     206       1
  115     211       1
  115     281       1
  116     225       1
  117     247       1
  118     178       1
  119     207       1
  119     261       1
  120     276       1
  121     178       1
  121     208       1
  121     236       1
  122     230       1
  124     163       1
  124     214       1
  125     274       1
  126     217       1
  126     299       1
  127     233       1
  127     294       1
  128     222       1
  128     286       1
  130     146       1
  131     155       1
  132     175       1
  132     225       1
  134     264       1
  135     276       1
  136     223       1
  137     288       1
  138     155       1
  138     193       1
  139     194       1
  140     299       1
  141     157       1
  142     229       1
  144     176       1
  144     273       1
  145     171       1
  147     213       1
  147     243       1
  148     205       1
  148     278       1
  149     169       1
  149     295       1
  150     243       1
  150     280       1
  154     275       1
  156     231       1
  156     281       1
  157     243       1
  157     256       1
  158     222       1
  158     246       1
  158     267       1
  161     294       1
  162     296       1
  163     200       1
  163     208       1
  164     238       1
  165     262       1
  166     172       1
  167     201       1
  167     259       1
  170     193       1
  173     176       1
  174     266       1
  174     288       1
  175     284       1
  178     279       1
  179     189       1
  180     240       1
  181     246       1
  183     206       1
  184     261       1
  185     221       1
  186     258       1
  186     286       1
  187     212       1
  187     218       1
  188     228       1
  188     252       1
  189     219       1
  196     231       1
  197     247       1
  200     242       1
  204     263       1
  205     261       1
  206     260       1
  208     256       1
  210     218       1
  210     242       1
  210     288       1
  214     229       1
  216     265       1
  218     223       1
  220     247       1
  220     285       1
  221     248       1
  221     250       1
  221     253       1
  224     249       1
  224     268       1
  227     253       1
  229     274       1
  232     290       1
  232     293       1
  233     251       1
  235     284       1
  238     285       1
  239     249       1
  243     264       1
  245     298       1
  252     295       1
  253     258       1
  259     298       1
  261     269       1
  261     298       1
  262     296       1
  263     281       1
  270     272       1
  271     288       1
  275     294       1
