  200     221
    1       8       1
    1      10       1
    1      89       1
    1     112       1
    1     139       1
    2      53       1
    3     112       1
    4      12       1
    4      64       1
    4      65       1
    5       9       1
    6     125       1
    7      20       1
    7     121       1
    7     159       1
    8     148       1
    9      37       1
    9     165       1
   11      92       1
   13      44       1
   13      50       1
   14      54       1
   14      59       1
   14     172       1
   15     105       1
   15     117       1
   15     196       1
   16     170       1
   17      97       1
   18      69       1
   19     158       1
   20     138       1
   21     183       1
   22      66       1
   23      38       1
   23      78       1
   23     163       1
   23     200       1
   24      56       1
   25      27       1
   25     137       1
   25     147       1
   25     200       1
   26     147       1
   26     157       1
   27     111       1
   27     141       1
   28      52       1
   29     167       1
   30     118       1
   31     156       1
   31     197       1
   32      76       1
   32      91       1
   32     102       1
   32     146       1
   33      73       1
   33      83       1
   33     135       1
   33     146       1
   33     197       1
   34      41       1
   34      76       1
   34     154       1
   34     196       1
   35      65       1
   35     102       1
   36      42       1
   36     119       1
   37      63       1
   37     144       1
   37     153       1
   38      50       1
   39      89       1
   40      70       1
   43     185       1
   45      68       1
   46      64       1
   46     122       1
   47     186       1
   48     140       1
   48     190       1
   49     183       1
   50     105       1
   51      85       1
   51     133       1
   51     142       1
   52      71       1
   52     151       1
   53      58       1
   53      75       1
   53     142       1
   53     149       1
   54     140       1
   55      96       1
   55     157       1
   56      77       1
   56      84       1
   56     174       1
   57      81       1
   57     145       1
   57     197       1
   58      96       1
   58     152       1
   58     171       1
   58     180       1
   59     183       1
   60     135       1
   60     192       1
   61     181       1
   62      98       1
   62     140       1
   64     167       1
   64     200       1
   65     116       1
   65     120       1
   65     170       1
   66     163       1
   66     190       1
   67     143       1
   68     179       1
   69      84       1
   69      88       1
   70      72       1
   70     112       1
   70     128       1
   70     157       1
   71     121       1
   71     152       1
   73     197       1
   74      85       1
   77     100       1
   77     200       1
   78      79       1
   79     166       1
   79     171       1
   80      87       1
   80     197       1
   82     114       1
   83     168       1
   83     177       1
   84     182       1
   85     149       1
   86     113       1
   86     176       1
   90     121       1
   90     124       1
   90     143       1
   90     198       1
   91     192       1
   92     107       1
   93     128       1
   94     115       1
   94     153       1
   95      97       1
   96     141       1
   96     155       1
   97     139       1
   99     187       1
  101     133       1
  103     177       1
  104     157       1
  104     179       1
  105     170       1
  105     183       1
  105     191       1
  106     126       1
  106     127       1
  107     118       1
  107     185       1
  107     192       1
  107     197       1
  108     128       1
  109     133       1
  109     169       1
  110     124       1
  112     191       1
  114     130       1
  114     189       1
  114     195       1
  114     200       1
  116     178       1
  117     166       1
  118     187       1
  119     200       1
  123     133       1
  125     152       1
  127     155       1
  129     149       1
  130     171       1
  130     181       1
  131     192       1
  132     135       1
  132     168       1
  133     160       1
  134     196       1
  136     139       1
  138     145       1
  140     162       1
  140     183       1
  140     199       1
  143     175       1
  144     194       1
  146     164       1
  146     191       1
  147     193       1
  150     180       1
  152     200       1
  153     200       1
  157     197       1
  158     167       1
  159     173       1
  161     179       1
  165     178       1
  171     188       1
  175     180       1
  176     186       1
  176     200       1
  179     184       1
  182     194       1
  191     200       1
