  100     114
    1      11       1
    2      27       1
    2      32       1
    2      90       1
    3      12       1
    3      58       1
    3     100       1
    4      34       1
    4      91       1
    5      78       1
    5     100       1
    6      33       1
    7      30       1
    7      99       1
    8      10       1
    8      58       1
    9      10       1
   10      22       1
   10      35       1
   10      50       1
   10      78       1
   10      99       1
   11      19       1
   11      48       1
   11      57       1
   12      28       1
   12      72       1
   13      16       1
   13      19       1
   14      58       1
   15      16       1
   15      35       1
   15      41       1
   15      63       1
   15      82       1
   15      83       1
   16      52       1
   17      58       1
   17      96       1
   18      36       1
   18      68       1
   19      35       1
   19      37       1
   19      40       1
   19      79       1
   20      58       1
   21      23       1
   21      39       1
   21      59       1
   21      67       1
   21      76       1
   21      77       1
   21      80       1
   21      88       1
   21      93       1
   24      52       1
   24      55       1
   24      87       1
   25      92       1
   26      51       1
   26      91       1
   27      47       1
   28      44       1
   28      64       1
   28      97       1
   29      55       1
   31      73       1
   32      79       1
   33      65       1
   33      91       1
   34      37       1
   35      36       1
   38      48       1
   39      75       1
   40     100       1
   42      73       1
   43      61       1
   43      66       1
   45      58       1
   45      95       1
   46      74       1
   46      79       1
   46      98       1
   47      79       1
   48      70       1
   49      62       1
   49      66       1
   50      53       1
   51      59       1
   52      66       1
   54      58       1
   56      70       1
   56      86       1
   60      71       1
   61      92       1
   61     100       1
   62      77       1
   64      75       1
   64      80       1
   64      89       1
   64      92       1
   68      71       1
   68      78       1
   69      71       1
   69      79       1
   70      73       1
   70      79       1
   75      85       1
   76      84       1
   78      80       1
   78      81       1
   78      97       1
   79      91       1
   82      94       1
