  600     636
    1       2       1
    1     297       1
    2      91       1
    2     190       1
    2     472       1
    2     596       1
    3     598       1
    4     316       1
    4     585       1
    5     582       1
    6      54       1
    6     344       1
    6     515       1
    6     576       1
    7     376       1
    7     386       1
    8     497       1
    9     275       1
   10     232       1
   10     256       1
   10     323       1
   10     423       1
   10     513       1
   11      98       1
   11     354       1
   11     386       1
   11     443       1
   12     178       1
   13     427       1
   14      56       1
   14     140       1
   15     521       1
   16     218       1
   16     479       1
   17      72       1
   17     567       1
   18     113       1
   19     141       1
   20     455       1
   21     449       1
   22     283       1
   23     450       1
   23     567       1
   24     411       1
   24     513       1
   25      74       1
   25     460       1
   26     437       1
   27     101       1
   27     224       1
   28     172       1
   28     274       1
   28     475       1
   28     591       1
   29     524       1
   30     106       1
   30     229       1
   30     327       1
   31     542       1
   32     138       1
   32     559       1
   33      72       1
   33     355       1
   33     468       1
   33     513       1
   34     274       1
   35     525       1
   35     542       1
   36     325       1
   37     419       1
   38      60       1
   39      90       1
   39      96       1
   39     272       1
   40     102       1
   41     108       1
   42      48       1
   42      64       1
   42     110       1
   42     171       1
   42     249       1
   42     419       1
   42     540       1
   43     181       1
   43     299       1
   44     551       1
   45      78       1
   46     291       1
   47     116       1
   47     367       1
   48     246       1
   49     471       1
   49     528       1
   50      92       1
   51     502       1
   52     148       1
   52     286       1
   53     135       1
   53     342       1
   53     384       1
   53     479       1
   54     152       1
   55      71       1
   56     492       1
   57     493       1
   57     569       1
   58     187       1
   59     221       1
   60     538       1
   61      84       1
   61     388       1
   61     564       1
   62     439       1
   63     118       1
   63     447       1
   64     415       1
   65     272       1
   65     361       1
   65     542       1
   66     416       1
   67     329       1
   68     197       1
   69     184       1
   70     120       1
   71     209       1
   71     309       1
   72     353       1
   72     418       1
   73     318       1
   74     303       1
   74     393       1
   74     539       1
   74     551       1
   75     416       1
   75     447       1
   76     307       1
   77     246       1
   78     252       1
   78     272       1
   78     325       1
   78     404       1
   79     208       1
   79     484       1
   79     556       1
   80     120       1
   80     263       1
   81     546       1
   82     120       1
   83     184       1
   84     568       1
   85     348       1
   86     163       1
   86     559       1
   86     585       1
   87     109       1
   87     371       1
   87     449       1
   87     564       1
   87     590       1
   88     184       1
   88     202       1
   89     250       1
   90     561       1
   92     123       1
   92     256       1
   93     405       1
   93     465       1
   93     547       1
   94     234       1
   94     249       1
   95     195       1
   96     135       1
   96     434       1
   96     513       1
   97     518       1
   98     442       1
   98     470       1
   99     272       1
  100     448       1
  101     263       1
  101     409       1
  102     385       1
  102     497       1
  102     573       1
  103     227       1
  104     422       1
  105     567       1
  106     496       1
  106     533       1
  106     586       1
  107     194       1
  107     557       1
  108     413       1
  108     583       1
  111     190       1
  111     266       1
  111     369       1
  111     397       1
  111     570       1
  112     170       1
  112     553       1
  113     436       1
  113     439       1
  114     130       1
  114     551       1
  115     455       1
  116     314       1
  117     347       1
  118     164       1
  118     201       1
  118     210       1
  118     290       1
  118     456       1
  119     573       1
  120     167       1
  120     195       1
  120     261       1
  120     308       1
  120     391       1
  121     205       1
  122     515       1
  123     333       1
  123     348       1
  124     164       1
  125     291       1
  126     496       1
  127     510       1
  128     490       1
  129     299       1
  130     260       1
  131     143       1
  131     368       1
  131     564       1
  132     212       1
  133     252       1
  134     249       1
  134     552       1
  135     141       1
  135     347       1
  135     383       1
  135     389       1
  135     474       1
  136     321       1
  137     354       1
  137     508       1
  139     333       1
  141     292       1
  141     588       1
  142     490       1
  142     493       1
  142     513       1
  142     520       1
  142     531       1
  144     419       1
  145     388       1
  146     318       1
  146     600       1
  147     287       1
  147     589       1
  148     481       1
  149     192       1
  150     184       1
  150     194       1
  150     550       1
  151     177       1
  153     556       1
  154     380       1
  155     403       1
  155     598       1
  156     501       1
  157     291       1
  158     325       1
  159     194       1
  160     368       1
  160     416       1
  161     172       1
  161     407       1
  162     497       1
  163     442       1
  163     518       1
  163     582       1
  163     593       1
  164     358       1
  164     478       1
  165     250       1
  165     590       1
  166     596       1
  168     386       1
  169     186       1
  169     219       1
  169     275       1
  169     307       1
  169     387       1
  169     534       1
  170     264       1
  170     562       1
  173     177       1
  173     205       1
  174     594       1
  175     279       1
  176     420       1
  177     240       1
  178     462       1
  179     302       1
  179     523       1
  179     555       1
  180     542       1
  182     286       1
  182     298       1
  182     467       1
  183     193       1
  183     352       1
  184     599       1
  185     187       1
  185     428       1
  185     516       1
  185     579       1
  186     506       1
  187     539       1
  187     600       1
  188     442       1
  189     225       1
  189     345       1
  189     527       1
  189     564       1
  190     362       1
  190     391       1
  190     539       1
  190     577       1
  190     582       1
  191     277       1
  192     541       1
  193     596       1
  194     560       1
  194     564       1
  195     291       1
  196     446       1
  197     446       1
  197     473       1
  197     509       1
  198     402       1
  199     286       1
  199     597       1
  200     409       1
  200     558       1
  200     595       1
  201     519       1
  202     232       1
  202     262       1
  202     430       1
  203     433       1
  204     365       1
  204     412       1
  205     281       1
  205     502       1
  205     583       1
  206     296       1
  207     285       1
  208     511       1
  209     243       1
  209     420       1
  210     306       1
  210     336       1
  210     540       1
  211     488       1
  212     331       1
  212     510       1
  213     545       1
  213     580       1
  213     592       1
  214     237       1
  215     518       1
  216     302       1
  216     433       1
  217     282       1
  217     285       1
  220     586       1
  221     576       1
  222     440       1
  223     541       1
  225     294       1
  226     334       1
  226     560       1
  227     385       1
  227     444       1
  227     510       1
  227     513       1
  227     515       1
  228     324       1
  228     437       1
  230     513       1
  231     375       1
  231     382       1
  232     445       1
  233     280       1
  233     285       1
  234     269       1
  235     585       1
  236     267       1
  236     388       1
  237     348       1
  238     294       1
  238     401       1
  238     499       1
  239     541       1
  241     330       1
  242     307       1
  244     473       1
  245     284       1
  246     319       1
  246     584       1
  247     299       1
  248     305       1
  248     393       1
  248     453       1
  250     380       1
  250     594       1
  251     310       1
  251     389       1
  252     292       1
  253     382       1
  254     303       1
  254     344       1
  255     342       1
  256     258       1
  256     302       1
  256     439       1
  257     495       1
  259     475       1
  264     464       1
  265     538       1
  266     363       1
  266     481       1
  266     544       1
  268     448       1
  268     494       1
  270     471       1
  271     326       1
  271     560       1
  273     277       1
  274     341       1
  275     316       1
  276     521       1
  277     409       1
  278     593       1
  279     311       1
  279     392       1
  279     581       1
  280     377       1
  280     511       1
  283     486       1
  284     549       1
  285     502       1
  286     391       1
  286     514       1
  288     294       1
  289     335       1
  289     436       1
  289     483       1
  289     494       1
  289     530       1
  289     549       1
  289     565       1
  293     509       1
  294     348       1
  294     587       1
  295     418       1
  296     438       1
  297     460       1
  297     469       1
  297     566       1
  298     328       1
  299     442       1
  299     500       1
  300     441       1
  300     531       1
  301     503       1
  304     446       1
  307     327       1
  307     474       1
  308     351       1
  308     366       1
  308     559       1
  308     564       1
  309     504       1
  310     430       1
  311     476       1
  312     421       1
  313     502       1
  315     492       1
  315     575       1
  317     325       1
  318     549       1
  320     452       1
  321     546       1
  321     584       1
  322     541       1
  324     490       1
  324     505       1
  326     394       1
  329     567       1
  330     436       1
  332     513       1
  337     467       1
  338     530       1
  339     462       1
  339     518       1
  339     541       1
  340     567       1
  343     447       1
  344     403       1
  345     364       1
  345     379       1
  346     347       1
  346     454       1
  347     431       1
  347     537       1
  348     385       1
  348     492       1
  349     434       1
  350     450       1
  352     577       1
  355     547       1
  356     424       1
  356     429       1
  356     434       1
  357     406       1
  359     464       1
  360     504       1
  364     419       1
  367     531       1
  367     581       1
  369     495       1
  370     404       1
  370     449       1
  372     437       1
  372     453       1
  372     477       1
  373     478       1
  374     478       1
  374     550       1
  377     409       1
  378     435       1
  378     492       1
  381     406       1
  381     547       1
  382     528       1
  382     536       1
  384     451       1
  384     485       1
  384     535       1
  384     586       1
  384     591       1
  384     598       1
  385     528       1
  385     564       1
  385     571       1
  390     427       1
  395     396       1
  396     434       1
  398     442       1
  399     488       1
  400     433       1
  402     592       1
  404     527       1
  408     431       1
  409     485       1
  410     563       1
  412     478       1
  413     455       1
  413     497       1
  413     538       1
  414     544       1
  416     459       1
  416     596       1
  417     500       1
  418     419       1
  418     446       1
  418     592       1
  421     425       1
  421     435       1
  422     450       1
  426     584       1
  427     439       1
  432     486       1
  435     521       1
  435     548       1
  437     498       1
  437     515       1
  438     488       1
  438     544       1
  440     449       1
  442     491       1
  442     513       1
  442     524       1
  442     543       1
  442     547       1
  447     525       1
  449     574       1
  450     503       1
  451     463       1
  452     581       1
  457     569       1
  458     597       1
  461     546       1
  464     504       1
  464     532       1
  466     586       1
  468     517       1
  478     539       1
  479     521       1
  480     498       1
  482     500       1
  484     570       1
  486     546       1
  487     551       1
  488     539       1
  489     571       1
  490     504       1
  490     576       1
  492     522       1
  492     546       1
  492     549       1
  493     572       1
  493     585       1
  501     525       1
  502     512       1
  502     531       1
  507     531       1
  513     539       1
  515     526       1
  518     554       1
  529     550       1
  563     591       1
  578     581       1
  589     591       1
