  700     739
    1     252       1
    2     569       1
    3     387       1
    3     424       1
    3     462       1
    4     184       1
    5     134       1
    5     450       1
    5     571       1
    6     637       1
    7     476       1
    8     359       1
    8     439       1
    9     337       1
    9     432       1
    9     692       1
   10     443       1
   11     542       1
   12      39       1
   12     538       1
   13     115       1
   14     569       1
   14     624       1
   15     319       1
   16     375       1
   16     615       1
   17      68       1
   17     154       1
   17     320       1
   17     589       1
   18     604       1
   19      78       1
   19     235       1
   19     504       1
   19     511       1
   20     429       1
   20     597       1
   21     227       1
   21     436       1
   22     399       1
   23     616       1
   24     307       1
   25     109       1
   25     547       1
   26     375       1
   27      72       1
   27     255       1
   27     306       1
   27     504       1
   27     617       1
   28     555       1
   29     115       1
   30     228       1
   31     356       1
   31     383       1
   31     460       1
   32      47       1
   32      91       1
   32     226       1
   32     453       1
   33     114       1
   33     145       1
   33     159       1
   33     441       1
   33     466       1
   34      56       1
   35     203       1
   35     598       1
   36     145       1
   36     324       1
   36     555       1
   36     593       1
   37     182       1
   38      70       1
   38      74       1
   38     118       1
   38     487       1
   39     390       1
   39     504       1
   39     569       1
   40     665       1
   41     319       1
   42      47       1
   42     173       1
   42     275       1
   43     113       1
   44     238       1
   45      98       1
   45     559       1
   45     647       1
   46     397       1
   46     472       1
   46     498       1
   47      74       1
   47     164       1
   47     315       1
   47     464       1
   47     504       1
   47     517       1
   47     528       1
   47     564       1
   47     603       1
   48     356       1
   48     508       1
   49     112       1
   49     136       1
   49     384       1
   49     658       1
   49     664       1
   50     106       1
   50     151       1
   50     331       1
   50     333       1
   50     609       1
   51     299       1
   51     354       1
   51     503       1
   51     504       1
   52     477       1
   53      94       1
   53     157       1
   53     185       1
   53     261       1
   54     669       1
   55     184       1
   55     511       1
   55     530       1
   55     678       1
   56     618       1
   57      83       1
   57     253       1
   57     496       1
   58     639       1
   59     121       1
   59     483       1
   59     484       1
   60     508       1
   60     528       1
   60     574       1
   60     592       1
   60     603       1
   61      84       1
   61     187       1
   61     238       1
   61     504       1
   62     559       1
   62     660       1
   63      89       1
   63     146       1
   63     185       1
   63     269       1
   63     671       1
   64     577       1
   65     618       1
   66     332       1
   66     544       1
   67     652       1
   68     421       1
   68     668       1
   69     103       1
   69     266       1
   69     434       1
   71     113       1
   71     251       1
   71     358       1
   71     479       1
   72     562       1
   73     314       1
   74     619       1
   74     635       1
   75     568       1
   76     326       1
   76     400       1
   76     455       1
   77     238       1
   77     691       1
   78     451       1
   79     182       1
   80     266       1
   81     373       1
   81     640       1
   81     667       1
   81     695       1
   82     266       1
   82     414       1
   83     124       1
   83     185       1
   83     651       1
   84     115       1
   85     133       1
   86     264       1
   86     544       1
   86     639       1
   86     694       1
   87     391       1
   87     434       1
   87     542       1
   87     675       1
   88     190       1
   88     304       1
   88     658       1
   89     395       1
   90     398       1
   90     628       1
   91     237       1
   92     224       1
   93     205       1
   94     394       1
   95     148       1
   96     127       1
   96     661       1
   97     238       1
   98     311       1
   99     222       1
  100     114       1
  101     233       1
  101     476       1
  102     590       1
  103     594       1
  104     149       1
  105     134       1
  105     199       1
  105     371       1
  106     167       1
  106     227       1
  107     236       1
  107     423       1
  107     579       1
  108     175       1
  108     314       1
  108     653       1
  109     320       1
  110     258       1
  110     490       1
  111     115       1
  111     697       1
  112     689       1
  113     422       1
  114     232       1
  116     232       1
  117     552       1
  117     571       1
  118     573       1
  119     214       1
  119     234       1
  119     669       1
  120     584       1
  121     153       1
  121     311       1
  121     464       1
  122     573       1
  123     257       1
  123     299       1
  125     398       1
  126     679       1
  127     342       1
  127     623       1
  127     664       1
  128     137       1
  128     280       1
  128     367       1
  129     347       1
  129     596       1
  130     182       1
  130     238       1
  130     491       1
  130     508       1
  130     543       1
  131     439       1
  132     325       1
  132     380       1
  133     425       1
  134     381       1
  135     224       1
  137     272       1
  137     434       1
  138     487       1
  139     469       1
  140     309       1
  140     590       1
  141     179       1
  142     533       1
  143     671       1
  144     323       1
  145     196       1
  145     234       1
  145     238       1
  145     298       1
  145     565       1
  145     631       1
  145     664       1
  146     158       1
  146     467       1
  146     536       1
  146     563       1
  147     638       1
  148     167       1
  149     224       1
  150     510       1
  151     389       1
  152     578       1
  155     443       1
  155     529       1
  156     274       1
  156     328       1
  157     682       1
  158     175       1
  158     229       1
  158     387       1
  159     482       1
  160     511       1
  160     638       1
  161     301       1
  162     652       1
  163     417       1
  164     514       1
  165     577       1
  166     174       1
  167     297       1
  167     469       1
  168     519       1
  168     551       1
  168     617       1
  169     340       1
  170     565       1
  170     577       1
  171     260       1
  171     374       1
  172     232       1
  174     205       1
  174     313       1
  174     460       1
  174     469       1
  175     614       1
  176     287       1
  176     369       1
  177     608       1
  178     508       1
  179     583       1
  180     226       1
  181     625       1
  181     682       1
  183     290       1
  183     322       1
  184     224       1
  184     525       1
  184     575       1
  185     207       1
  185     307       1
  185     456       1
  186     272       1
  187     423       1
  187     582       1
  188     281       1
  189     201       1
  189     652       1
  190     374       1
  190     586       1
  191     571       1
  192     652       1
  193     297       1
  194     370       1
  194     475       1
  195     433       1
  195     441       1
  195     481       1
  196     319       1
  196     338       1
  197     623       1
  198     508       1
  198     548       1
  198     644       1
  199     235       1
  199     317       1
  200     458       1
  202     413       1
  204     346       1
  206     235       1
  206     320       1
  206     330       1
  207     429       1
  207     607       1
  208     418       1
  209     420       1
  209     546       1
  209     635       1
  210     300       1
  210     502       1
  210     567       1
  210     673       1
  211     406       1
  211     638       1
  212     361       1
  213     618       1
  214     414       1
  214     437       1
  215     576       1
  216     666       1
  217     558       1
  217     641       1
  218     287       1
  218     359       1
  219     293       1
  219     349       1
  220     334       1
  221     603       1
  222     396       1
  222     613       1
  222     675       1
  223     375       1
  223     405       1
  223     656       1
  224     507       1
  224     590       1
  224     693       1
  225     404       1
  226     633       1
  227     539       1
  228     363       1
  228     374       1
  228     558       1
  228     649       1
  230     370       1
  230     495       1
  231     628       1
  232     612       1
  232     628       1
  234     281       1
  234     282       1
  234     445       1
  234     576       1
  234     591       1
  234     674       1
  234     675       1
  235     312       1
  235     357       1
  235     524       1
  236     405       1
  237     267       1
  237     401       1
  237     643       1
  238     359       1
  238     364       1
  239     247       1
  239     543       1
  240     389       1
  241     515       1
  241     565       1
  242     265       1
  242     328       1
  243     434       1
  244     363       1
  245     509       1
  245     619       1
  246     279       1
  247     252       1
  248     298       1
  249     436       1
  249     649       1
  250     470       1
  251     333       1
  251     475       1
  251     603       1
  252     643       1
  254     484       1
  255     554       1
  255     587       1
  256     519       1
  259     664       1
  261     525       1
  262     422       1
  262     578       1
  263     600       1
  265     545       1
  265     555       1
  266     460       1
  266     641       1
  266     653       1
  266     664       1
  268     637       1
  269     365       1
  269     502       1
  270     392       1
  271     612       1
  273     320       1
  273     634       1
  274     395       1
  276     386       1
  276     698       1
  277     644       1
  278     321       1
  278     473       1
  279     416       1
  279     545       1
  279     561       1
  280     519       1
  281     417       1
  281     427       1
  281     608       1
  283     545       1
  284     472       1
  285     537       1
  286     554       1
  288     339       1
  289     388       1
  291     375       1
  291     604       1
  292     575       1
  294     494       1
  294     555       1
  295     496       1
  296     581       1
  299     409       1
  301     349       1
  301     379       1
  301     416       1
  301     556       1
  301     677       1
  302     389       1
  303     584       1
  304     515       1
  305     427       1
  306     626       1
  308     510       1
  310     348       1
  310     576       1
  311     395       1
  311     570       1
  312     458       1
  312     461       1
  315     465       1
  315     531       1
  315     625       1
  316     319       1
  316     605       1
  317     557       1
  318     480       1
  320     329       1
  321     674       1
  322     387       1
  323     586       1
  325     555       1
  325     595       1
  327     521       1
  329     506       1
  333     509       1
  333     516       1
  334     346       1
  335     435       1
  335     501       1
  336     392       1
  336     528       1
  337     403       1
  339     623       1
  340     676       1
  341     345       1
  341     359       1
  343     493       1
  344     623       1
  345     470       1
  346     411       1
  346     520       1
  346     652       1
  349     549       1
  350     487       1
  351     565       1
  352     408       1
  352     690       1
  353     505       1
  355     412       1
  355     518       1
  355     588       1
  359     499       1
  360     515       1
  360     621       1
  361     415       1
  361     488       1
  361     667       1
  362     418       1
  363     549       1
  366     556       1
  368     651       1
  372     609       1
  373     480       1
  373     498       1
  373     504       1
  373     571       1
  373     671       1
  375     380       1
  375     610       1
  375     652       1
  376     678       1
  377     538       1
  378     425       1
  380     440       1
  380     527       1
  382     511       1
  382     685       1
  385     535       1
  386     660       1
  388     511       1
  390     459       1
  393     551       1
  395     690       1
  399     540       1
  400     511       1
  401     444       1
  402     448       1
  404     638       1
  407     531       1
  410     689       1
  412     664       1
  413     466       1
  413     476       1
  413     533       1
  416     486       1
  416     691       1
  418     504       1
  418     657       1
  419     564       1
  420     544       1
  420     553       1
  421     508       1
  421     610       1
  422     451       1
  423     490       1
  423     586       1
  425     550       1
  425     577       1
  425     609       1
  426     489       1
  426     659       1
  428     597       1
  430     603       1
  430     688       1
  431     557       1
  435     555       1
  435     566       1
  438     519       1
  439     440       1
  442     578       1
  445     692       1
  446     513       1
  446     569       1
  447     603       1
  448     678       1
  449     577       1
  452     471       1
  453     485       1
  454     631       1
  457     692       1
  463     552       1
  464     650       1
  466     620       1
  468     540       1
  470     507       1
  470     572       1
  471     499       1
  473     508       1
  474     632       1
  475     534       1
  475     568       1
  476     584       1
  477     609       1
  478     522       1
  478     560       1
  486     625       1
  487     500       1
  489     612       1
  490     680       1
  492     556       1
  493     542       1
  497     527       1
  498     670       1
  504     652       1
  505     630       1
  505     693       1
  508     624       1
  510     528       1
  511     596       1
  512     560       1
  514     528       1
  515     521       1
  515     662       1
  516     684       1
  519     637       1
  523     575       1
  526     555       1
  526     585       1
  529     552       1
  532     603       1
  535     600       1
  537     578       1
  537     665       1
  540     596       1
  541     630       1
  542     599       1
  542     672       1
  543     560       1
  543     622       1
  543     646       1
  549     631       1
  550     567       1
  550     642       1
  552     629       1
  554     679       1
  556     636       1
  563     655       1
  564     616       1
  566     580       1
  569     669       1
  571     683       1
  576     687       1
  577     606       1
  578     586       1
  581     607       1
  582     700       1
  583     694       1
  586     618       1
  586     648       1
  590     658       1
  596     600       1
  598     632       1
  598     652       1
  601     651       1
  602     669       1
  609     654       1
  611     631       1
  625     696       1
  627     666       1
  631     681       1
  635     645       1
  639     691       1
  648     686       1
  650     663       1
  660     663       1
  662     666       1
  664     676       1
  681     699       1
