  800     842
    1     324       1
    1     647       1
    2     468       1
    2     626       1
    3     271       1
    3     547       1
    3     611       1
    4     118       1
    5     164       1
    6     530       1
    7     306       1
    7     422       1
    8     203       1
    8     774       1
    9     152       1
   10     348       1
   11     153       1
   12     778       1
   13     361       1
   13     433       1
   14     657       1
   15     668       1
   16     308       1
   16     375       1
   16     760       1
   17      50       1
   17     378       1
   17     667       1
   18     201       1
   18     392       1
   18     670       1
   19     641       1
   20     497       1
   21      59       1
   22     131       1
   22     170       1
   23     354       1
   24     698       1
   25     277       1
   25     281       1
   26     555       1
   27     664       1
   28     309       1
   28     555       1
   28     630       1
   28     658       1
   28     667       1
   29     477       1
   30      41       1
   30     128       1
   31     373       1
   32     283       1
   32     480       1
   33     665       1
   33     689       1
   33     732       1
   34     236       1
   35      65       1
   35     234       1
   35     528       1
   36     196       1
   36     210       1
   36     332       1
   36     516       1
   37     643       1
   38      99       1
   39     540       1
   40     581       1
   41     226       1
   41     279       1
   41     585       1
   42     117       1
   43     136       1
   43     355       1
   43     661       1
   44     217       1
   44     375       1
   45     109       1
   45     178       1
   45     204       1
   46     157       1
   47     200       1
   47     644       1
   48     129       1
   48     312       1
   49     173       1
   49     329       1
   51     130       1
   52     156       1
   53     560       1
   53     687       1
   54      66       1
   54     275       1
   55     210       1
   55     237       1
   55     510       1
   55     690       1
   56     470       1
   57     411       1
   58     251       1
   58     486       1
   59     270       1
   59     620       1
   60     515       1
   61     671       1
   62     375       1
   63     631       1
   63     754       1
   64     308       1
   64     477       1
   64     594       1
   66     181       1
   67     266       1
   68      97       1
   68     143       1
   68     193       1
   68     201       1
   68     261       1
   68     631       1
   68     683       1
   68     756       1
   69      95       1
   69     375       1
   69     414       1
   69     651       1
   70      87       1
   70     304       1
   70     395       1
   70     491       1
   70     570       1
   70     726       1
   70     751       1
   71     345       1
   72     169       1
   72     318       1
   72     530       1
   72     736       1
   73     549       1
   74     260       1
   74     667       1
   75     290       1
   76     117       1
   76     496       1
   77      78       1
   77     591       1
   78     166       1
   78     523       1
   78     697       1
   78     699       1
   79     107       1
   79     631       1
   79     775       1
   80     395       1
   80     629       1
   81     376       1
   82     270       1
   82     763       1
   82     772       1
   83     699       1
   84     506       1
   85     150       1
   85     611       1
   86      97       1
   86     185       1
   86     538       1
   87     462       1
   87     483       1
   88     236       1
   88     302       1
   89     539       1
   89     579       1
   89     749       1
   90     731       1
   91     332       1
   91     341       1
   92     182       1
   92     236       1
   92     572       1
   93     104       1
   93     294       1
   93     473       1
   93     724       1
   93     798       1
   94     227       1
   96     616       1
   97     232       1
   97     560       1
   97     753       1
   98     343       1
   98     638       1
   99     165       1
   99     415       1
   99     561       1
   99     575       1
   99     589       1
  100     598       1
  101     216       1
  101     514       1
  102     711       1
  103     745       1
  104     167       1
  105     355       1
  106     787       1
  108     676       1
  109     153       1
  110     307       1
  110     343       1
  110     470       1
  110     683       1
  111     125       1
  111     339       1
  112     139       1
  112     308       1
  113     184       1
  113     477       1
  113     505       1
  113     622       1
  114     249       1
  114     678       1
  115     215       1
  115     303       1
  115     508       1
  116     341       1
  116     441       1
  117     495       1
  118     152       1
  118     790       1
  119     588       1
  119     660       1
  119     769       1
  120     308       1
  121     293       1
  121     490       1
  122     446       1
  122     519       1
  122     585       1
  123     701       1
  124     624       1
  126     602       1
  127     667       1
  129     351       1
  129     519       1
  130     164       1
  130     534       1
  130     772       1
  132     140       1
  132     142       1
  132     692       1
  133     270       1
  134     243       1
  134     267       1
  134     675       1
  135     241       1
  135     720       1
  137     234       1
  138     531       1
  140     373       1
  140     551       1
  141     171       1
  141     316       1
  141     336       1
  142     256       1
  143     760       1
  143     767       1
  144     251       1
  145     430       1
  146     206       1
  147     212       1
  147     278       1
  147     357       1
  147     393       1
  147     528       1
  148     256       1
  149     545       1
  149     716       1
  151     159       1
  152     447       1
  153     256       1
  153     418       1
  153     710       1
  153     756       1
  154     344       1
  154     785       1
  155     299       1
  156     496       1
  156     614       1
  157     528       1
  158     281       1
  159     508       1
  160     273       1
  161     274       1
  161     557       1
  162     756       1
  163     296       1
  163     738       1
  164     316       1
  165     170       1
  165     275       1
  165     683       1
  166     235       1
  166     687       1
  167     482       1
  167     485       1
  168     691       1
  170     594       1
  171     290       1
  172     650       1
  174     370       1
  175     425       1
  176     327       1
  176     354       1
  176     381       1
  176     504       1
  176     537       1
  176     633       1
  176     729       1
  176     739       1
  177     201       1
  179     772       1
  180     310       1
  180     588       1
  183     439       1
  183     715       1
  184     513       1
  184     524       1
  186     198       1
  187     678       1
  188     620       1
  189     235       1
  189     388       1
  189     471       1
  189     554       1
  190     194       1
  191     586       1
  192     231       1
  192     286       1
  192     287       1
  193     714       1
  194     667       1
  195     474       1
  196     454       1
  197     532       1
  198     410       1
  199     377       1
  199     541       1
  200     531       1
  200     649       1
  200     762       1
  201     266       1
  201     430       1
  201     632       1
  202     781       1
  203     364       1
  203     484       1
  203     555       1
  204     725       1
  205     594       1
  206     366       1
  206     620       1
  207     282       1
  208     238       1
  208     402       1
  208     631       1
  208     641       1
  208     684       1
  209     455       1
  209     578       1
  209     671       1
  210     273       1
  210     356       1
  210     693       1
  210     727       1
  211     631       1
  212     213       1
  212     449       1
  212     451       1
  214     339       1
  216     374       1
  216     491       1
  216     548       1
  216     587       1
  217     520       1
  218     376       1
  219     716       1
  220     233       1
  220     235       1
  220     627       1
  221     259       1
  222     369       1
  222     597       1
  223     355       1
  224     622       1
  225     426       1
  227     781       1
  228     543       1
  229     239       1
  229     298       1
  229     478       1
  230     320       1
  230     387       1
  230     498       1
  231     458       1
  231     607       1
  231     683       1
  232     405       1
  232     467       1
  234     729       1
  234     740       1
  235     243       1
  235     384       1
  235     506       1
  235     557       1
  235     643       1
  235     756       1
  236     299       1
  236     344       1
  236     410       1
  236     657       1
  236     664       1
  236     679       1
  236     747       1
  237     271       1
  238     379       1
  240     388       1
  242     297       1
  242     740       1
  243     375       1
  243     412       1
  243     456       1
  243     565       1
  243     588       1
  244     762       1
  245     433       1
  246     729       1
  247     333       1
  247     764       1
  248     288       1
  248     308       1
  250     340       1
  250     343       1
  251     358       1
  251     652       1
  251     685       1
  252     364       1
  252     796       1
  253     494       1
  253     670       1
  254     377       1
  254     457       1
  255     282       1
  256     361       1
  257     440       1
  258     701       1
  259     489       1
  259     602       1
  259     618       1
  259     631       1
  261     768       1
  262     412       1
  263     579       1
  264     535       1
  264     554       1
  265     301       1
  268     373       1
  269     506       1
  271     617       1
  272     733       1
  273     292       1
  275     344       1
  275     732       1
  276     555       1
  278     773       1
  280     751       1
  281     322       1
  281     625       1
  282     527       1
  283     588       1
  283     735       1
  284     295       1
  284     709       1
  285     627       1
  289     357       1
  289     442       1
  289     541       1
  289     728       1
  290     636       1
  291     313       1
  291     405       1
  293     631       1
  298     333       1
  299     574       1
  300     480       1
  300     583       1
  301     620       1
  302     416       1
  305     592       1
  306     459       1
  308     420       1
  310     546       1
  311     435       1
  311     478       1
  312     795       1
  314     547       1
  315     320       1
  317     527       1
  319     718       1
  320     682       1
  321     648       1
  322     371       1
  323     494       1
  323     570       1
  324     764       1
  325     522       1
  326     674       1
  327     793       1
  328     655       1
  329     605       1
  330     447       1
  330     573       1
  330     663       1
  330     731       1
  331     598       1
  332     691       1
  334     562       1
  335     683       1
  336     510       1
  337     713       1
  337     722       1
  338     712       1
  339     601       1
  341     699       1
  341     758       1
  341     769       1
  342     596       1
  342     721       1
  344     353       1
  344     439       1
  344     522       1
  344     529       1
  345     361       1
  345     453       1
  346     497       1
  347     447       1
  348     535       1
  349     492       1
  350     649       1
  352     605       1
  352     634       1
  352     713       1
  353     707       1
  354     428       1
  354     519       1
  355     357       1
  355     498       1
  355     555       1
  355     648       1
  356     521       1
  356     778       1
  357     368       1
  357     492       1
  357     519       1
  357     683       1
  357     792       1
  358     455       1
  358     759       1
  359     478       1
  360     424       1
  360     481       1
  362     558       1
  363     708       1
  364     425       1
  364     783       1
  365     449       1
  366     582       1
  366     699       1
  367     474       1
  369     385       1
  369     693       1
  369     750       1
  370     373       1
  370     510       1
  370     519       1
  370     745       1
  371     431       1
  371     501       1
  371     506       1
  371     645       1
  372     486       1
  374     547       1
  374     555       1
  375     701       1
  375     764       1
  376     705       1
  378     795       1
  380     789       1
  381     553       1
  382     604       1
  383     421       1
  383     756       1
  384     412       1
  384     734       1
  386     732       1
  389     477       1
  390     635       1
  391     424       1
  391     748       1
  394     449       1
  395     421       1
  396     749       1
  397     473       1
  398     796       1
  399     724       1
  400     616       1
  401     532       1
  401     572       1
  402     423       1
  403     499       1
  403     690       1
  403     749       1
  404     538       1
  406     542       1
  407     466       1
  407     544       1
  408     511       1
  408     512       1
  408     683       1
  409     741       1
  410     549       1
  410     601       1
  411     678       1
  412     617       1
  412     662       1
  413     440       1
  414     567       1
  416     596       1
  416     704       1
  417     491       1
  418     460       1
  419     789       1
  420     628       1
  420     694       1
  420     765       1
  420     787       1
  422     781       1
  424     467       1
  424     613       1
  425     438       1
  426     429       1
  426     445       1
  427     506       1
  427     680       1
  427     746       1
  430     552       1
  431     646       1
  431     681       1
  432     436       1
  432     478       1
  432     518       1
  433     556       1
  434     455       1
  435     528       1
  437     688       1
  438     635       1
  439     598       1
  439     761       1
  440     519       1
  440     659       1
  442     593       1
  443     740       1
  444     680       1
  445     688       1
  445     717       1
  446     780       1
  447     519       1
  447     749       1
  448     614       1
  449     646       1
  450     537       1
  451     508       1
  452     532       1
  453     490       1
  455     568       1
  456     762       1
  459     491       1
  459     706       1
  461     677       1
  463     527       1
  464     729       1
  465     532       1
  468     526       1
  468     732       1
  468     744       1
  469     746       1
  469     781       1
  470     550       1
  472     703       1
  472     737       1
  473     586       1
  473     653       1
  473     732       1
  474     563       1
  474     601       1
  475     558       1
  476     675       1
  479     649       1
  480     608       1
  482     702       1
  482     764       1
  487     532       1
  488     582       1
  489     610       1
  491     522       1
  491     527       1
  491     639       1
  491     672       1
  491     781       1
  492     678       1
  493     528       1
  494     510       1
  496     522       1
  497     500       1
  497     528       1
  497     799       1
  497     800       1
  502     650       1
  502     697       1
  503     685       1
  506     558       1
  506     620       1
  506     685       1
  506     705       1
  507     733       1
  508     771       1
  509     530       1
  509     559       1
  510     572       1
  515     675       1
  517     763       1
  519     571       1
  519     649       1
  519     674       1
  519     794       1
  521     640       1
  522     536       1
  522     733       1
  524     580       1
  525     722       1
  527     584       1
  530     555       1
  531     562       1
  531     768       1
  532     749       1
  532     791       1
  533     604       1
  535     705       1
  535     730       1
  535     797       1
  537     592       1
  538     569       1
  538     660       1
  538     668       1
  538     688       1
  538     756       1
  540     577       1
  541     757       1
  542     710       1
  543     681       1
  544     764       1
  545     700       1
  545     756       1
  546     650       1
  547     687       1
  549     577       1
  549     709       1
  553     628       1
  554     603       1
  556     566       1
  558     576       1
  558     599       1
  562     637       1
  562     712       1
  564     613       1
  570     782       1
  571     600       1
  576     682       1
  581     709       1
  582     679       1
  590     693       1
  594     623       1
  595     723       1
  596     683       1
  596     720       1
  598     719       1
  601     666       1
  602     615       1
  602     669       1
  604     631       1
  606     793       1
  607     768       1
  609     620       1
  611     786       1
  612     729       1
  616     664       1
  617     741       1
  619     626       1
  619     633       1
  620     621       1
  620     755       1
  622     647       1
  622     772       1
  624     792       1
  628     777       1
  633     738       1
  641     686       1
  641     789       1
  642     662       1
  642     752       1
  651     770       1
  654     763       1
  655     688       1
  656     693       1
  659     676       1
  664     695       1
  664     742       1
  664     788       1
  672     718       1
  673     735       1
  675     696       1
  677     800       1
  686     766       1
  688     711       1
  693     784       1
  696     730       1
  697     713       1
  698     724       1
  708     741       1
  723     783       1
  724     737       1
  733     776       1
  743     781       1
  762     772       1
  779     792       1
