  100     114
    1      36       1
    2       3       1
    2      20       1
    2      47       1
    3      49       1
    4      26       1
    4      49       1
    4      77       1
    5       9       1
    5      72       1
    6      33       1
    6      87       1
    7      78       1
    7      95       1
    8      37       1
    8      40       1
    8      42       1
    8      50       1
    8      53       1
    8      68       1
    8      76       1
    8      99       1
    9      79       1
    9      98       1
   10      70       1
   10      93       1
   11      12       1
   11      19       1
   12      66       1
   12      84       1
   12      88       1
   12      89       1
   12      90       1
   13      44       1
   14      46       1
   15      74       1
   16      18       1
   17      99       1
   18      52       1
   18      93       1
   20      29       1
   20      59       1
   21      61       1
   22      48       1
   22      99       1
   23      63       1
   23      78       1
   24      41       1
   25      26       1
   25      41       1
   25      51       1
   25      60       1
   25      61       1
   25      98       1
   26      36       1
   26      74       1
   26      78       1
   27      30       1
   27      86       1
   28      67       1
   29      80       1
   29      86       1
   30      87       1
   31      67       1
   31      74       1
   32      40       1
   33      37       1
   34      41       1
   35      38       1
   38      43       1
   38      44       1
   38      70       1
   39      44       1
   40      47       1
   40      58       1
   40      75       1
   40      94       1
   42      62       1
   42      73       1
   43      61       1
   45      58       1
   45      67       1
   45      98       1
   46      50       1
   46      88       1
   47      52       1
   47      60       1
   47      77       1
   47      83       1
   47      86       1
   47      92       1
   51      70       1
   51      82       1
   52      70       1
   54      71       1
   54      97       1
   55      86       1
   56      72       1
   56      83       1
   57     100       1
   59      86       1
   60      75       1
   61      64       1
   63      89       1
   65      75       1
   69      92       1
   70      81       1
   70     100       1
   71      72       1
   71      83       1
   76      83       1
   79      85       1
   83      96       1
   91     100       1
