  700     739
    1     206       1
    2     513       1
    3      96       1
    3     283       1
    4     546       1
    5     140       1
    5     253       1
    6     280       1
    7     474       1
    8     111       1
    8     199       1
    9      15       1
    9     160       1
    9     433       1
   10      37       1
   10     178       1
   10     522       1
   11      18       1
   11     536       1
   11     611       1
   12     448       1
   12     485       1
   13     594       1
   14     582       1
   15      72       1
   15     319       1
   15     418       1
   15     585       1
   16      44       1
   16     176       1
   16     328       1
   17     116       1
   18     341       1
   18     557       1
   19     222       1
   20      94       1
   20     405       1
   20     554       1
   21     477       1
   21     624       1
   22     472       1
   23     491       1
   23     697       1
   24     467       1
   24     610       1
   25     159       1
   26     104       1
   27     527       1
   28     258       1
   28     438       1
   28     570       1
   29      65       1
   29     380       1
   30     292       1
   30     330       1
   31     339       1
   32     158       1
   32     215       1
   32     377       1
   32     666       1
   33      79       1
   33     113       1
   33     635       1
   34     103       1
   35     127       1
   35     301       1
   35     685       1
   36     231       1
   36     251       1
   36     387       1
   37      59       1
   37     179       1
   37     297       1
   37     365       1
   37     409       1
   37     440       1
   37     587       1
   38     149       1
   39      83       1
   39     217       1
   39     406       1
   39     409       1
   39     449       1
   40     371       1
   40     493       1
   41     270       1
   41     351       1
   41     514       1
   41     556       1
   41     610       1
   42     396       1
   42     623       1
   43     657       1
   44     380       1
   45     499       1
   46     285       1
   47     193       1
   47     382       1
   48     630       1
   48     638       1
   49     189       1
   50     418       1
   51     542       1
   52     279       1
   52     419       1
   52     609       1
   53     671       1
   54     364       1
   55     459       1
   56      97       1
   56     165       1
   56     312       1
   57     439       1
   58     432       1
   59      86       1
   59     341       1
   59     454       1
   59     639       1
   60     106       1
   60     409       1
   60     507       1
   61     636       1
   62     172       1
   62     274       1
   62     503       1
   62     542       1
   62     555       1
   62     629       1
   63     490       1
   64     143       1
   66     624       1
   67     336       1
   68     506       1
   68     548       1
   69     314       1
   70     500       1
   71     656       1
   72     138       1
   73     125       1
   73     695       1
   74     206       1
   74     407       1
   75     390       1
   75     429       1
   75     640       1
   76     212       1
   77     214       1
   78     316       1
   80     391       1
   80     426       1
   81     153       1
   81     696       1
   82     514       1
   83     253       1
   84     686       1
   85     212       1
   85     227       1
   85     288       1
   85     341       1
   85     489       1
   85     632       1
   86     445       1
   87     268       1
   88     198       1
   88     441       1
   88     490       1
   88     509       1
   89     422       1
   89     552       1
   90     126       1
   90     221       1
   90     396       1
   90     415       1
   90     595       1
   90     629       1
   91     241       1
   91     550       1
   92     263       1
   93     163       1
   93     692       1
   94     551       1
   95     662       1
   97     424       1
   97     541       1
   98     221       1
   99     562       1
   99     649       1
  100     105       1
  100     125       1
  100     421       1
  100     518       1
  100     526       1
  101     441       1
  102     179       1
  103     191       1
  103     603       1
  103     651       1
  104     650       1
  106     213       1
  107     429       1
  107     633       1
  108     195       1
  108     407       1
  108     653       1
  109     211       1
  109     600       1
  110     122       1
  110     417       1
  111     241       1
  111     601       1
  111     624       1
  112     466       1
  112     469       1
  113     509       1
  113     597       1
  114     487       1
  115     384       1
  115     542       1
  115     608       1
  116     276       1
  116     395       1
  116     414       1
  117     589       1
  118     581       1
  119     153       1
  119     268       1
  119     442       1
  120     189       1
  120     261       1
  120     478       1
  120     630       1
  121     203       1
  121     427       1
  121     451       1
  122     322       1
  123     472       1
  123     493       1
  123     511       1
  123     621       1
  124     326       1
  124     641       1
  125     255       1
  125     320       1
  125     572       1
  126     264       1
  126     315       1
  126     376       1
  128     209       1
  128     456       1
  129     369       1
  130     493       1
  131     277       1
  132     375       1
  132     401       1
  132     563       1
  132     672       1
  133     269       1
  133     287       1
  133     560       1
  134     241       1
  134     364       1
  134     495       1
  134     643       1
  135     331       1
  135     665       1
  136     232       1
  136     474       1
  137     190       1
  137     344       1
  137     629       1
  139     152       1
  139     626       1
  140     299       1
  140     539       1
  141     671       1
  142     223       1
  142     226       1
  143     168       1
  143     381       1
  144     601       1
  145     167       1
  145     628       1
  146     372       1
  146     606       1
  147     208       1
  147     512       1
  148     303       1
  149     202       1
  149     447       1
  149     504       1
  150     691       1
  151     641       1
  152     162       1
  153     158       1
  153     228       1
  153     316       1
  153     319       1
  153     500       1
  153     614       1
  153     641       1
  154     356       1
  154     555       1
  154     577       1
  155     193       1
  155     264       1
  156     353       1
  157     192       1
  158     194       1
  158     334       1
  158     337       1
  158     338       1
  158     568       1
  158     574       1
  158     669       1
  159     451       1
  160     584       1
  161     373       1
  162     460       1
  162     635       1
  163     219       1
  164     200       1
  164     629       1
  165     311       1
  165     359       1
  165     434       1
  165     481       1
  165     546       1
  165     612       1
  165     636       1
  166     396       1
  166     552       1
  167     364       1
  167     510       1
  168     175       1
  168     455       1
  168     509       1
  168     521       1
  169     189       1
  170     419       1
  171     458       1
  172     431       1
  173     243       1
  174     437       1
  175     594       1
  177     225       1
  177     327       1
  177     588       1
  178     578       1
  179     594       1
  180     696       1
  181     660       1
  182     326       1
  183     286       1
  183     668       1
  184     262       1
  184     366       1
  184     373       1
  184     385       1
  184     479       1
  185     542       1
  186     449       1
  187     585       1
  188     386       1
  188     450       1
  191     591       1
  192     690       1
  193     298       1
  193     368       1
  193     453       1
  194     242       1
  194     374       1
  195     355       1
  195     404       1
  196     310       1
  196     337       1
  196     543       1
  196     548       1
  197     474       1
  197     516       1
  198     295       1
  198     693       1
  200     445       1
  201     478       1
  202     502       1
  202     661       1
  202     677       1
  203     398       1
  204     700       1
  205     451       1
  205     636       1
  205     656       1
  206     378       1
  206     393       1
  207     324       1
  207     383       1
  208     411       1
  209     222       1
  209     468       1
  209     561       1
  210     649       1
  211     219       1
  211     267       1
  211     459       1
  211     574       1
  212     369       1
  214     407       1
  214     509       1
  216     366       1
  218     244       1
  219     245       1
  219     400       1
  219     594       1
  220     310       1
  221     394       1
  222     247       1
  222     551       1
  222     673       1
  224     497       1
  224     590       1
  226     388       1
  228     358       1
  229     247       1
  230     330       1
  233     254       1
  233     340       1
  233     475       1
  234     558       1
  235     536       1
  236     668       1
  237     303       1
  237     310       1
  237     619       1
  238     586       1
  239     275       1
  239     317       1
  240     323       1
  240     607       1
  241     440       1
  241     662       1
  241     700       1
  243     278       1
  244     657       1
  245     499       1
  245     524       1
  246     417       1
  248     443       1
  249     308       1
  249     574       1
  249     670       1
  250     440       1
  250     644       1
  250     689       1
  251     415       1
  252     415       1
  256     272       1
  257     693       1
  259     360       1
  259     648       1
  260     335       1
  260     682       1
  262     416       1
  262     658       1
  263     413       1
  263     464       1
  263     475       1
  264     616       1
  264     678       1
  265     513       1
  266     638       1
  269     645       1
  270     357       1
  270     582       1
  271     604       1
  271     685       1
  272     404       1
  273     458       1
  273     594       1
  274     277       1
  274     448       1
  274     469       1
  275     442       1
  276     483       1
  278     353       1
  278     397       1
  278     562       1
  279     328       1
  279     348       1
  280     321       1
  280     675       1
  281     389       1
  282     475       1
  283     575       1
  284     582       1
  285     525       1
  286     300       1
  286     353       1
  286     372       1
  286     473       1
  286     674       1
  287     410       1
  288     399       1
  289     500       1
  290     343       1
  290     668       1
  291     440       1
  291     649       1
  292     683       1
  292     690       1
  293     316       1
  294     308       1
  294     457       1
  294     632       1
  296     418       1
  296     423       1
  296     497       1
  296     605       1
  299     346       1
  299     362       1
  299     661       1
  300     473       1
  302     698       1
  304     333       1
  304     494       1
  305     509       1
  306     456       1
  307     407       1
  309     450       1
  310     611       1
  311     492       1
  313     610       1
  314     328       1
  314     335       1
  314     443       1
  314     521       1
  316     352       1
  317     648       1
  318     456       1
  319     321       1
  322     324       1
  323     476       1
  323     588       1
  325     572       1
  327     400       1
  328     559       1
  329     406       1
  329     644       1
  330     411       1
  330     490       1
  331     376       1
  332     360       1
  332     654       1
  333     357       1
  333     560       1
  333     574       1
  333     636       1
  333     693       1
  334     618       1
  335     532       1
  335     627       1
  335     634       1
  336     373       1
  337     392       1
  338     346       1
  339     560       1
  342     383       1
  342     691       1
  344     517       1
  345     503       1
  347     666       1
  349     438       1
  350     663       1
  352     585       1
  353     431       1
  354     376       1
  355     463       1
  356     558       1
  356     583       1
  358     462       1
  358     490       1
  360     433       1
  360     664       1
  361     439       1
  362     652       1
  363     436       1
  363     441       1
  365     496       1
  365     512       1
  367     417       1
  368     542       1
  368     679       1
  370     672       1
  371     602       1
  373     465       1
  375     402       1
  375     455       1
  375     625       1
  377     592       1
  379     559       1
  383     493       1
  383     700       1
  385     391       1
  385     418       1
  385     680       1
  388     644       1
  389     438       1
  389     562       1
  389     660       1
  389     685       1
  390     474       1
  390     525       1
  390     655       1
  391     566       1
  391     613       1
  395     546       1
  396     515       1
  401     684       1
  403     461       1
  405     569       1
  408     560       1
  409     538       1
  412     508       1
  413     527       1
  414     580       1
  417     538       1
  418     475       1
  418     537       1
  420     503       1
  422     505       1
  425     519       1
  425     700       1
  427     535       1
  427     694       1
  428     450       1
  430     574       1
  431     631       1
  432     586       1
  434     686       1
  435     515       1
  436     659       1
  437     643       1
  438     555       1
  438     571       1
  438     599       1
  438     665       1
  439     455       1
  439     561       1
  440     534       1
  443     567       1
  444     660       1
  446     641       1
  450     491       1
  452     660       1
  456     679       1
  461     509       1
  461     523       1
  461     591       1
  463     559       1
  466     557       1
  469     547       1
  470     603       1
  471     496       1
  473     637       1
  474     574       1
  475     636       1
  475     663       1
  479     617       1
  480     586       1
  480     695       1
  481     657       1
  482     659       1
  484     531       1
  485     632       1
  486     508       1
  487     500       1
  488     531       1
  488     672       1
  489     638       1
  491     671       1
  491     698       1
  498     629       1
  500     520       1
  501     537       1
  501     688       1
  503     620       1
  508     521       1
  508     646       1
  509     554       1
  509     629       1
  513     657       1
  513     659       1
  514     535       1
  514     624       1
  515     636       1
  517     572       1
  523     572       1
  523     589       1
  523     642       1
  523     659       1
  524     549       1
  528     657       1
  529     559       1
  530     639       1
  533     634       1
  536     540       1
  537     671       1
  541     596       1
  544     555       1
  545     660       1
  548     593       1
  552     598       1
  553     638       1
  557     570       1
  560     699       1
  561     564       1
  561     687       1
  561     690       1
  565     620       1
  566     668       1
  573     678       1
  575     577       1
  576     631       1
  576     647       1
  577     650       1
  579     610       1
  581     631       1
  588     676       1
  590     667       1
  595     600       1
  601     681       1
  606     657       1
  610     622       1
  612     698       1
  615     659       1
  622     696       1
  629     636       1
  630     671       1
  636     661       1
  636     697       1
  636     700       1
