  200     221
    1     123       1
    2      64       1
    3     132       1
    4      73       1
    5      96       1
    5     112       1
    5     138       1
    6     118       1
    6     122       1
    7      86       1
    8     178       1
    9      35       1
    9     120       1
   10      14       1
   10      22       1
   11      33       1
   11      60       1
   11     153       1
   11     176       1
   12     106       1
   12     107       1
   12     199       1
   13     125       1
   13     192       1
   14      97       1
   15      22       1
   15      71       1
   15     188       1
   16     105       1
   17      49       1
   18      76       1
   18     124       1
   19     167       1
   19     179       1
   20      90       1
   20     132       1
   20     193       1
   21     136       1
   21     165       1
   21     173       1
   22     125       1
   22     132       1
   23     111       1
   24      50       1
   24     127       1
   25      36       1
   25      75       1
   26      53       1
   26      62       1
   26      63       1
   26     148       1
   26     162       1
   26     175       1
   27     105       1
   27     196       1
   28      88       1
   28     134       1
   29      48       1
   29     133       1
   29     172       1
   29     177       1
   30      42       1
   31      69       1
   31      81       1
   32     120       1
   33      77       1
   33     128       1
   33     164       1
   34     169       1
   35      50       1
   37     141       1
   38     127       1
   39      44       1
   39     103       1
   40      66       1
   40     184       1
   41      53       1
   41     111       1
   42      63       1
   42     102       1
   42     132       1
   42     139       1
   42     141       1
   43      51       1
   43     132       1
   44      84       1
   45     147       1
   45     182       1
   45     194       1
   46     185       1
   47      57       1
   47      59       1
   47      75       1
   47      76       1
   47      93       1
   47     129       1
   47     132       1
   49     180       1
   50      56       1
   50      98       1
   51     123       1
   52     124       1
   53      68       1
   53      70       1
   53     110       1
   53     125       1
   53     161       1
   54     182       1
   55     156       1
   57     187       1
   58     164       1
   58     176       1
   60      83       1
   60     143       1
   61     108       1
   63     100       1
   64     179       1
   65     160       1
   67     126       1
   67     146       1
   67     157       1
   69     184       1
   70     134       1
   72     140       1
   73     169       1
   74     107       1
   74     132       1
   75      79       1
   75      88       1
   75      89       1
   75     156       1
   76     115       1
   76     155       1
   78     171       1
   79      94       1
   80     120       1
   81     124       1
   82     119       1
   82     137       1
   82     144       1
   82     163       1
   82     180       1
   85     132       1
   86     131       1
   86     150       1
   87     143       1
   87     157       1
   88     160       1
   89      91       1
   89     130       1
   90      98       1
   90     200       1
   92      99       1
   93     101       1
   95     120       1
   95     131       1
   95     135       1
   95     181       1
   98     103       1
   98     112       1
   98     147       1
   98     149       1
   98     179       1
   99     129       1
  100     147       1
  101     107       1
  104     135       1
  105     132       1
  105     146       1
  108     123       1
  108     195       1
  109     118       1
  109     181       1
  109     191       1
  112     116       1
  112     140       1
  112     152       1
  112     154       1
  113     173       1
  114     184       1
  117     161       1
  117     168       1
  118     198       1
  119     121       1
  120     169       1
  124     175       1
  124     190       1
  125     135       1
  130     183       1
  131     142       1
  131     181       1
  131     185       1
  132     170       1
  133     174       1
  135     189       1
  138     174       1
  138     186       1
  138     200       1
  140     196       1
  142     154       1
  145     170       1
  146     166       1
  146     177       1
  147     180       1
  148     157       1
  148     196       1
  151     179       1
  153     179       1
  153     181       1
  154     158       1
  154     171       1
  158     172       1
  159     189       1
  162     170       1
  170     173       1
  170     184       1
  171     177       1
  171     197       1
  176     178       1
  182     199       1
  189     198       1
