  300     326
    1      89       1
    1     162       1
    2       8       1
    2     190       1
    3     159       1
    3     297       1
    4     255       1
    5     126       1
    6     183       1
    6     286       1
    7     204       1
    9     233       1
   10      52       1
   11     171       1
   12      91       1
   13      34       1
   14      38       1
   14      49       1
   14      59       1
   15     299       1
   16     239       1
   17      58       1
   17     101       1
   18     100       1
   18     239       1
   19     273       1
   20      51       1
   20      78       1
   20     262       1
   20     284       1
   21     152       1
   21     255       1
   22      69       1
   22      88       1
   22     111       1
   23      48       1
   23      76       1
   23     149       1
   24      44       1
   24      53       1
   24     117       1
   24     290       1
   25      61       1
   25     133       1
   25     241       1
   26      75       1
   27     218       1
   28     100       1
   28     274       1
   29     230       1
   30     224       1
   30     248       1
   31     103       1
   31     200       1
   32     125       1
   32     185       1
   32     252       1
   33     145       1
   33     264       1
   34      58       1
   34      86       1
   35     101       1
   35     147       1
   36      72       1
   37     102       1
   37     116       1
   37     128       1
   37     188       1
   38     172       1
   39      85       1
   40     196       1
   41      89       1
   42      70       1
   42      97       1
   42     101       1
   42     136       1
   42     145       1
   42     159       1
   42     160       1
   42     181       1
   42     190       1
   42     201       1
   42     273       1
   42     286       1
   43     187       1
   44     145       1
   45     158       1
   45     185       1
   45     186       1
   45     217       1
   46     108       1
   46     122       1
   46     217       1
   46     260       1
   47     113       1
   47     131       1
   47     189       1
   47     213       1
   47     268       1
   47     278       1
   48      92       1
   48      96       1
   50     253       1
   52      91       1
   52     101       1
   52     156       1
   53      70       1
   53     150       1
   54     101       1
   55     224       1
   56     160       1
   57     116       1
   58     199       1
   59     188       1
   60     110       1
   60     119       1
   61     223       1
   62     201       1
   63      94       1
   63     179       1
   63     283       1
   64     173       1
   64     187       1
   64     212       1
   64     239       1
   64     269       1
   65     134       1
   65     220       1
   66      93       1
   66     123       1
   66     241       1
   67      71       1
   68     181       1
   70      83       1
   70     143       1
   70     206       1
   70     255       1
   71     205       1
   72     139       1
   72     228       1
   72     251       1
   73     130       1
   74     141       1
   75     165       1
   75     242       1
   76     133       1
   77     133       1
   79     137       1
   79     224       1
   79     236       1
   80     107       1
   80     261       1
   81     169       1
   81     264       1
   81     282       1
   82     167       1
   83     112       1
   83     123       1
   83     165       1
   84     278       1
   85     115       1
   85     196       1
   86     258       1
   86     290       1
   87     167       1
   88     142       1
   89     239       1
   90     129       1
   90     135       1
   90     175       1
   91      95       1
   91     224       1
   91     240       1
   94     147       1
   94     263       1
   96     133       1
   96     289       1
   97     116       1
   97     188       1
   97     204       1
   98     155       1
   98     169       1
   98     182       1
   98     254       1
   98     292       1
   99     227       1
  101     133       1
  101     192       1
  101     196       1
  101     197       1
  101     220       1
  101     278       1
  102     164       1
  102     214       1
  104     203       1
  105     189       1
  106     115       1
  106     169       1
  106     215       1
  106     279       1
  107     257       1
  107     273       1
  108     142       1
  108     281       1
  109     188       1
  110     150       1
  110     161       1
  112     300       1
  114     139       1
  115     142       1
  118     127       1
  118     298       1
  119     232       1
  119     241       1
  119     249       1
  120     231       1
  121     125       1
  122     267       1
  123     204       1
  124     268       1
  126     255       1
  126     285       1
  128     234       1
  130     166       1
  131     135       1
  131     187       1
  131     276       1
  132     220       1
  133     292       1
  138     231       1
  138     247       1
  138     265       1
  138     266       1
  139     157       1
  139     191       1
  140     167       1
  140     253       1
  141     158       1
  142     172       1
  144     292       1
  146     188       1
  147     264       1
  148     285       1
  149     278       1
  151     177       1
  153     198       1
  153     202       1
  154     181       1
  155     238       1
  157     227       1
  158     169       1
  158     191       1
  158     265       1
  159     184       1
  160     226       1
  163     274       1
  164     294       1
  166     207       1
  166     240       1
  167     224       1
  167     296       1
  168     299       1
  169     190       1
  169     243       1
  169     262       1
  170     188       1
  170     291       1
  171     262       1
  172     200       1
  172     208       1
  172     241       1
  174     215       1
  175     188       1
  175     272       1
  176     215       1
  177     182       1
  177     208       1
  178     243       1
  179     209       1
  179     271       1
  179     273       1
  180     262       1
  182     210       1
  188     205       1
  189     216       1
  190     239       1
  190     298       1
  191     193       1
  191     211       1
  191     219       1
  191     269       1
  194     249       1
  195     269       1
  198     268       1
  203     215       1
  208     274       1
  210     227       1
  211     218       1
  211     244       1
  213     229       1
  213     230       1
  215     275       1
  221     224       1
  221     246       1
  222     228       1
  224     256       1
  225     245       1
  230     270       1
  233     249       1
  235     249       1
  237     255       1
  238     280       1
  240     245       1
  241     299       1
  243     280       1
  244     250       1
  245     288       1
  247     287       1
  253     293       1
  254     271       1
  257     295       1
  259     282       1
  272     286       1
  274     299       1
  275     277       1
  275     297       1
