  200     221
    1      27       1
    1      66       1
    1      70       1
    2     136       1
    2     190       1
    3      22       1
    3      34       1
    3      52       1
    3      84       1
    3     105       1
    3     109       1
    3     115       1
    3     157       1
    3     181       1
    4      47       1
    4      71       1
    4     104       1
    4     127       1
    4     198       1
    5     172       1
    6     160       1
    7      10       1
    7     174       1
    8      66       1
    8      76       1
    9      84       1
    9     123       1
    9     178       1
   10      43       1
   10      86       1
   10     135       1
   10     162       1
   11      99       1
   12      52       1
   12      79       1
   12     137       1
   12     163       1
   12     200       1
   13      66       1
   14      93       1
   14     129       1
   14     133       1
   15      62       1
   15     120       1
   16     124       1
   16     176       1
   16     182       1
   17     107       1
   18      21       1
   18      35       1
   19     116       1
   20      93       1
   20      98       1
   20     172       1
   22      71       1
   22     112       1
   22     161       1
   23      48       1
   24      54       1
   25      71       1
   25     131       1
   25     186       1
   26      55       1
   26      87       1
   28     115       1
   28     187       1
   29     130       1
   30     115       1
   30     119       1
   31      73       1
   31     190       1
   32     142       1
   33      50       1
   34     177       1
   35     174       1
   36     157       1
   37      50       1
   38      40       1
   38     119       1
   39      41       1
   40     175       1
   41     132       1
   41     158       1
   42      89       1
   44      81       1
   45     111       1
   45     170       1
   46      63       1
   46     154       1
   46     197       1
   47      59       1
   47     121       1
   47     138       1
   48      85       1
   48      96       1
   48     117       1
   49     167       1
   49     172       1
   50      61       1
   50      87       1
   51      55       1
   51     107       1
   51     193       1
   53      79       1
   53     101       1
   53     152       1
   54      68       1
   54     130       1
   54     162       1
   55      64       1
   55     170       1
   56     161       1
   57     164       1
   58     111       1
   59      65       1
   59      88       1
   60      64       1
   61      93       1
   61     125       1
   61     153       1
   62      87       1
   64      91       1
   64     143       1
   64     189       1
   65     115       1
   65     118       1
   65     128       1
   66     115       1
   66     182       1
   67      91       1
   68      84       1
   68     107       1
   68     149       1
   68     190       1
   69     126       1
   71     175       1
   72     106       1
   72     151       1
   74      94       1
   74     188       1
   74     192       1
   75     152       1
   75     168       1
   77      95       1
   77     156       1
   78     107       1
   79     105       1
   79     179       1
   80     173       1
   81     115       1
   82     196       1
   83     138       1
   84     197       1
   87     144       1
   87     159       1
   89     171       1
   90     119       1
   91     196       1
   92      96       1
   93      96       1
   93     155       1
   93     196       1
   94     197       1
   95     142       1
   95     154       1
   96     107       1
   97     151       1
   99     196       1
  100     113       1
  102     113       1
  102     164       1
  103     152       1
  103     170       1
  104     199       1
  107     199       1
  108     169       1
  110     166       1
  110     190       1
  111     132       1
  111     136       1
  111     148       1
  111     173       1
  111     196       1
  111     197       1
  114     154       1
  115     164       1
  115     173       1
  116     158       1
  116     197       1
  120     161       1
  122     179       1
  124     126       1
  124     143       1
  124     167       1
  126     133       1
  127     185       1
  127     194       1
  128     145       1
  128     195       1
  129     139       1
  129     157       1
  130     141       1
  130     146       1
  134     171       1
  135     191       1
  140     155       1
  144     183       1
  147     181       1
  149     151       1
  150     197       1
  151     178       1
  155     186       1
  157     180       1
  160     162       1
  160     174       1
  164     169       1
  164     171       1
  165     195       1
  168     180       1
  170     184       1
  176     198       1
