  800     842
    1     598       1
    1     673       1
    1     756       1
    2     226       1
    3     752       1
    4     578       1
    5     212       1
    6      98       1
    6     136       1
    6     236       1
    6     652       1
    7     213       1
    7     303       1
    8     550       1
    9     235       1
    9     387       1
   10     372       1
   10     583       1
   11     463       1
   12     408       1
   12     431       1
   12     435       1
   12     552       1
   12     586       1
   13     684       1
   14     405       1
   15     502       1
   16     142       1
   16     311       1
   16     498       1
   17     412       1
   17     532       1
   17     690       1
   17     799       1
   18     294       1
   18     406       1
   19      99       1
   20     276       1
   20     724       1
   20     750       1
   21     416       1
   22     656       1
   23      55       1
   23     458       1
   23     678       1
   23     757       1
   24     647       1
   24     739       1
   25     257       1
   25     372       1
   26      82       1
   27     106       1
   27     655       1
   28     684       1
   29     412       1
   29     696       1
   30     411       1
   31     307       1
   32     581       1
   32     662       1
   33      69       1
   33     334       1
   33     717       1
   34     535       1
   34     668       1
   35      90       1
   35     552       1
   36     247       1
   36     250       1
   37      72       1
   37     145       1
   37     554       1
   38     115       1
   38     537       1
   38     558       1
   38     693       1
   38     694       1
   38     722       1
   39     106       1
   39     147       1
   39     359       1
   39     776       1
   40      70       1
   40     470       1
   41     344       1
   41     371       1
   41     688       1
   41     749       1
   42     378       1
   43      65       1
   43     212       1
   43     401       1
   43     423       1
   43     451       1
   43     459       1
   43     532       1
   43     657       1
   43     695       1
   43     751       1
   44     189       1
   45     170       1
   45     333       1
   46     552       1
   46     709       1
   47     163       1
   47     240       1
   47     282       1
   47     509       1
   47     531       1
   47     575       1
   47     741       1
   47     747       1
   48     578       1
   49     727       1
   50     246       1
   50     532       1
   50     775       1
   51     289       1
   52     113       1
   52     131       1
   52     603       1
   53     629       1
   54     173       1
   54     527       1
   55     242       1
   55     689       1
   55     782       1
   55     800       1
   56     165       1
   56     650       1
   57     533       1
   58     304       1
   59     656       1
   60     241       1
   61     529       1
   61     640       1
   62     722       1
   63     135       1
   64     620       1
   64     642       1
   65     744       1
   66     176       1
   66     346       1
   67     457       1
   68     637       1
   68     668       1
   69     322       1
   69     393       1
   70     118       1
   70     299       1
   70     513       1
   70     532       1
   70     623       1
   70     746       1
   71     138       1
   71     183       1
   71     441       1
   71     682       1
   72     552       1
   72     722       1
   73     207       1
   73     311       1
   73     564       1
   74     784       1
   75     496       1
   76     204       1
   76     718       1
   76     788       1
   77     684       1
   78     487       1
   78     675       1
   79     386       1
   80     795       1
   81     315       1
   81     373       1
   81     532       1
   81     672       1
   81     765       1
   81     797       1
   82     244       1
   82     287       1
   82     316       1
   82     478       1
   83     623       1
   84     457       1
   85     755       1
   86     414       1
   87     581       1
   88     390       1
   89     326       1
   91     320       1
   91     517       1
   92     436       1
   92     596       1
   93     365       1
   94     102       1
   94     700       1
   95     386       1
   95     514       1
   95     580       1
   96     175       1
   96     797       1
   97     168       1
   98     739       1
   99     714       1
  100     375       1
  100     492       1
  100     548       1
  100     614       1
  101     407       1
  102     517       1
  103     217       1
  103     241       1
  103     722       1
  103     735       1
  104     573       1
  105     196       1
  105     216       1
  105     220       1
  105     382       1
  107     458       1
  108     154       1
  108     597       1
  109     710       1
  110     694       1
  111     408       1
  112     190       1
  112     468       1
  112     474       1
  112     636       1
  113     401       1
  114     477       1
  114     642       1
  116     271       1
  116     732       1
  117     592       1
  118     304       1
  118     455       1
  118     478       1
  118     710       1
  118     758       1
  119     295       1
  119     473       1
  120     393       1
  120     729       1
  121     191       1
  122     382       1
  123     475       1
  123     795       1
  124     336       1
  124     381       1
  125     157       1
  126     155       1
  127     294       1
  128     224       1
  128     341       1
  128     743       1
  129     509       1
  129     742       1
  130     335       1
  130     352       1
  131     620       1
  132     348       1
  133     189       1
  133     440       1
  134     459       1
  134     464       1
  134     635       1
  135     799       1
  137     175       1
  137     299       1
  138     343       1
  138     611       1
  139     372       1
  140     175       1
  140     489       1
  140     733       1
  141     222       1
  141     764       1
  142     701       1
  143     520       1
  143     693       1
  144     331       1
  146     190       1
  146     544       1
  147     518       1
  147     533       1
  148     689       1
  149     266       1
  149     574       1
  150     261       1
  150     326       1
  150     357       1
  150     605       1
  150     668       1
  150     755       1
  151     266       1
  152     746       1
  153     162       1
  153     212       1
  153     366       1
  154     155       1
  154     422       1
  155     238       1
  155     468       1
  155     654       1
  156     494       1
  156     651       1
  157     444       1
  157     461       1
  157     595       1
  158     516       1
  159     466       1
  160     330       1
  160     361       1
  160     657       1
  161     477       1
  161     631       1
  162     182       1
  162     389       1
  162     501       1
  162     798       1
  163     633       1
  163     680       1
  164     240       1
  165     313       1
  165     661       1
  166     464       1
  167     349       1
  167     413       1
  167     450       1
  167     657       1
  167     699       1
  168     319       1
  168     326       1
  168     337       1
  168     639       1
  169     685       1
  170     350       1
  171     765       1
  172     393       1
  174     463       1
  175     606       1
  176     522       1
  177     367       1
  178     319       1
  178     368       1
  178     393       1
  179     621       1
  180     668       1
  181     776       1
  184     358       1
  185     319       1
  185     528       1
  185     715       1
  186     189       1
  186     561       1
  187     497       1
  187     555       1
  187     594       1
  187     797       1
  188     297       1
  188     373       1
  188     591       1
  188     691       1
  190     345       1
  191     314       1
  191     466       1
  191     579       1
  192     777       1
  193     372       1
  193     591       1
  193     774       1
  193     784       1
  194     617       1
  195     573       1
  196     282       1
  196     298       1
  196     513       1
  196     572       1
  196     605       1
  197     285       1
  198     353       1
  198     404       1
  198     691       1
  199     604       1
  200     485       1
  201     762       1
  202     367       1
  203     360       1
  204     373       1
  204     727       1
  204     790       1
  205     348       1
  206     600       1
  206     762       1
  208     375       1
  208     507       1
  209     501       1
  210     462       1
  211     444       1
  213     612       1
  213     643       1
  214     682       1
  215     221       1
  215     423       1
  216     458       1
  217     266       1
  218     622       1
  219     328       1
  219     347       1
  223     658       1
  224     771       1
  225     267       1
  225     384       1
  226     275       1
  226     521       1
  227     299       1
  227     453       1
  227     566       1
  227     770       1
  228     304       1
  228     324       1
  228     711       1
  229     531       1
  229     714       1
  230     570       1
  230     751       1
  230     763       1
  230     767       1
  231     706       1
  232     765       1
  233     433       1
  233     518       1
  233     625       1
  234     680       1
  235     243       1
  235     688       1
  236     327       1
  236     358       1
  236     421       1
  236     531       1
  237     375       1
  238     670       1
  238     785       1
  239     556       1
  239     610       1
  239     741       1
  239     773       1
  239     781       1
  242     587       1
  245     297       1
  245     549       1
  245     792       1
  246     434       1
  246     687       1
  247     342       1
  247     528       1
  248     423       1
  249     498       1
  249     685       1
  250     283       1
  250     487       1
  250     552       1
  250     684       1
  251     597       1
  252     592       1
  252     607       1
  253     519       1
  254     358       1
  255     754       1
  255     786       1
  256     624       1
  258     403       1
  259     466       1
  259     503       1
  260     270       1
  260     525       1
  260     539       1
  262     350       1
  262     454       1
  263     518       1
  264     383       1
  265     373       1
  266     524       1
  266     551       1
  266     597       1
  266     645       1
  267     558       1
  268     627       1
  269     672       1
  270     274       1
  272     760       1
  273     514       1
  273     589       1
  275     418       1
  275     540       1
  276     716       1
  277     327       1
  278     689       1
  279     408       1
  280     714       1
  281     385       1
  281     661       1
  284     326       1
  285     289       1
  285     352       1
  286     361       1
  288     423       1
  289     338       1
  289     622       1
  290     573       1
  291     294       1
  291     438       1
  292     315       1
  292     677       1
  293     416       1
  293     751       1
  294     302       1
  294     532       1
  295     314       1
  295     407       1
  295     518       1
  296     424       1
  296     430       1
  296     552       1
  296     703       1
  296     756       1
  297     306       1
  298     420       1
  299     389       1
  299     614       1
  299     679       1
  300     599       1
  300     649       1
  301     770       1
  305     329       1
  306     608       1
  307     404       1
  307     708       1
  308     614       1
  309     378       1
  310     451       1
  311     682       1
  312     369       1
  313     439       1
  313     440       1
  313     532       1
  315     354       1
  315     468       1
  315     643       1
  315     669       1
  317     627       1
  317     786       1
  318     766       1
  321     382       1
  323     606       1
  324     443       1
  325     596       1
  325     628       1
  326     526       1
  327     485       1
  327     532       1
  327     617       1
  327     640       1
  328     799       1
  329     795       1
  331     620       1
  332     710       1
  333     340       1
  338     751       1
  339     634       1
  340     661       1
  342     702       1
  346     617       1
  348     625       1
  350     736       1
  351     607       1
  352     541       1
  352     640       1
  352     699       1
  353     390       1
  353     588       1
  353     736       1
  353     787       1
  355     544       1
  356     759       1
  357     398       1
  358     456       1
  358     794       1
  360     396       1
  360     676       1
  362     492       1
  363     405       1
  363     661       1
  364     518       1
  365     376       1
  365     640       1
  366     753       1
  367     445       1
  367     531       1
  367     547       1
  367     550       1
  367     771       1
  369     624       1
  370     498       1
  372     397       1
  372     454       1
  372     624       1
  373     568       1
  374     663       1
  377     413       1
  377     447       1
  378     457       1
  378     671       1
  378     751       1
  379     505       1
  379     789       1
  380     492       1
  381     388       1
  382     434       1
  382     644       1
  383     500       1
  383     651       1
  385     679       1
  388     661       1
  391     463       1
  391     665       1
  392     468       1
  392     488       1
  393     582       1
  393     591       1
  393     704       1
  394     526       1
  395     436       1
  396     648       1
  397     701       1
  397     793       1
  398     570       1
  399     604       1
  400     534       1
  402     639       1
  403     409       1
  406     437       1
  406     539       1
  406     751       1
  407     532       1
  409     462       1
  409     526       1
  410     487       1
  411     561       1
  412     482       1
  412     557       1
  413     778       1
  414     435       1
  415     636       1
  417     463       1
  417     751       1
  418     477       1
  418     499       1
  418     532       1
  418     653       1
  418     726       1
  419     627       1
  422     698       1
  422     785       1
  423     425       1
  423     649       1
  423     791       1
  426     430       1
  426     621       1
  427     468       1
  427     534       1
  428     563       1
  428     782       1
  429     575       1
  430     467       1
  431     789       1
  432     707       1
  432     760       1
  436     595       1
  438     706       1
  442     785       1
  443     535       1
  446     527       1
  446     685       1
  447     618       1
  448     672       1
  449     513       1
  451     466       1
  451     597       1
  452     768       1
  454     686       1
  456     681       1
  457     516       1
  460     795       1
  463     498       1
  463     536       1
  463     762       1
  464     634       1
  465     728       1
  466     673       1
  468     705       1
  469     541       1
  471     610       1
  472     761       1
  474     481       1
  474     483       1
  475     581       1
  476     797       1
  477     769       1
  479     551       1
  480     611       1
  480     693       1
  483     601       1
  484     616       1
  486     663       1
  487     567       1
  489     632       1
  490     510       1
  490     631       1
  491     730       1
  493     688       1
  495     496       1
  496     651       1
  498     561       1
  499     511       1
  499     518       1
  502     509       1
  504     627       1
  504     683       1
  506     632       1
  508     627       1
  512     578       1
  512     582       1
  514     562       1
  515     697       1
  517     602       1
  517     752       1
  519     756       1
  522     545       1
  523     529       1
  526     752       1
  530     559       1
  531     562       1
  531     674       1
  532     752       1
  535     569       1
  537     664       1
  538     722       1
  539     720       1
  542     616       1
  542     626       1
  542     706       1
  543     603       1
  545     680       1
  546     631       1
  549     737       1
  552     752       1
  553     630       1
  553     725       1
  554     592       1
  556     764       1
  557     615       1
  557     655       1
  559     651       1
  559     753       1
  560     633       1
  562     768       1
  563     783       1
  564     632       1
  565     717       1
  566     605       1
  571     666       1
  571     714       1
  572     743       1
  573     704       1
  575     713       1
  576     734       1
  577     758       1
  582     604       1
  583     668       1
  584     697       1
  585     781       1
  590     682       1
  593     766       1
  595     629       1
  595     751       1
  596     731       1
  605     761       1
  607     661       1
  609     652       1
  613     799       1
  614     724       1
  617     619       1
  618     753       1
  625     788       1
  628     676       1
  630     706       1
  630     738       1
  633     641       1
  635     745       1
  638     657       1
  638     682       1
  642     692       1
  646     752       1
  648     782       1
  651     713       1
  651     752       1
  656     798       1
  657     782       1
  658     784       1
  659     763       1
  660     689       1
  663     691       1
  667     756       1
  680     749       1
  680     759       1
  684     779       1
  685     756       1
  685     777       1
  688     784       1
  692     723       1
  693     721       1
  695     734       1
  697     713       1
  697     760       1
  705     748       1
  706     782       1
  712     761       1
  719     765       1
  719     772       1
  728     732       1
  730     736       1
  731     735       1
  732     782       1
  740     763       1
  753     766       1
  758     780       1
  763     796       1
  767     786       1
  783     795       1
