  800     842
    1     605       1
    2      16       1
    3     610       1
    3     768       1
    4     651       1
    4     761       1
    5       6       1
    5      65       1
    5     526       1
    6     738       1
    6     758       1
    6     759       1
    7     459       1
    8      69       1
    8     156       1
    8     306       1
    8     728       1
    9      28       1
    9     666       1
    9     695       1
    9     742       1
    9     788       1
   10     637       1
   11     169       1
   11     286       1
   11     308       1
   11     372       1
   11     586       1
   12     679       1
   13     395       1
   14     164       1
   14     179       1
   14     682       1
   15     120       1
   15     370       1
   16     171       1
   16     401       1
   17     122       1
   17     163       1
   17     351       1
   18     310       1
   18     347       1
   18     669       1
   19     105       1
   19     209       1
   19     584       1
   19     712       1
   20     263       1
   20     555       1
   20     582       1
   20     636       1
   21      77       1
   22      56       1
   23     580       1
   23     645       1
   24     796       1
   25      81       1
   25     141       1
   25     390       1
   25     781       1
   26     453       1
   26     794       1
   27     122       1
   28      44       1
   28     486       1
   28     764       1
   28     770       1
   29     226       1
   29     741       1
   30     224       1
   30     253       1
   30     379       1
   30     664       1
   31     264       1
   32      38       1
   33     431       1
   34     747       1
   35      61       1
   35     587       1
   35     706       1
   36     265       1
   36     324       1
   36     472       1
   37      78       1
   38     338       1
   38     682       1
   39     609       1
   40     316       1
   40     721       1
   41      94       1
   41     280       1
   41     331       1
   41     357       1
   41     698       1
   42     110       1
   42     112       1
   42     279       1
   42     561       1
   43     424       1
   43     459       1
   45     356       1
   45     388       1
   45     456       1
   46     223       1
   46     738       1
   47     107       1
   47     665       1
   47     773       1
   48     132       1
   48     283       1
   48     599       1
   48     681       1
   49     299       1
   49     476       1
   50     733       1
   51     331       1
   52      64       1
   53     679       1
   53     682       1
   54      85       1
   54     480       1
   55     233       1
   55     778       1
   56     181       1
   56     470       1
   57      87       1
   57     654       1
   58     620       1
   59     230       1
   59     238       1
   59     578       1
   60     250       1
   61     202       1
   61     355       1
   62     311       1
   62     477       1
   63     359       1
   64     184       1
   64     588       1
   65     298       1
   65     573       1
   66     228       1
   67     376       1
   68     272       1
   68     620       1
   68     701       1
   69     373       1
   70     477       1
   71     706       1
   72     363       1
   73     451       1
   74     154       1
   74     224       1
   75     313       1
   76     690       1
   77     399       1
   78     178       1
   78     412       1
   78     457       1
   79     779       1
   80     337       1
   82     246       1
   82     560       1
   82     763       1
   83     234       1
   83     253       1
   83     265       1
   83     541       1
   84     227       1
   85     177       1
   85     321       1
   85     346       1
   85     706       1
   86     485       1
   87     242       1
   87     605       1
   88     134       1
   89     745       1
   90     327       1
   91     494       1
   92     169       1
   93     159       1
   94     159       1
   95     117       1
   95     426       1
   95     552       1
   95     791       1
   96     245       1
   96     299       1
   97     349       1
   97     429       1
   97     482       1
   98     579       1
   99     462       1
  100     686       1
  101     170       1
  101     230       1
  101     699       1
  102     361       1
  103     104       1
  103     319       1
  104     242       1
  104     723       1
  105     123       1
  105     202       1
  106     489       1
  106     630       1
  106     691       1
  106     730       1
  107     497       1
  108     557       1
  109     568       1
  110     369       1
  110     451       1
  110     570       1
  110     729       1
  111     219       1
  111     440       1
  112     162       1
  112     419       1
  112     460       1
  112     696       1
  112     700       1
  113     158       1
  114     167       1
  114     180       1
  114     336       1
  114     649       1
  114     747       1
  114     783       1
  114     790       1
  115     133       1
  115     695       1
  116     182       1
  116     372       1
  117     269       1
  117     356       1
  117     357       1
  117     604       1
  118     613       1
  118     759       1
  119     535       1
  121     462       1
  121     648       1
  122     135       1
  122     248       1
  122     490       1
  122     602       1
  122     798       1
  123     207       1
  124     542       1
  125     459       1
  126     547       1
  127     663       1
  128     473       1
  128     557       1
  129     393       1
  129     779       1
  130     753       1
  131     161       1
  131     583       1
  133     308       1
  134     137       1
  134     595       1
  136     683       1
  137     489       1
  138     293       1
  138     326       1
  139     323       1
  140     604       1
  142     486       1
  143     377       1
  144     679       1
  145     747       1
  146     231       1
  146     297       1
  147     158       1
  148     324       1
  149     443       1
  149     569       1
  149     572       1
  150     184       1
  150     500       1
  150     731       1
  151     795       1
  152     283       1
  152     343       1
  152     506       1
  152     679       1
  153     391       1
  155     479       1
  156     431       1
  157     209       1
  157     515       1
  158     492       1
  158     502       1
  159     166       1
  160     167       1
  160     658       1
  161     737       1
  163     265       1
  163     337       1
  163     393       1
  163     450       1
  163     497       1
  163     739       1
  165     416       1
  165     547       1
  167     285       1
  167     313       1
  167     423       1
  168     317       1
  168     479       1
  169     281       1
  170     414       1
  171     188       1
  171     354       1
  171     557       1
  172     679       1
  172     714       1
  173     277       1
  173     538       1
  173     685       1
  174     222       1
  174     362       1
  174     506       1
  175     357       1
  175     800       1
  176     625       1
  176     660       1
  176     729       1
  179     249       1
  180     551       1
  181     199       1
  181     220       1
  181     491       1
  181     550       1
  183     322       1
  183     381       1
  183     420       1
  183     572       1
  183     670       1
  184     202       1
  184     601       1
  184     673       1
  185     218       1
  186     356       1
  187     241       1
  187     536       1
  187     580       1
  189     296       1
  189     780       1
  190     632       1
  191     792       1
  192     251       1
  193     502       1
  194     607       1
  195     274       1
  195     395       1
  195     434       1
  195     699       1
  195     795       1
  196     386       1
  197     249       1
  197     615       1
  198     354       1
  198     468       1
  200     273       1
  200     325       1
  200     506       1
  200     626       1
  201     295       1
  201     349       1
  201     375       1
  201     446       1
  202     327       1
  202     393       1
  203     466       1
  204     600       1
  205     292       1
  205     366       1
  205     480       1
  205     730       1
  206     315       1
  206     433       1
  207     402       1
  207     496       1
  207     528       1
  207     606       1
  208     497       1
  210     213       1
  210     704       1
  211     435       1
  211     653       1
  212     763       1
  213     229       1
  214     361       1
  214     631       1
  215     448       1
  216     493       1
  217     264       1
  218     249       1
  218     277       1
  218     284       1
  219     354       1
  221     459       1
  224     300       1
  224     549       1
  225     611       1
  226     547       1
  227     694       1
  227     763       1
  228     536       1
  228     560       1
  228     677       1
  228     705       1
  230     489       1
  230     592       1
  230     771       1
  231     623       1
  232     778       1
  233     516       1
  234     239       1
  234     735       1
  235     251       1
  235     465       1
  235     507       1
  235     697       1
  236     502       1
  236     510       1
  237     293       1
  238     311       1
  238     406       1
  238     675       1
  238     703       1
  239     655       1
  240     451       1
  241     604       1
  242     252       1
  242     564       1
  242     686       1
  243     332       1
  244     428       1
  245     647       1
  246     799       1
  247     436       1
  249     309       1
  249     422       1
  249     629       1
  250     364       1
  250     439       1
  250     462       1
  250     522       1
  250     636       1
  250     740       1
  250     761       1
  251     604       1
  252     540       1
  254     292       1
  255     535       1
  256     432       1
  256     531       1
  256     664       1
  257     664       1
  258     346       1
  259     704       1
  260     349       1
  260     529       1
  260     686       1
  260     769       1
  261     296       1
  262     546       1
  263     755       1
  263     757       1
  264     285       1
  264     488       1
  264     518       1
  265     378       1
  265     427       1
  265     431       1
  265     477       1
  265     524       1
  266     624       1
  266     712       1
  267     328       1
  267     449       1
  267     679       1
  268     429       1
  270     299       1
  271     437       1
  271     560       1
  273     513       1
  275     433       1
  276     392       1
  276     715       1
  277     414       1
  277     659       1
  277     734       1
  278     643       1
  278     675       1
  278     756       1
  279     359       1
  279     433       1
  281     622       1
  282     362       1
  282     430       1
  284     293       1
  285     498       1
  285     759       1
  285     760       1
  285     781       1
  287     569       1
  287     600       1
  287     675       1
  288     689       1
  289     792       1
  290     306       1
  290     330       1
  290     345       1
  291     390       1
  291     562       1
  292     509       1
  293     574       1
  293     664       1
  293     727       1
  294     340       1
  294     357       1
  296     457       1
  296     508       1
  297     343       1
  297     672       1
  299     342       1
  299     462       1
  299     468       1
  299     767       1
  301     342       1
  302     677       1
  303     413       1
  304     399       1
  304     481       1
  304     505       1
  305     369       1
  306     520       1
  306     533       1
  307     315       1
  311     352       1
  311     405       1
  311     610       1
  312     572       1
  313     684       1
  314     373       1
  314     743       1
  316     468       1
  316     775       1
  318     429       1
  318     558       1
  319     347       1
  319     778       1
  320     611       1
  321     413       1
  322     401       1
  323     451       1
  324     345       1
  327     548       1
  329     534       1
  329     755       1
  332     377       1
  332     638       1
  333     572       1
  333     711       1
  334     563       1
  334     699       1
  335     415       1
  336     641       1
  337     485       1
  339     755       1
  340     710       1
  341     349       1
  343     345       1
  343     347       1
  343     494       1
  343     732       1
  344     767       1
  345     357       1
  345     609       1
  347     441       1
  348     407       1
  348     505       1
  349     489       1
  350     485       1
  352     525       1
  352     741       1
  353     420       1
  355     542       1
  355     646       1
  356     393       1
  356     489       1
  356     586       1
  356     667       1
  356     748       1
  356     753       1
  357     637       1
  357     717       1
  358     522       1
  359     463       1
  360     431       1
  361     614       1
  361     690       1
  362     772       1
  363     376       1
  363     418       1
  365     535       1
  365     705       1
  366     749       1
  367     747       1
  368     679       1
  369     752       1
  370     604       1
  370     645       1
  371     411       1
  374     395       1
  375     539       1
  376     399       1
  376     423       1
  377     451       1
  378     727       1
  380     398       1
  382     431       1
  382     577       1
  383     462       1
  384     488       1
  385     501       1
  385     517       1
  385     537       1
  386     737       1
  387     638       1
  388     415       1
  388     745       1
  389     651       1
  391     463       1
  392     760       1
  393     423       1
  393     525       1
  394     529       1
  395     725       1
  396     673       1
  396     786       1
  397     778       1
  398     586       1
  400     459       1
  403     626       1
  404     579       1
  404     642       1
  407     631       1
  408     643       1
  409     694       1
  410     636       1
  410     644       1
  410     661       1
  411     498       1
  411     531       1
  413     512       1
  413     566       1
  417     489       1
  421     477       1
  422     506       1
  423     455       1
  423     591       1
  423     636       1
  424     693       1
  425     478       1
  428     625       1
  429     596       1
  429     664       1
  432     461       1
  436     567       1
  436     683       1
  438     572       1
  442     660       1
  444     476       1
  445     508       1
  447     717       1
  448     552       1
  449     471       1
  449     716       1
  450     546       1
  450     639       1
  451     594       1
  452     550       1
  453     504       1
  453     727       1
  454     713       1
  455     719       1
  456     616       1
  458     686       1
  459     466       1
  459     535       1
  462     478       1
  462     716       1
  464     663       1
  464     707       1
  467     675       1
  468     511       1
  468     704       1
  468     766       1
  469     483       1
  474     498       1
  474     680       1
  475     560       1
  476     576       1
  477     713       1
  478     532       1
  479     708       1
  479     792       1
  481     635       1
  481     668       1
  483     550       1
  483     636       1
  483     656       1
  483     795       1
  484     582       1
  487     489       1
  488     623       1
  489     708       1
  493     592       1
  495     591       1
  496     754       1
  498     559       1
  498     650       1
  498     666       1
  498     718       1
  498     770       1
  499     731       1
  501     536       1
  501     705       1
  502     664       1
  502     751       1
  503     556       1
  503     632       1
  504     608       1
  505     709       1
  506     545       1
  506     652       1
  506     662       1
  507     598       1
  507     664       1
  508     679       1
  511     607       1
  511     748       1
  513     726       1
  514     679       1
  515     583       1
  515     691       1
  516     618       1
  518     619       1
  519     569       1
  520     632       1
  521     564       1
  522     724       1
  523     532       1
  525     585       1
  527     740       1
  529     572       1
  529     737       1
  530     678       1
  532     712       1
  535     536       1
  535     611       1
  543     591       1
  544     609       1
  545     785       1
  547     628       1
  547     639       1
  550     683       1
  552     688       1
  553     620       1
  554     772       1
  555     651       1
  557     679       1
  558     701       1
  560     636       1
  565     738       1
  568     700       1
  571     589       1
  571     638       1
  575     583       1
  575     794       1
  579     621       1
  581     686       1
  582     627       1
  590     634       1
  591     797       1
  593     717       1
  597     686       1
  600     631       1
  603     694       1
  603     796       1
  607     647       1
  609     653       1
  611     720       1
  612     681       1
  614     643       1
  614     795       1
  617     759       1
  620     634       1
  621     674       1
  621     747       1
  626     655       1
  633     664       1
  634     729       1
  637     736       1
  640     790       1
  642     793       1
  644     712       1
  647     671       1
  649     733       1
  649     784       1
  651     689       1
  651     753       1
  657     717       1
  663     776       1
  666     784       1
  672     722       1
  673     796       1
  675     744       1
  676     704       1
  676     762       1
  678     781       1
  679     765       1
  683     692       1
  684     782       1
  687     783       1
  691     729       1
  693     789       1
  702     760       1
  715     792       1
  719     750       1
  729     777       1
  746     763       1
  774     777       1
  775     787       1
  776     783       1
