  100     114
    1      48       1
    2      38       1
    3      49       1
    4      21       1
    4      26       1
    4      50       1
    4      80       1
    4      97       1
    5      60       1
    5      99       1
    6      74       1
    7      38       1
    7      50       1
    7      61       1
    7      73       1
    8      71       1
    8      91       1
    9      44       1
   10      48       1
   11      69       1
   12      82       1
   13      40       1
   13      56       1
   13      68       1
   14      16       1
   14      33       1
   14      84       1
   14      88       1
   15      69       1
   16      74       1
   16      90       1
   16      92       1
   17      38       1
   18      36       1
   19      53       1
   19      63       1
   20      22       1
   22      23       1
   23      51       1
   23      71       1
   23      83       1
   23      99       1
   24      44       1
   24      69       1
   24      79       1
   25      46       1
   25      49       1
   25      68       1
   27      41       1
   27      59       1
   28      35       1
   28      70       1
   28      74       1
   29      34       1
   30      80       1
   31      73       1
   32      74       1
   32      80       1
   33      67       1
   34      62       1
   34      99       1
   35      40       1
   35      86       1
   36      58       1
   36      66       1
   37      51       1
   37      96       1
   39      52       1
   41      69       1
   41      74       1
   41      99       1
   42      99       1
   43      86       1
   45      52       1
   45      54       1
   45      62       1
   47      83       1
   47      97       1
   48      61       1
   48      75       1
   48      88       1
   50      72       1
   50      91       1
   51      82       1
   51      94       1
   51      98       1
   52      57       1
   52      99       1
   53      78       1
   54      65       1
   55      70       1
   57      79       1
   58      68       1
   60      66       1
   61      67       1
   61      68       1
   61      69       1
   61      93       1
   62      63       1
   64      70       1
   65      91       1
   69      91       1
   69     100       1
   71      78       1
   72      79       1
   73      74       1
   74      95       1
   76      82       1
   77      95       1
   81      88       1
   85      92       1
   87      92       1
   89      95       1
   92      94       1
