  500     533
    1     317       1
    2     183       1
    3      59       1
    3     254       1
    4     187       1
    4     228       1
    4     299       1
    4     306       1
    5      98       1
    5     177       1
    5     483       1
    6      95       1
    7     481       1
    8     336       1
    8     385       1
    8     452       1
    8     455       1
    8     460       1
    9     382       1
    9     402       1
   10      76       1
   10      89       1
   10     137       1
   10     207       1
   10     210       1
   10     213       1
   10     422       1
   10     427       1
   11     246       1
   11     471       1
   12     131       1
   12     271       1
   12     379       1
   13     172       1
   13     420       1
   14      23       1
   14     239       1
   14     328       1
   14     332       1
   14     451       1
   15     229       1
   15     288       1
   15     349       1
   16     237       1
   16     402       1
   17     127       1
   17     183       1
   18     114       1
   18     468       1
   19     391       1
   19     469       1
   20     239       1
   21     270       1
   21     317       1
   22     445       1
   23      40       1
   23     375       1
   24      57       1
   24     190       1
   25     243       1
   26     218       1
   26     393       1
   27     319       1
   28      44       1
   28      61       1
   28      99       1
   28     341       1
   28     463       1
   29     175       1
   29     432       1
   30     173       1
   31      86       1
   31     186       1
   32     171       1
   33     478       1
   34     131       1
   34     311       1
   34     468       1
   35      56       1
   36     457       1
   37     249       1
   37     449       1
   38     415       1
   39      53       1
   39      75       1
   39     312       1
   41     167       1
   41     282       1
   42      72       1
   43     184       1
   43     332       1
   44      46       1
   45     207       1
   45     318       1
   45     351       1
   47     174       1
   47     180       1
   48     315       1
   49     129       1
   50     148       1
   51     111       1
   52     327       1
   53     115       1
   53     278       1
   54     197       1
   54     300       1
   55     206       1
   55     444       1
   56      68       1
   58      79       1
   58     132       1
   59      79       1
   59     154       1
   59     424       1
   60      99       1
   60     154       1
   60     185       1
   60     331       1
   61     103       1
   61     203       1
   61     281       1
   61     437       1
   62      68       1
   62     160       1
   62     429       1
   62     467       1
   63     289       1
   64     432       1
   65      71       1
   66      68       1
   67     161       1
   68     331       1
   68     416       1
   69     286       1
   69     329       1
   70     298       1
   70     443       1
   70     448       1
   71      77       1
   71     106       1
   71     361       1
   71     427       1
   72     372       1
   72     465       1
   73     111       1
   73     163       1
   73     306       1
   73     362       1
   74     439       1
   74     473       1
   74     479       1
   75     213       1
   75     238       1
   78     241       1
   80     151       1
   81     426       1
   82     157       1
   82     243       1
   83     362       1
   84     383       1
   85     332       1
   86     213       1
   86     411       1
   87     150       1
   88     395       1
   89     220       1
   90     276       1
   91     366       1
   92     203       1
   92     475       1
   93     196       1
   93     302       1
   93     386       1
   93     492       1
   94     298       1
   95     268       1
   95     320       1
   95     394       1
   95     459       1
   96     128       1
   96     319       1
   96     446       1
   96     486       1
   97     294       1
   97     320       1
   97     445       1
   97     486       1
   97     489       1
   98     379       1
   99     144       1
   99     148       1
   99     196       1
   99     231       1
   99     286       1
   99     349       1
   99     358       1
   99     377       1
   99     379       1
  100     257       1
  101     222       1
  102     199       1
  102     225       1
  103     407       1
  104     187       1
  104     226       1
  105     447       1
  105     481       1
  107     468       1
  108     127       1
  109     470       1
  110     324       1
  111     260       1
  111     272       1
  111     358       1
  111     417       1
  112     349       1
  113     318       1
  114     384       1
  116     488       1
  117     154       1
  117     315       1
  118     182       1
  119     241       1
  120     145       1
  120     451       1
  121     159       1
  122     226       1
  123     330       1
  124     441       1
  124     470       1
  125     321       1
  126     461       1
  127     226       1
  129     210       1
  130     236       1
  130     251       1
  130     328       1
  130     466       1
  131     149       1
  133     438       1
  133     456       1
  134     293       1
  135     137       1
  136     359       1
  138     320       1
  139     243       1
  140     287       1
  140     301       1
  141     286       1
  141     371       1
  142     364       1
  143     206       1
  143     397       1
  145     239       1
  145     406       1
  146     415       1
  146     427       1
  147     311       1
  148     324       1
  148     405       1
  148     453       1
  150     359       1
  151     175       1
  151     217       1
  152     226       1
  153     234       1
  153     395       1
  154     279       1
  154     346       1
  154     355       1
  154     470       1
  155     443       1
  155     465       1
  155     467       1
  156     291       1
  156     370       1
  157     277       1
  158     427       1
  159     403       1
  159     484       1
  160     272       1
  160     316       1
  161     204       1
  161     331       1
  162     227       1
  162     490       1
  163     363       1
  164     177       1
  165     215       1
  165     343       1
  166     462       1
  166     484       1
  167     183       1
  167     461       1
  168     422       1
  169     249       1
  170     496       1
  171     293       1
  172     183       1
  172     320       1
  173     209       1
  173     249       1
  174     416       1
  175     349       1
  176     263       1
  178     320       1
  179     286       1
  179     431       1
  179     435       1
  180     335       1
  180     341       1
  180     373       1
  181     276       1
  182     232       1
  182     463       1
  183     255       1
  183     263       1
  183     269       1
  183     286       1
  183     490       1
  184     498       1
  185     249       1
  185     449       1
  186     202       1
  186     224       1
  188     412       1
  189     450       1
  190     256       1
  190     283       1
  190     495       1
  191     223       1
  191     233       1
  192     466       1
  193     244       1
  193     381       1
  194     485       1
  194     495       1
  195     341       1
  197     279       1
  197     296       1
  198     287       1
  198     499       1
  199     468       1
  200     303       1
  201     267       1
  201     457       1
  203     270       1
  203     394       1
  205     276       1
  205     473       1
  206     279       1
  206     413       1
  207     277       1
  208     344       1
  209     285       1
  210     414       1
  211     221       1
  211     328       1
  212     359       1
  213     322       1
  213     340       1
  213     372       1
  214     390       1
  216     463       1
  217     241       1
  217     398       1
  218     247       1
  219     295       1
  219     401       1
  222     241       1
  222     350       1
  222     358       1
  226     264       1
  230     420       1
  233     394       1
  234     265       1
  234     303       1
  234     325       1
  234     427       1
  235     263       1
  235     419       1
  235     450       1
  240     466       1
  240     484       1
  241     356       1
  241     385       1
  242     257       1
  242     276       1
  242     425       1
  243     328       1
  243     491       1
  244     410       1
  244     461       1
  245     283       1
  246     427       1
  246     458       1
  247     376       1
  248     304       1
  249     440       1
  250     262       1
  250     481       1
  252     291       1
  253     313       1
  253     426       1
  253     427       1
  254     283       1
  256     389       1
  257     283       1
  257     487       1
  258     343       1
  258     497       1
  259     349       1
  261     486       1
  263     412       1
  263     426       1
  263     448       1
  266     317       1
  267     448       1
  269     292       1
  269     338       1
  273     384       1
  273     482       1
  274     390       1
  275     363       1
  280     320       1
  283     327       1
  283     359       1
  283     461       1
  283     477       1
  284     369       1
  285     320       1
  286     310       1
  286     328       1
  286     345       1
  286     418       1
  287     381       1
  289     352       1
  289     400       1
  290     408       1
  291     472       1
  293     492       1
  295     477       1
  296     318       1
  297     336       1
  298     365       1
  299     328       1
  299     491       1
  301     363       1
  304     431       1
  304     442       1
  305     372       1
  306     409       1
  307     372       1
  307     388       1
  307     472       1
  308     484       1
  309     339       1
  310     339       1
  310     422       1
  312     476       1
  313     416       1
  314     348       1
  317     474       1
  318     334       1
  320     404       1
  321     437       1
  322     344       1
  323     331       1
  324     375       1
  325     500       1
  326     463       1
  327     378       1
  328     359       1
  328     481       1
  329     447       1
  330     380       1
  333     392       1
  336     401       1
  337     439       1
  338     357       1
  339     436       1
  342     364       1
  343     476       1
  344     462       1
  345     392       1
  347     472       1
  348     478       1
  352     470       1
  353     366       1
  354     470       1
  356     391       1
  358     366       1
  358     367       1
  358     408       1
  358     430       1
  359     433       1
  359     474       1
  360     376       1
  362     438       1
  363     483       1
  364     468       1
  366     374       1
  367     494       1
  368     374       1
  369     415       1
  376     422       1
  380     498       1
  383     390       1
  383     391       1
  387     404       1
  396     490       1
  399     423       1
  402     461       1
  402     488       1
  402     496       1
  407     450       1
  415     468       1
  416     478       1
  420     437       1
  421     453       1
  421     480       1
  422     493       1
  423     437       1
  426     454       1
  428     476       1
  434     440       1
  436     442       1
  437     498       1
  442     467       1
  458     498       1
  461     476       1
  462     494       1
  464     474       1
