  800     842
    1     446       1
    2     694       1
    3     184       1
    3     230       1
    3     727       1
    3     795       1
    4     282       1
    5     218       1
    6      30       1
    6     112       1
    7     323       1
    7     515       1
    7     708       1
    8     671       1
    9     118       1
    9     420       1
   10     269       1
   11     418       1
   11     472       1
   11     623       1
   12     550       1
   13     588       1
   13     612       1
   13     790       1
   14     198       1
   14     474       1
   15     674       1
   16     492       1
   17     359       1
   17     511       1
   18     391       1
   18     534       1
   18     623       1
   19     344       1
   19     351       1
   20     194       1
   20     518       1
   21      59       1
   21      62       1
   21     597       1
   22     661       1
   23     278       1
   23     703       1
   24     122       1
   25     445       1
   25     497       1
   25     710       1
   26     174       1
   26     419       1
   27     266       1
   27     562       1
   27     619       1
   27     742       1
   28      88       1
   28     186       1
   29     191       1
   29     398       1
   31     194       1
   31     310       1
   32     330       1
   33     263       1
   34     374       1
   35     377       1
   36      84       1
   36     599       1
   36     730       1
   37     766       1
   38     226       1
   39     695       1
   40     154       1
   40     284       1
   41     328       1
   42     251       1
   42     721       1
   43     257       1
   43     308       1
   43     579       1
   43     591       1
   44     193       1
   44     742       1
   45     416       1
   45     463       1
   46      49       1
   46     225       1
   46     455       1
   47     262       1
   47     286       1
   48     362       1
   49      95       1
   49     678       1
   50      77       1
   50     503       1
   50     557       1
   50     599       1
   50     747       1
   51     540       1
   52     214       1
   52     238       1
   52     367       1
   52     380       1
   52     411       1
   52     519       1
   52     585       1
   52     683       1
   52     702       1
   53     116       1
   54     124       1
   54     151       1
   54     633       1
   55     125       1
   56     189       1
   56     411       1
   57     295       1
   57     380       1
   57     717       1
   58     209       1
   58     724       1
   58     746       1
   59     432       1
   60     705       1
   61     702       1
   63     138       1
   63     360       1
   64     128       1
   64     221       1
   64     486       1
   64     796       1
   65     646       1
   65     649       1
   66     248       1
   66     541       1
   67     220       1
   68     554       1
   69      93       1
   69     244       1
   70     463       1
   71     774       1
   72     483       1
   73     776       1
   74     211       1
   74     554       1
   74     688       1
   75     184       1
   76     201       1
   78     278       1
   79     335       1
   79     771       1
   80     477       1
   81     633       1
   82     222       1
   83     362       1
   83     574       1
   83     612       1
   84     273       1
   84     539       1
   85     117       1
   86     603       1
   86     609       1
   87     199       1
   87     644       1
   88     312       1
   88     387       1
   89     287       1
   89     427       1
   89     488       1
   90     121       1
   91     346       1
   91     570       1
   92     201       1
   92     248       1
   92     252       1
   92     514       1
   93     149       1
   93     501       1
   93     697       1
   94     703       1
   96     348       1
   97     393       1
   97     705       1
   98     162       1
   98     794       1
   99     342       1
   99     431       1
   99     777       1
  100     436       1
  100     455       1
  100     759       1
  101     409       1
  102     292       1
  103     250       1
  104     398       1
  104     473       1
  105     682       1
  106     390       1
  107     174       1
  108     308       1
  109     391       1
  110     272       1
  110     582       1
  110     734       1
  110     741       1
  111     252       1
  112     353       1
  112     783       1
  113     182       1
  114     307       1
  114     366       1
  115     773       1
  116     582       1
  117     124       1
  117     401       1
  117     645       1
  119     181       1
  119     539       1
  120     393       1
  121     135       1
  121     220       1
  121     417       1
  121     683       1
  121     691       1
  122     501       1
  123     256       1
  123     607       1
  124     259       1
  124     370       1
  124     471       1
  125     202       1
  125     638       1
  126     421       1
  127     130       1
  128     242       1
  129     532       1
  130     140       1
  130     319       1
  130     396       1
  130     397       1
  130     733       1
  131     255       1
  131     540       1
  132     515       1
  133     208       1
  133     251       1
  134     161       1
  135     361       1
  135     559       1
  135     571       1
  136     199       1
  136     238       1
  136     368       1
  137     638       1
  137     793       1
  138     311       1
  138     336       1
  138     389       1
  139     306       1
  139     367       1
  139     538       1
  139     573       1
  140     149       1
  141     449       1
  141     579       1
  141     764       1
  141     766       1
  142     675       1
  142     701       1
  143     262       1
  143     751       1
  144     169       1
  145     797       1
  146     565       1
  147     682       1
  148     480       1
  148     568       1
  149     300       1
  150     785       1
  152     304       1
  152     582       1
  153     698       1
  154     178       1
  154     789       1
  155     621       1
  156     448       1
  157     166       1
  157     373       1
  158     183       1
  159     184       1
  160     194       1
  160     411       1
  161     515       1
  161     540       1
  163     267       1
  164     532       1
  164     692       1
  165     232       1
  165     672       1
  166     224       1
  166     237       1
  166     380       1
  166     469       1
  166     483       1
  166     767       1
  167     288       1
  168     629       1
  169     330       1
  169     344       1
  169     349       1
  170     590       1
  171     284       1
  171     535       1
  172     293       1
  172     735       1
  173     424       1
  174     184       1
  174     641       1
  174     648       1
  175     216       1
  175     415       1
  175     600       1
  175     659       1
  176     268       1
  177     788       1
  179     456       1
  180     554       1
  180     791       1
  181     716       1
  181     768       1
  182     519       1
  182     744       1
  182     779       1
  183     248       1
  184     235       1
  184     308       1
  184     334       1
  185     574       1
  186     340       1
  186     506       1
  187     220       1
  187     701       1
  188     378       1
  190     516       1
  192     268       1
  192     475       1
  192     490       1
  193     339       1
  193     476       1
  193     643       1
  194     313       1
  194     617       1
  195     427       1
  196     267       1
  197     452       1
  197     482       1
  197     752       1
  198     684       1
  200     332       1
  201     208       1
  201     320       1
  201     331       1
  201     579       1
  203     267       1
  203     521       1
  204     697       1
  205     266       1
  206     706       1
  207     408       1
  207     616       1
  208     693       1
  209     259       1
  209     713       1
  210     382       1
  211     237       1
  211     498       1
  212     613       1
  213     392       1
  213     606       1
  214     264       1
  215     322       1
  216     795       1
  217     278       1
  217     671       1
  218     435       1
  218     490       1
  219     220       1
  220     239       1
  220     427       1
  220     438       1
  220     503       1
  220     532       1
  220     561       1
  220     685       1
  222     423       1
  222     428       1
  222     486       1
  222     639       1
  223     475       1
  225     558       1
  226     321       1
  226     332       1
  226     393       1
  227     471       1
  228     506       1
  229     502       1
  231     343       1
  231     362       1
  231     674       1
  232     367       1
  232     448       1
  232     760       1
  233     622       1
  234     514       1
  234     570       1
  236     336       1
  236     793       1
  237     486       1
  237     593       1
  238     316       1
  238     576       1
  238     647       1
  239     765       1
  240     614       1
  241     767       1
  243     438       1
  243     770       1
  244     661       1
  245     280       1
  246     296       1
  246     582       1
  246     732       1
  247     284       1
  247     783       1
  248     372       1
  248     451       1
  248     780       1
  249     545       1
  249     792       1
  250     362       1
  251     494       1
  252     632       1
  253     511       1
  254     737       1
  258     294       1
  258     720       1
  260     704       1
  261     271       1
  261     602       1
  262     332       1
  262     377       1
  262     409       1
  262     781       1
  263     302       1
  263     344       1
  263     522       1
  263     776       1
  264     344       1
  264     707       1
  265     562       1
  267     305       1
  267     371       1
  267     566       1
  267     658       1
  267     686       1
  267     720       1
  268     686       1
  269     302       1
  270     547       1
  270     755       1
  271     356       1
  272     538       1
  273     751       1
  274     779       1
  275     786       1
  276     750       1
  277     478       1
  278     471       1
  279     731       1
  280     731       1
  281     290       1
  281     316       1
  281     651       1
  282     478       1
  282     636       1
  283     779       1
  284     424       1
  284     509       1
  284     660       1
  284     698       1
  284     775       1
  285     368       1
  285     613       1
  288     649       1
  289     663       1
  290     508       1
  291     783       1
  292     363       1
  292     642       1
  296     326       1
  296     681       1
  297     412       1
  297     542       1
  298     460       1
  298     464       1
  299     408       1
  301     559       1
  303     512       1
  305     478       1
  305     660       1
  305     687       1
  305     715       1
  306     459       1
  306     560       1
  306     669       1
  306     704       1
  307     474       1
  309     490       1
  312     743       1
  313     458       1
  313     654       1
  314     391       1
  315     400       1
  315     585       1
  316     556       1
  316     695       1
  317     421       1
  317     477       1
  318     663       1
  319     528       1
  319     538       1
  319     610       1
  319     743       1
  320     354       1
  320     404       1
  320     429       1
  320     460       1
  320     562       1
  320     794       1
  322     401       1
  323     717       1
  324     446       1
  324     600       1
  324     769       1
  325     520       1
  325     590       1
  325     638       1
  326     567       1
  326     699       1
  327     768       1
  328     400       1
  329     680       1
  331     719       1
  332     365       1
  333     766       1
  334     534       1
  335     726       1
  335     731       1
  336     406       1
  336     607       1
  336     767       1
  337     767       1
  338     622       1
  339     478       1
  341     427       1
  342     482       1
  344     680       1
  345     730       1
  347     500       1
  348     577       1
  349     443       1
  349     635       1
  350     554       1
  350     709       1
  352     444       1
  352     532       1
  354     506       1
  355     422       1
  355     519       1
  357     470       1
  358     747       1
  359     474       1
  359     731       1
  361     437       1
  361     617       1
  362     549       1
  362     577       1
  363     452       1
  364     735       1
  367     719       1
  367     799       1
  368     537       1
  368     586       1
  368     617       1
  369     401       1
  371     739       1
  374     611       1
  374     740       1
  374     785       1
  375     390       1
  376     598       1
  376     662       1
  378     457       1
  378     677       1
  379     565       1
  381     512       1
  382     554       1
  383     617       1
  384     585       1
  385     616       1
  385     640       1
  385     670       1
  386     413       1
  388     409       1
  388     605       1
  390     686       1
  391     578       1
  391     702       1
  393     663       1
  394     745       1
  394     750       1
  395     492       1
  395     710       1
  396     450       1
  397     589       1
  398     413       1
  398     647       1
  399     654       1
  401     583       1
  401     690       1
  402     727       1
  403     519       1
  404     455       1
  405     617       1
  407     585       1
  408     499       1
  409     440       1
  409     638       1
  410     775       1
  411     577       1
  411     643       1
  413     485       1
  414     552       1
  417     450       1
  417     559       1
  417     798       1
  419     623       1
  420     501       1
  422     595       1
  423     788       1
  425     617       1
  426     428       1
  427     551       1
  427     649       1
  428     679       1
  429     524       1
  429     555       1
  429     584       1
  429     592       1
  429     638       1
  430     562       1
  433     463       1
  433     490       1
  434     443       1
  437     614       1
  438     604       1
  438     643       1
  439     600       1
  441     634       1
  442     460       1
  444     637       1
  445     723       1
  447     687       1
  451     609       1
  453     547       1
  454     518       1
  455     629       1
  455     656       1
  455     796       1
  456     776       1
  457     478       1
  457     547       1
  459     673       1
  459     706       1
  459     714       1
  460     578       1
  460     660       1
  460     718       1
  461     704       1
  462     646       1
  462     725       1
  463     506       1
  463     550       1
  464     728       1
  465     467       1
  466     510       1
  466     575       1
  466     777       1
  467     643       1
  467     729       1
  468     474       1
  468     621       1
  468     660       1
  468     668       1
  468     785       1
  470     728       1
  471     625       1
  471     662       1
  471     702       1
  472     696       1
  473     516       1
  473     536       1
  473     700       1
  475     675       1
  476     755       1
  477     533       1
  479     496       1
  479     623       1
  480     533       1
  481     704       1
  482     731       1
  483     634       1
  483     795       1
  484     704       1
  486     542       1
  487     603       1
  487     618       1
  487     739       1
  488     606       1
  489     529       1
  489     767       1
  490     540       1
  490     597       1
  490     643       1
  491     676       1
  491     715       1
  493     617       1
  495     636       1
  496     736       1
  500     701       1
  500     772       1
  501     698       1
  502     623       1
  503     545       1
  504     553       1
  504     580       1
  504     726       1
  505     653       1
  507     655       1
  511     601       1
  512     569       1
  512     646       1
  513     760       1
  517     704       1
  519     653       1
  523     666       1
  523     798       1
  525     775       1
  525     782       1
  526     689       1
  527     743       1
  530     660       1
  530     750       1
  531     539       1
  533     584       1
  534     596       1
  534     650       1
  534     652       1
  538     624       1
  539     643       1
  543     602       1
  544     638       1
  545     548       1
  545     564       1
  546     585       1
  547     797       1
  548     715       1
  549     761       1
  550     745       1
  551     787       1
  552     744       1
  552     754       1
  554     756       1
  556     664       1
  559     786       1
  561     587       1
  563     756       1
  565     785       1
  567     628       1
  567     729       1
  572     694       1
  573     608       1
  576     581       1
  577     776       1
  579     622       1
  579     705       1
  582     647       1
  582     650       1
  582     722       1
  585     630       1
  594     734       1
  595     617       1
  597     657       1
  601     799       1
  602     660       1
  602     710       1
  603     763       1
  607     800       1
  610     636       1
  610     749       1
  612     689       1
  612     753       1
  615     742       1
  616     643       1
  620     740       1
  623     631       1
  623     743       1
  623     750       1
  626     737       1
  627     775       1
  655     684       1
  655     778       1
  657     678       1
  660     702       1
  661     672       1
  665     739       1
  667     698       1
  668     757       1
  682     767       1
  683     773       1
  684     737       1
  686     784       1
  694     698       1
  695     775       1
  701     721       1
  703     758       1
  704     738       1
  707     755       1
  711     799       1
  712     732       1
  721     735       1
  721     785       1
  726     762       1
  731     774       1
  744     748       1
  764     788       1
