  300     326
    1      95       1
    1     243       1
    1     290       1
    2     187       1
    3     111       1
    4      89       1
    5     131       1
    6      65       1
    6     190       1
    7     156       1
    7     188       1
    8      26       1
    8     171       1
    8     218       1
    8     276       1
    9     294       1
   10      14       1
   10      39       1
   10     148       1
   10     179       1
   10     201       1
   10     275       1
   11     137       1
   11     167       1
   12     133       1
   13     206       1
   13     239       1
   13     264       1
   14     215       1
   15     186       1
   16      21       1
   16      44       1
   16     259       1
   17      55       1
   17      87       1
   17     151       1
   17     204       1
   18      95       1
   18     172       1
   18     214       1
   19     207       1
   20      91       1
   20     256       1
   21     108       1
   22     126       1
   23     214       1
   24      49       1
   25     239       1
   27      96       1
   27     130       1
   27     153       1
   27     155       1
   27     214       1
   27     221       1
   27     255       1
   27     276       1
   28      71       1
   29      51       1
   30      90       1
   30     199       1
   30     248       1
   31      45       1
   31      99       1
   31     257       1
   32     112       1
   33     256       1
   33     298       1
   34     112       1
   35      44       1
   35     206       1
   36     131       1
   36     187       1
   37     275       1
   37     299       1
   38      75       1
   40     171       1
   41     164       1
   41     276       1
   42     172       1
   43     198       1
   44     262       1
   46      95       1
   46     105       1
   47      56       1
   47     143       1
   47     187       1
   48     206       1
   49     112       1
   49     271       1
   50     182       1
   50     195       1
   51     109       1
   52     208       1
   53     252       1
   54     156       1
   54     193       1
   56      62       1
   56      74       1
   56     106       1
   56     113       1
   56     139       1
   56     261       1
   57     177       1
   57     185       1
   58     114       1
   58     125       1
   58     133       1
   58     145       1
   59     100       1
   59     133       1
   60     264       1
   61     245       1
   62      69       1
   62      98       1
   63     241       1
   64     126       1
   64     178       1
   65      69       1
   65     191       1
   65     276       1
   65     281       1
   65     300       1
   66     220       1
   67      92       1
   67     168       1
   68     152       1
   68     284       1
   69      71       1
   69     257       1
   69     270       1
   69     293       1
   69     294       1
   70     202       1
   71     162       1
   71     251       1
   72     259       1
   73     251       1
   74     295       1
   75     189       1
   76     237       1
   77     181       1
   78     281       1
   79     210       1
   80     261       1
   81     211       1
   82     128       1
   83     113       1
   84     126       1
   85     117       1
   85     174       1
   85     204       1
   85     291       1
   86     260       1
   86     278       1
   86     279       1
   88     149       1
   88     197       1
   89     126       1
   89     226       1
   89     229       1
   90     178       1
   90     202       1
   91     131       1
   92     179       1
   93     203       1
   94     171       1
   95     144       1
   95     275       1
   95     279       1
   95     289       1
   96     118       1
   97     128       1
   97     131       1
   97     238       1
   98     137       1
  101     169       1
  102     149       1
  103     167       1
  103     204       1
  104     133       1
  105     206       1
  107     171       1
  108     138       1
  109     110       1
  109     264       1
  109     296       1
  110     233       1
  110     271       1
  111     289       1
  112     217       1
  112     252       1
  113     166       1
  113     181       1
  113     216       1
  114     131       1
  114     232       1
  114     256       1
  115     293       1
  116     129       1
  116     177       1
  118     161       1
  118     247       1
  119     156       1
  119     186       1
  119     292       1
  120     143       1
  121     199       1
  122     267       1
  123     291       1
  124     161       1
  125     290       1
  126     142       1
  126     144       1
  126     146       1
  126     283       1
  127     149       1
  128     135       1
  128     136       1
  128     266       1
  130     154       1
  131     288       1
  132     241       1
  133     250       1
  134     140       1
  134     174       1
  135     186       1
  135     230       1
  137     257       1
  139     238       1
  139     282       1
  140     262       1
  141     202       1
  142     283       1
  143     147       1
  143     292       1
  144     264       1
  144     281       1
  145     254       1
  148     285       1
  149     265       1
  150     264       1
  152     266       1
  155     166       1
  155     180       1
  156     248       1
  156     268       1
  157     181       1
  158     221       1
  159     178       1
  160     234       1
  161     198       1
  162     208       1
  162     225       1
  163     252       1
  165     174       1
  169     275       1
  170     259       1
  172     188       1
  172     192       1
  173     182       1
  175     288       1
  176     242       1
  177     197       1
  177     252       1
  182     234       1
  182     274       1
  183     199       1
  184     272       1
  184     277       1
  186     196       1
  187     242       1
  189     205       1
  191     231       1
  191     280       1
  194     234       1
  195     204       1
  195     263       1
  197     224       1
  197     245       1
  197     276       1
  198     271       1
  199     279       1
  199     292       1
  200     203       1
  200     257       1
  202     206       1
  204     210       1
  204     244       1
  204     292       1
  205     206       1
  206     223       1
  207     237       1
  209     281       1
  210     253       1
  211     281       1
  212     224       1
  213     255       1
  219     220       1
  220     276       1
  220     287       1
  221     249       1
  221     267       1
  222     224       1
  223     238       1
  227     279       1
  227     286       1
  228     245       1
  235     243       1
  236     262       1
  236     275       1
  236     277       1
  237     257       1
  239     240       1
  240     257       1
  241     292       1
  242     277       1
  242     294       1
  243     297       1
  245     258       1
  246     269       1
  264     284       1
  269     289       1
  271     273       1
  272     294       1
  276     298       1
  279     293       1
