  500     533
    1     179       1
    2      88       1
    3     194       1
    3     204       1
    3     272       1
    4     295       1
    4     370       1
    4     462       1
    5     267       1
    6     115       1
    6     180       1
    6     244       1
    6     439       1
    6     479       1
    6     481       1
    7     383       1
    7     422       1
    8      66       1
    8     111       1
    8     400       1
    9      89       1
    9     258       1
    9     259       1
    9     448       1
    9     469       1
    9     479       1
    9     482       1
   10      12       1
   11     394       1
   12      80       1
   12      92       1
   12     155       1
   12     379       1
   12     394       1
   12     428       1
   13     123       1
   13     195       1
   13     260       1
   14      24       1
   14     406       1
   14     486       1
   15      84       1
   15     209       1
   15     373       1
   15     388       1
   15     470       1
   16      99       1
   16     210       1
   16     231       1
   16     254       1
   16     270       1
   16     290       1
   16     302       1
   16     377       1
   16     384       1
   16     400       1
   16     414       1
   17     140       1
   18      57       1
   19     142       1
   19     320       1
   19     352       1
   20     484       1
   21     191       1
   21     423       1
   22     369       1
   23     117       1
   23     223       1
   23     266       1
   23     360       1
   24     233       1
   25     171       1
   25     174       1
   25     423       1
   25     429       1
   25     468       1
   26      34       1
   26     168       1
   26     323       1
   26     441       1
   27      97       1
   27     435       1
   28      37       1
   28     216       1
   29     459       1
   29     496       1
   30     104       1
   30     404       1
   30     489       1
   31      42       1
   31     241       1
   32      42       1
   32      98       1
   32     127       1
   32     399       1
   33     470       1
   34     221       1
   34     264       1
   34     319       1
   34     393       1
   35      43       1
   35     306       1
   36      73       1
   36     149       1
   37     223       1
   38      82       1
   38     350       1
   39     192       1
   39     300       1
   39     370       1
   39     402       1
   40     192       1
   41     124       1
   42     190       1
   42     192       1
   42     392       1
   42     401       1
   43     117       1
   43     253       1
   44     115       1
   44     209       1
   44     245       1
   44     303       1
   44     340       1
   44     387       1
   44     416       1
   44     430       1
   45      55       1
   45     366       1
   45     434       1
   46      75       1
   46      85       1
   46     133       1
   46     147       1
   46     291       1
   47     120       1
   47     140       1
   47     231       1
   48     399       1
   49     239       1
   49     325       1
   50      90       1
   50     312       1
   51      57       1
   52     393       1
   53     405       1
   54     185       1
   55     390       1
   55     470       1
   56     231       1
   57      58       1
   57     102       1
   57     257       1
   57     289       1
   57     318       1
   59     212       1
   60      62       1
   60     418       1
   61     468       1
   63     112       1
   63     153       1
   64     156       1
   65     185       1
   65     477       1
   66     332       1
   66     483       1
   67     482       1
   68     240       1
   68     351       1
   69     241       1
   70     168       1
   70     329       1
   71     169       1
   71     229       1
   71     494       1
   72     129       1
   72     346       1
   73     119       1
   74     454       1
   75     269       1
   76     130       1
   76     244       1
   76     282       1
   77     393       1
   78     200       1
   78     394       1
   79     213       1
   79     457       1
   79     473       1
   80     218       1
   80     250       1
   80     387       1
   81     411       1
   82     122       1
   82     481       1
   83     102       1
   85     115       1
   85     243       1
   85     349       1
   86     141       1
   87     236       1
   88     109       1
   88     287       1
   88     299       1
   88     314       1
   88     351       1
   90     152       1
   90     228       1
   91     204       1
   91     217       1
   93     118       1
   93     398       1
   94     115       1
   94     284       1
   95     245       1
   95     345       1
   96     263       1
   98     309       1
   99     104       1
   99     312       1
   99     321       1
  100     379       1
  101     306       1
  102     115       1
  102     249       1
  102     351       1
  102     377       1
  103     363       1
  104     353       1
  104     362       1
  104     367       1
  105     380       1
  105     416       1
  106     305       1
  107     389       1
  108     134       1
  110     230       1
  113     477       1
  114     252       1
  114     404       1
  115     412       1
  116     299       1
  117     140       1
  117     244       1
  117     336       1
  117     403       1
  117     415       1
  118     226       1
  118     321       1
  119     394       1
  121     270       1
  122     458       1
  123     172       1
  124     170       1
  124     262       1
  124     383       1
  124     461       1
  125     178       1
  126     322       1
  127     442       1
  128     195       1
  130     413       1
  131     171       1
  132     177       1
  133     194       1
  134     496       1
  135     454       1
  136     195       1
  137     321       1
  137     334       1
  138     395       1
  139     161       1
  141     256       1
  142     188       1
  142     196       1
  142     320       1
  142     327       1
  142     423       1
  143     230       1
  143     330       1
  144     288       1
  144     335       1
  144     351       1
  144     363       1
  145     461       1
  146     391       1
  148     203       1
  149     338       1
  149     387       1
  150     284       1
  151     387       1
  153     321       1
  153     342       1
  154     482       1
  156     159       1
  157     220       1
  158     426       1
  159     241       1
  160     354       1
  161     321       1
  161     453       1
  162     498       1
  163     433       1
  164     197       1
  164     263       1
  164     484       1
  165     244       1
  166     306       1
  166     497       1
  167     273       1
  167     360       1
  170     419       1
  170     446       1
  173     244       1
  173     343       1
  173     355       1
  173     500       1
  174     460       1
  175     324       1
  175     351       1
  176     332       1
  177     294       1
  178     255       1
  178     346       1
  178     468       1
  179     371       1
  180     273       1
  180     331       1
  181     356       1
  181     381       1
  182     479       1
  183     316       1
  184     284       1
  184     344       1
  184     418       1
  184     479       1
  185     317       1
  186     207       1
  186     438       1
  187     475       1
  188     205       1
  189     259       1
  189     404       1
  191     206       1
  191     311       1
  191     364       1
  192     263       1
  192     479       1
  193     229       1
  194     374       1
  195     273       1
  196     490       1
  198     244       1
  199     244       1
  201     436       1
  202     470       1
  203     322       1
  204     284       1
  207     241       1
  208     229       1
  209     325       1
  210     248       1
  210     294       1
  211     469       1
  212     237       1
  212     317       1
  212     337       1
  213     481       1
  214     290       1
  215     236       1
  219     322       1
  219     463       1
  219     474       1
  220     397       1
  222     405       1
  224     337       1
  225     445       1
  227     268       1
  227     375       1
  227     415       1
  227     439       1
  229     321       1
  230     412       1
  231     378       1
  231     444       1
  231     447       1
  231     491       1
  232     392       1
  234     344       1
  235     272       1
  236     371       1
  237     297       1
  237     495       1
  238     337       1
  238     445       1
  238     499       1
  241     407       1
  242     247       1
  242     276       1
  242     377       1
  243     393       1
  244     395       1
  246     421       1
  246     492       1
  249     305       1
  249     396       1
  249     493       1
  249     499       1
  250     450       1
  251     285       1
  251     481       1
  251     489       1
  253     313       1
  255     491       1
  256     416       1
  259     304       1
  261     410       1
  263     306       1
  263     465       1
  263     474       1
  264     292       1
  264     454       1
  265     408       1
  267     305       1
  267     326       1
  268     466       1
  271     307       1
  271     348       1
  274     475       1
  275     426       1
  275     447       1
  277     322       1
  278     321       1
  278     420       1
  279     329       1
  279     399       1
  280     377       1
  281     406       1
  283     346       1
  286     337       1
  287     500       1
  291     376       1
  293     294       1
  296     341       1
  296     375       1
  298     447       1
  301     402       1
  303     310       1
  306     339       1
  306     365       1
  308     357       1
  308     379       1
  314     410       1
  315     428       1
  316     387       1
  316     496       1
  317     333       1
  317     361       1
  318     390       1
  320     370       1
  320     408       1
  321     480       1
  322     416       1
  323     471       1
  324     344       1
  327     385       1
  328     402       1
  329     498       1
  337     435       1
  344     347       1
  345     417       1
  345     430       1
  346     447       1
  347     478       1
  348     410       1
  350     476       1
  351     408       1
  351     421       1
  351     449       1
  354     391       1
  354     411       1
  354     455       1
  356     456       1
  356     467       1
  358     471       1
  359     371       1
  363     433       1
  367     409       1
  367     486       1
  368     388       1
  369     439       1
  370     487       1
  371     382       1
  371     496       1
  372     410       1
  374     424       1
  378     414       1
  380     403       1
  386     483       1
  387     398       1
  387     405       1
  388     464       1
  389     397       1
  391     443       1
  391     499       1
  393     461       1
  396     438       1
  396     462       1
  397     430       1
  397     447       1
  398     488       1
  399     475       1
  403     452       1
  406     481       1
  408     426       1
  408     446       1
  417     440       1
  425     435       1
  427     498       1
  431     447       1
  432     462       1
  436     462       1
  437     451       1
  451     474       1
  451     485       1
  455     496       1
  457     495       1
  461     472       1
  467     499       1
  483     490       1
  483     496       1
  484     492       1
  493     500       1
