  400     429
    1      89       1
    1      91       1
    1     249       1
    1     376       1
    2      94       1
    2     175       1
    2     236       1
    2     252       1
    3      26       1
    3     231       1
    4      55       1
    4     209       1
    5      16       1
    5     251       1
    5     374       1
    6     112       1
    6     253       1
    7     203       1
    8      43       1
    8     177       1
    9      18       1
    9      62       1
    9      63       1
    9     130       1
    9     211       1
    9     267       1
    9     356       1
   10      47       1
   11     276       1
   12      14       1
   13      22       1
   13     177       1
   13     393       1
   14      32       1
   14     166       1
   14     219       1
   15     101       1
   15     364       1
   16      52       1
   16     173       1
   16     215       1
   16     226       1
   16     294       1
   17     289       1
   17     317       1
   18      93       1
   18     249       1
   18     321       1
   18     384       1
   19     167       1
   20     147       1
   20     163       1
   20     171       1
   20     189       1
   20     342       1
   21     152       1
   22     306       1
   23     101       1
   23     298       1
   23     357       1
   24     188       1
   24     347       1
   25     235       1
   25     332       1
   26     112       1
   27     122       1
   28     244       1
   28     303       1
   28     312       1
   28     341       1
   29     338       1
   30     131       1
   30     193       1
   30     241       1
   31      48       1
   31     121       1
   33     207       1
   33     290       1
   34     131       1
   34     186       1
   34     276       1
   34     326       1
   35     343       1
   36     246       1
   37     391       1
   38      44       1
   38     169       1
   38     360       1
   39     341       1
   40      73       1
   41      47       1
   41     202       1
   42     386       1
   45     268       1
   46     225       1
   46     360       1
   47     301       1
   49      89       1
   50     397       1
   51     241       1
   53     208       1
   53     214       1
   53     222       1
   53     294       1
   54     138       1
   56     140       1
   57     224       1
   58     295       1
   59     254       1
   60     176       1
   60     242       1
   61      77       1
   61     131       1
   61     172       1
   61     173       1
   61     195       1
   61     232       1
   62      92       1
   62     324       1
   64     357       1
   65     197       1
   65     264       1
   66     193       1
   67     158       1
   67     191       1
   67     320       1
   68     156       1
   68     179       1
   68     362       1
   69     162       1
   70     140       1
   71     209       1
   72     225       1
   72     334       1
   73     141       1
   74     206       1
   75     219       1
   76     144       1
   76     185       1
   77     237       1
   78     127       1
   79     234       1
   80     164       1
   80     194       1
   81     219       1
   82     328       1
   83     301       1
   84     265       1
   85     235       1
   85     365       1
   86     243       1
   86     288       1
   87     397       1
   88     227       1
   89     105       1
   89     271       1
   90     339       1
   91     149       1
   92     210       1
   93     337       1
   93     339       1
   94     308       1
   94     339       1
   95     378       1
   96     259       1
   96     390       1
   97      98       1
   97     273       1
   98     297       1
   98     315       1
   99     306       1
  100     205       1
  101     150       1
  101     206       1
  101     275       1
  101     300       1
  101     349       1
  101     358       1
  102     254       1
  102     397       1
  103     371       1
  104     213       1
  106     227       1
  106     362       1
  107     117       1
  108     351       1
  109     113       1
  109     253       1
  109     272       1
  109     286       1
  109     396       1
  110     297       1
  111     231       1
  112     130       1
  112     395       1
  114     135       1
  114     162       1
  114     393       1
  115     286       1
  116     312       1
  116     358       1
  117     194       1
  118     246       1
  118     378       1
  119     322       1
  119     358       1
  120     205       1
  121     161       1
  121     301       1
  122     130       1
  122     373       1
  123     136       1
  123     190       1
  124     130       1
  124     201       1
  124     254       1
  124     330       1
  124     346       1
  125     239       1
  126     136       1
  126     356       1
  127     249       1
  127     288       1
  128     153       1
  129     241       1
  130     153       1
  130     274       1
  130     280       1
  130     334       1
  130     358       1
  132     258       1
  133     268       1
  134     257       1
  134     393       1
  135     203       1
  136     278       1
  137     206       1
  138     146       1
  138     166       1
  138     277       1
  138     307       1
  138     392       1
  139     160       1
  140     144       1
  140     166       1
  140     187       1
  140     233       1
  140     268       1
  141     180       1
  141     220       1
  141     227       1
  141     245       1
  141     261       1
  141     296       1
  141     340       1
  141     354       1
  142     295       1
  143     395       1
  144     145       1
  145     200       1
  148     253       1
  149     391       1
  151     319       1
  152     212       1
  153     261       1
  154     194       1
  154     258       1
  155     364       1
  156     354       1
  157     350       1
  158     375       1
  159     305       1
  160     265       1
  160     274       1
  161     181       1
  161     400       1
  164     182       1
  165     263       1
  166     178       1
  166     227       1
  166     284       1
  166     328       1
  166     360       1
  167     195       1
  168     291       1
  168     343       1
  169     216       1
  170     226       1
  171     246       1
  171     347       1
  172     279       1
  173     394       1
  174     263       1
  174     319       1
  176     221       1
  176     307       1
  178     363       1
  182     371       1
  183     218       1
  183     384       1
  183     395       1
  184     208       1
  191     388       1
  192     274       1
  192     399       1
  193     256       1
  193     359       1
  194     321       1
  196     268       1
  196     365       1
  196     377       1
  197     321       1
  198     385       1
  199     253       1
  199     345       1
  200     325       1
  202     296       1
  203     259       1
  203     314       1
  203     366       1
  204     312       1
  205     231       1
  205     253       1
  205     319       1
  207     298       1
  209     249       1
  212     269       1
  213     357       1
  214     281       1
  217     395       1
  220     379       1
  222     227       1
  222     262       1
  222     380       1
  223     285       1
  223     304       1
  223     360       1
  223     382       1
  224     288       1
  227     279       1
  227     282       1
  227     381       1
  228     341       1
  228     375       1
  229     258       1
  229     362       1
  230     360       1
  233     247       1
  234     295       1
  235     378       1
  238     384       1
  239     270       1
  239     347       1
  240     290       1
  240     347       1
  243     249       1
  245     269       1
  246     320       1
  246     347       1
  246     360       1
  246     368       1
  247     330       1
  248     358       1
  248     369       1
  249     309       1
  249     350       1
  249     386       1
  250     351       1
  253     265       1
  253     305       1
  253     360       1
  254     263       1
  254     317       1
  255     358       1
  257     372       1
  258     261       1
  260     385       1
  261     306       1
  261     351       1
  262     318       1
  262     385       1
  266     389       1
  271     344       1
  273     358       1
  275     297       1
  275     338       1
  276     373       1
  279     302       1
  279     304       1
  280     310       1
  283     352       1
  283     385       1
  284     335       1
  285     353       1
  285     370       1
  286     292       1
  287     295       1
  293     399       1
  294     371       1
  295     354       1
  299     338       1
  301     347       1
  302     313       1
  305     336       1
  305     390       1
  307     343       1
  311     321       1
  311     329       1
  316     383       1
  323     358       1
  327     357       1
  327     383       1
  330     333       1
  331     337       1
  335     348       1
  341     393       1
  349     367       1
  350     355       1
  352     390       1
  356     361       1
  356     366       1
  356     375       1
  356     393       1
  358     360       1
  362     376       1
  378     389       1
  380     387       1
  386     399       1
  393     398       1
