  800     842
    1     684       1
    2      49       1
    2     168       1
    2     364       1
    3     161       1
    4     175       1
    5     141       1
    5     278       1
    5     352       1
    5     612       1
    5     643       1
    5     770       1
    6     772       1
    7      16       1
    7     171       1
    7     603       1
    8      55       1
    8     773       1
    9     721       1
    9     731       1
   10     177       1
   10     590       1
   11     252       1
   11     405       1
   11     588       1
   12     464       1
   12     511       1
   12     784       1
   13     347       1
   14     175       1
   14     680       1
   14     740       1
   15     174       1
   15     380       1
   16     422       1
   16     486       1
   16     695       1
   16     764       1
   17     258       1
   17     335       1
   17     391       1
   18     139       1
   19      87       1
   19     162       1
   19     298       1
   19     557       1
   19     752       1
   19     793       1
   20      55       1
   20     572       1
   21     593       1
   22      27       1
   22     178       1
   22     441       1
   22     632       1
   22     652       1
   23     766       1
   24     794       1
   25     532       1
   26     456       1
   27     147       1
   27     592       1
   28     277       1
   29      39       1
   30      72       1
   30     159       1
   31     255       1
   31     411       1
   32     264       1
   33     115       1
   33     223       1
   33     365       1
   34     136       1
   35     259       1
   35     547       1
   35     581       1
   35     611       1
   35     776       1
   36     354       1
   36     672       1
   36     714       1
   37      44       1
   37     690       1
   38      86       1
   39      65       1
   39     362       1
   40     150       1
   40     760       1
   41     210       1
   42      68       1
   42     498       1
   43     240       1
   44      52       1
   44      84       1
   44     330       1
   44     523       1
   45     323       1
   46     296       1
   47      61       1
   47     620       1
   48     611       1
   48     656       1
   50     227       1
   50     731       1
   51     389       1
   52     756       1
   53     614       1
   53     717       1
   54     314       1
   55     283       1
   55     646       1
   56     445       1
   57     463       1
   57     538       1
   57     662       1
   57     795       1
   58     651       1
   58     664       1
   58     705       1
   59     269       1
   59     311       1
   60     747       1
   60     771       1
   61      87       1
   62     158       1
   62     605       1
   62     670       1
   63     787       1
   64     354       1
   65     109       1
   65     220       1
   66     424       1
   66     634       1
   67     499       1
   67     557       1
   68      75       1
   68     129       1
   68     471       1
   68     723       1
   68     754       1
   69     155       1
   70      91       1
   71     238       1
   71     555       1
   72     233       1
   72     602       1
   73     587       1
   74     600       1
   75     575       1
   76     138       1
   76     259       1
   77     435       1
   78     392       1
   78     653       1
   79      88       1
   80     176       1
   80     396       1
   80     708       1
   81     565       1
   81     650       1
   82      87       1
   83     240       1
   84     163       1
   85     793       1
   86     401       1
   86     650       1
   87     182       1
   87     431       1
   88     419       1
   89     700       1
   90     149       1
   91     179       1
   91     560       1
   91     658       1
   92     120       1
   92     366       1
   92     685       1
   93     718       1
   94     583       1
   95     253       1
   96     232       1
   96     678       1
   96     702       1
   97     673       1
   98     719       1
   99     444       1
  100     426       1
  101     319       1
  101     489       1
  102     374       1
  102     492       1
  103     493       1
  104     107       1
  105     170       1
  105     256       1
  105     709       1
  106     362       1
  106     467       1
  106     550       1
  106     720       1
  107     523       1
  107     548       1
  108     512       1
  108     533       1
  108     560       1
  110     330       1
  110     599       1
  111     230       1
  112     124       1
  112     321       1
  112     433       1
  112     628       1
  113     200       1
  113     355       1
  113     452       1
  114     156       1
  114     568       1
  116     495       1
  117     138       1
  117     515       1
  117     771       1
  118     308       1
  119     520       1
  121     251       1
  122     217       1
  122     570       1
  123     397       1
  125     228       1
  125     700       1
  126     259       1
  127     309       1
  128     352       1
  128     484       1
  128     566       1
  129     393       1
  129     790       1
  130     508       1
  130     726       1
  131     154       1
  132     568       1
  132     737       1
  133     237       1
  133     432       1
  134     769       1
  135     629       1
  136     207       1
  137     533       1
  138     273       1
  138     621       1
  138     622       1
  138     709       1
  139     219       1
  139     311       1
  140     510       1
  142     296       1
  143     188       1
  144     342       1
  144     703       1
  145     487       1
  146     787       1
  147     407       1
  148     666       1
  149     205       1
  149     521       1
  151     554       1
  152     325       1
  153     267       1
  153     379       1
  153     554       1
  153     593       1
  153     688       1
  154     244       1
  155     212       1
  155     294       1
  157     190       1
  157     596       1
  158     588       1
  160     677       1
  161     180       1
  161     319       1
  161     324       1
  161     461       1
  162     393       1
  164     236       1
  164     434       1
  164     628       1
  164     785       1
  165     466       1
  166     456       1
  167     313       1
  167     478       1
  168     344       1
  169     291       1
  170     495       1
  170     576       1
  172     443       1
  173     256       1
  174     726       1
  176     210       1
  179     265       1
  179     294       1
  179     347       1
  179     468       1
  179     667       1
  179     725       1
  179     743       1
  180     546       1
  181     308       1
  181     480       1
  183     593       1
  184     422       1
  185     312       1
  186     446       1
  187     266       1
  187     269       1
  187     372       1
  187     642       1
  187     701       1
  188     447       1
  189     790       1
  191     496       1
  192     202       1
  192     411       1
  193     505       1
  193     617       1
  193     770       1
  194     718       1
  195     326       1
  196     569       1
  197     279       1
  197     539       1
  198     207       1
  199     393       1
  200     522       1
  200     579       1
  200     634       1
  201     668       1
  203     429       1
  203     460       1
  203     472       1
  203     767       1
  204     378       1
  204     550       1
  205     444       1
  205     614       1
  206     434       1
  207     571       1
  207     758       1
  208     277       1
  208     783       1
  209     756       1
  210     253       1
  210     435       1
  210     709       1
  210     787       1
  211     272       1
  213     471       1
  214     354       1
  215     223       1
  216     596       1
  216     636       1
  216     744       1
  218     476       1
  218     737       1
  219     310       1
  219     408       1
  219     442       1
  219     558       1
  219     688       1
  219     759       1
  221     246       1
  222     626       1
  223     342       1
  223     649       1
  224     564       1
  224     753       1
  225     654       1
  225     660       1
  226     760       1
  227     410       1
  229     733       1
  230     456       1
  230     607       1
  230     686       1
  231     646       1
  232     585       1
  234     670       1
  235     320       1
  237     458       1
  237     743       1
  238     289       1
  239     526       1
  240     716       1
  241     571       1
  242     557       1
  242     633       1
  243     667       1
  244     365       1
  244     451       1
  245     287       1
  246     456       1
  246     590       1
  246     762       1
  246     775       1
  247     601       1
  248     379       1
  248     637       1
  248     795       1
  249     251       1
  250     569       1
  251     291       1
  251     609       1
  254     286       1
  254     647       1
  255     470       1
  256     314       1
  256     320       1
  256     366       1
  256     371       1
  256     513       1
  256     608       1
  256     609       1
  256     790       1
  257     263       1
  257     285       1
  258     596       1
  258     792       1
  259     376       1
  259     550       1
  260     662       1
  260     666       1
  261     389       1
  262     738       1
  264     534       1
  264     609       1
  265     436       1
  265     584       1
  266     475       1
  266     781       1
  268     301       1
  269     663       1
  270     716       1
  270     749       1
  271     280       1
  271     533       1
  272     584       1
  272     625       1
  272     745       1
  273     280       1
  273     685       1
  274     337       1
  274     347       1
  274     409       1
  274     527       1
  275     560       1
  275     586       1
  276     489       1
  277     366       1
  278     308       1
  278     323       1
  278     330       1
  278     372       1
  278     374       1
  278     550       1
  278     660       1
  278     799       1
  279     370       1
  281     712       1
  282     607       1
  283     305       1
  283     653       1
  284     660       1
  285     320       1
  285     350       1
  285     419       1
  285     516       1
  285     567       1
  285     731       1
  287     402       1
  287     510       1
  287     631       1
  287     634       1
  288     620       1
  289     496       1
  289     535       1
  290     740       1
  292     304       1
  292     663       1
  293     471       1
  294     730       1
  295     553       1
  295     732       1
  296     370       1
  296     717       1
  297     725       1
  299     794       1
  300     635       1
  300     748       1
  301     419       1
  301     693       1
  301     787       1
  302     734       1
  303     507       1
  304     406       1
  304     453       1
  306     312       1
  306     403       1
  307     455       1
  309     537       1
  310     501       1
  312     372       1
  313     482       1
  315     757       1
  316     588       1
  316     751       1
  317     617       1
  318     351       1
  319     411       1
  319     632       1
  319     705       1
  320     340       1
  320     439       1
  320     602       1
  320     684       1
  321     539       1
  321     599       1
  322     388       1
  322     609       1
  322     657       1
  325     643       1
  325     645       1
  326     588       1
  327     497       1
  327     621       1
  328     652       1
  329     354       1
  330     418       1
  330     639       1
  330     702       1
  331     690       1
  332     510       1
  333     546       1
  333     615       1
  333     726       1
  333     761       1
  334     774       1
  336     688       1
  337     397       1
  338     470       1
  339     362       1
  340     369       1
  341     509       1
  343     526       1
  344     495       1
  344     500       1
  344     711       1
  344     716       1
  345     494       1
  345     578       1
  345     676       1
  346     354       1
  346     661       1
  346     688       1
  347     496       1
  348     403       1
  349     584       1
  350     710       1
  351     459       1
  353     641       1
  355     531       1
  356     540       1
  356     785       1
  357     413       1
  357     443       1
  357     735       1
  358     462       1
  359     368       1
  360     499       1
  361     443       1
  363     488       1
  364     633       1
  365     569       1
  365     634       1
  365     717       1
  365     771       1
  366     395       1
  366     412       1
  366     474       1
  366     590       1
  366     766       1
  367     541       1
  367     602       1
  367     659       1
  368     724       1
  370     426       1
  372     478       1
  372     609       1
  372     667       1
  372     724       1
  372     775       1
  373     506       1
  374     526       1
  375     571       1
  377     681       1
  381     738       1
  382     569       1
  382     573       1
  382     583       1
  383     544       1
  383     734       1
  383     793       1
  384     439       1
  385     397       1
  385     442       1
  386     564       1
  387     655       1
  387     716       1
  387     719       1
  387     738       1
  387     777       1
  389     641       1
  389     743       1
  390     634       1
  393     436       1
  393     755       1
  394     423       1
  396     415       1
  396     478       1
  398     426       1
  399     639       1
  400     579       1
  401     628       1
  403     694       1
  404     735       1
  405     569       1
  405     618       1
  411     665       1
  412     416       1
  412     459       1
  412     481       1
  412     509       1
  412     789       1
  414     733       1
  414     789       1
  417     571       1
  418     485       1
  418     491       1
  419     587       1
  420     458       1
  421     444       1
  422     441       1
  422     597       1
  423     503       1
  423     766       1
  425     575       1
  425     613       1
  426     647       1
  427     520       1
  427     650       1
  428     778       1
  429     473       1
  430     609       1
  434     556       1
  437     480       1
  438     501       1
  439     570       1
  440     725       1
  443     667       1
  443     794       1
  444     571       1
  444     702       1
  445     545       1
  446     478       1
  447     574       1
  447     712       1
  448     490       1
  448     571       1
  449     799       1
  450     685       1
  451     674       1
  451     692       1
  453     478       1
  454     553       1
  455     707       1
  455     719       1
  456     524       1
  456     545       1
  457     714       1
  458     595       1
  459     784       1
  460     528       1
  462     538       1
  465     472       1
  465     706       1
  466     716       1
  467     504       1
  467     610       1
  469     470       1
  470     480       1
  470     667       1
  470     681       1
  472     584       1
  474     616       1
  477     516       1
  478     771       1
  479     493       1
  479     631       1
  480     697       1
  483     484       1
  487     553       1
  487     778       1
  488     677       1
  491     699       1
  493     646       1
  494     523       1
  496     635       1
  499     717       1
  501     538       1
  502     549       1
  506     771       1
  507     689       1
  508     727       1
  508     774       1
  510     543       1
  511     713       1
  511     788       1
  512     562       1
  514     619       1
  517     736       1
  517     791       1
  518     571       1
  518     797       1
  519     646       1
  519     796       1
  520     557       1
  524     668       1
  525     717       1
  528     698       1
  529     549       1
  529     690       1
  530     677       1
  532     568       1
  536     658       1
  537     763       1
  542     622       1
  543     576       1
  543     786       1
  547     784       1
  548     704       1
  549     575       1
  549     598       1
  549     689       1
  550     568       1
  550     726       1
  550     746       1
  551     656       1
  551     739       1
  552     609       1
  552     628       1
  552     682       1
  553     577       1
  553     646       1
  557     677       1
  558     644       1
  559     569       1
  561     764       1
  562     634       1
  563     773       1
  564     606       1
  564     790       1
  569     728       1
  570     664       1
  575     646       1
  576     669       1
  577     696       1
  579     757       1
  580     743       1
  582     687       1
  582     722       1
  583     640       1
  586     591       1
  586     601       1
  589     619       1
  594     677       1
  596     657       1
  599     721       1
  600     711       1
  600     741       1
  604     742       1
  605     780       1
  612     624       1
  616     780       1
  618     717       1
  618     718       1
  619     647       1
  620     740       1
  623     768       1
  626     731       1
  627     770       1
  629     762       1
  630     719       1
  632     771       1
  634     646       1
  634     772       1
  636     652       1
  636     688       1
  638     703       1
  638     738       1
  646     673       1
  646     700       1
  648     773       1
  650     688       1
  659     750       1
  660     687       1
  660     742       1
  661     729       1
  666     709       1
  667     716       1
  667     782       1
  668     679       1
  670     798       1
  671     702       1
  675     779       1
  682     774       1
  683     732       1
  684     768       1
  685     763       1
  687     791       1
  688     702       1
  691     750       1
  709     749       1
  710     766       1
  712     772       1
  713     731       1
  714     765       1
  715     761       1
  716     740       1
  723     800       1
  727     737       1
  731     760       1
  738     779       1
  755     769       1
