  200     221
    1     107       1
    1     135       1
    1     143       1
    2      11       1
    2      33       1
    2     145       1
    3      69       1
    3     108       1
    3     144       1
    4      73       1
    4      87       1
    4     143       1
    5     149       1
    5     157       1
    5     160       1
    5     180       1
    6      39       1
    6     194       1
    7     120       1
    8      31       1
    8      42       1
    8      93       1
    8     148       1
    8     164       1
    9      61       1
   10      17       1
   10      29       1
   10      73       1
   12      79       1
   12      95       1
   12     104       1
   13     131       1
   14      37       1
   15      67       1
   15      76       1
   15      78       1
   15     109       1
   15     166       1
   16      25       1
   16      77       1
   16     128       1
   17     187       1
   18      51       1
   19      29       1
   19     111       1
   20      72       1
   20     119       1
   20     186       1
   21     131       1
   22     169       1
   22     196       1
   22     197       1
   23     166       1
   23     177       1
   24      40       1
   24      91       1
   24     150       1
   24     163       1
   25     120       1
   25     124       1
   26     182       1
   27     124       1
   27     197       1
   28      58       1
   28     179       1
   29      65       1
   29     111       1
   29     170       1
   29     183       1
   30      43       1
   32      68       1
   32      91       1
   33     115       1
   34      62       1
   34     140       1
   34     157       1
   35     180       1
   36     110       1
   36     124       1
   36     200       1
   37      70       1
   37     131       1
   38     185       1
   39     158       1
   40      56       1
   40     148       1
   41     150       1
   42      87       1
   42      96       1
   43     116       1
   43     119       1
   44     108       1
   44     137       1
   45      99       1
   46      75       1
   46     161       1
   47     147       1
   48      80       1
   48     106       1
   48     123       1
   48     198       1
   49      55       1
   50     163       1
   51      55       1
   51     123       1
   51     184       1
   52     185       1
   53     153       1
   54     126       1
   57      64       1
   57     145       1
   57     197       1
   58     175       1
   59      86       1
   59     156       1
   60     148       1
   61     139       1
   61     193       1
   63     111       1
   65     138       1
   66      86       1
   66     155       1
   68     194       1
   69      73       1
   69     181       1
   70     148       1
   70     181       1
   71     123       1
   73     107       1
   73     118       1
   73     184       1
   74     119       1
   75     120       1
   76      82       1
   81     122       1
   81     185       1
   82      90       1
   83     168       1
   83     195       1
   84     136       1
   84     151       1
   84     182       1
   85     139       1
   86     127       1
   87     103       1
   87     157       1
   87     187       1
   88     110       1
   89     151       1
   90     108       1
   90     110       1
   90     125       1
   90     180       1
   90     181       1
   92     151       1
   93     196       1
   94     100       1
   94     111       1
   95     121       1
   95     183       1
   97     121       1
   98     112       1
   99     159       1
   99     180       1
  101     109       1
  102     109       1
  102     110       1
  102     191       1
  104     141       1
  105     168       1
  106     110       1
  108     173       1
  109     153       1
  110     127       1
  110     151       1
  111     113       1
  111     139       1
  112     199       1
  113     129       1
  113     165       1
  113     178       1
  114     127       1
  114     172       1
  114     189       1
  114     195       1
  115     127       1
  116     167       1
  117     200       1
  118     152       1
  118     156       1
  119     157       1
  120     124       1
  120     142       1
  121     157       1
  124     132       1
  124     146       1
  124     163       1
  125     185       1
  126     143       1
  127     177       1
  130     188       1
  133     158       1
  134     148       1
  135     157       1
  135     171       1
  136     175       1
  136     190       1
  139     157       1
  143     147       1
  148     172       1
  154     191       1
  157     192       1
  158     181       1
  162     170       1
  171     176       1
  174     192       1
  179     191       1
  181     198       1
  188     192       1
  196     200       1
  199     200       1
