  100     114
    1      12       1
    1      15       1
    1      21       1
    1      32       1
    1      97       1
    2       9       1
    2      23       1
    3      72       1
    4      31       1
    4      32       1
    5      52       1
    5      86       1
    6       7       1
    6      10       1
    6      33       1
    6      57       1
    8      51       1
    8      73       1
   10      14       1
   10      88       1
   11      66       1
   12      24       1
   12      34       1
   12      64       1
   12      67       1
   12      95       1
   13      38       1
   14      17       1
   14      48       1
   14      61       1
   14      62       1
   14      78       1
   14     100       1
   15      28       1
   15      31       1
   15      42       1
   15      52       1
   16      49       1
   16      78       1
   17      99       1
   18      24       1
   18      52       1
   18      78       1
   18      98       1
   19      95       1
   20      47       1
   21      51       1
   21      81       1
   22      85       1
   23      52       1
   23      68       1
   23      76       1
   25      39       1
   25      55       1
   26      31       1
   27      35       1
   27      37       1
   27      77       1
   28      35       1
   28      40       1
   29      33       1
   29      36       1
   30      46       1
   30      60       1
   31      32       1
   31      45       1
   32      38       1
   32      77       1
   34      91       1
   38      56       1
   39      67       1
   40      78       1
   41      67       1
   42      59       1
   43      56       1
   44      80       1
   45      70       1
   45      73       1
   45      82       1
   46      49       1
   47      48       1
   48      78       1
   49      63       1
   49      72       1
   49      94       1
   50      70       1
   50      79       1
   50      83       1
   50      99       1
   51      69       1
   52      85       1
   53      87       1
   54      60       1
   58      67       1
   59      66       1
   59      74       1
   60      76       1
   60      86       1
   62      96       1
   62      97       1
   63      65       1
   67      92       1
   68      93       1
   71      84       1
   71      90       1
   73      77       1
   74      75       1
   78      82       1
   80      89       1
   82      89       1
   86      91       1
   87      89       1
   89      90       1
   94      97       1
