  600     636
    1     257       1
    1     259       1
    1     460       1
    2     321       1
    2     526       1
    3      12       1
    3     115       1
    3     271       1
    4     343       1
    4     497       1
    5     592       1
    6     226       1
    6     267       1
    7     196       1
    8     500       1
    9     183       1
    9     397       1
    9     518       1
    9     534       1
   10     497       1
   11      96       1
   11     445       1
   11     492       1
   13      81       1
   13     447       1
   14     343       1
   15      63       1
   15     450       1
   16      37       1
   17     180       1
   17     366       1
   17     368       1
   17     499       1
   18     475       1
   19     266       1
   19     289       1
   19     532       1
   20     260       1
   20     425       1
   21     229       1
   22     437       1
   23      46       1
   23     565       1
   24     365       1
   25     340       1
   25     573       1
   26     335       1
   27     150       1
   27     377       1
   28     573       1
   29     203       1
   29     555       1
   30     412       1
   31     173       1
   31     484       1
   31     561       1
   32     333       1
   32     558       1
   33     143       1
   33     188       1
   33     461       1
   34     312       1
   35     528       1
   36     461       1
   37      47       1
   37     385       1
   37     422       1
   37     518       1
   38     160       1
   38     364       1
   38     508       1
   39     345       1
   40     157       1
   40     197       1
   40     421       1
   41     242       1
   41     583       1
   42     260       1
   43     112       1
   44     226       1
   45     194       1
   46     497       1
   47     117       1
   47     393       1
   47     498       1
   48     388       1
   49      87       1
   49     201       1
   49     438       1
   49     597       1
   50     214       1
   50     332       1
   50     567       1
   51     264       1
   52     125       1
   53     430       1
   53     460       1
   53     506       1
   53     579       1
   54     231       1
   54     422       1
   54     493       1
   54     514       1
   55     477       1
   56     101       1
   56     181       1
   57      60       1
   57     453       1
   58     596       1
   59     257       1
   59     260       1
   59     266       1
   59     515       1
   60     451       1
   61      77       1
   61     547       1
   62     335       1
   62     394       1
   62     507       1
   64      77       1
   65     109       1
   66      77       1
   67     123       1
   68     265       1
   69      73       1
   69     172       1
   69     286       1
   69     540       1
   70     202       1
   70     208       1
   70     284       1
   71     343       1
   72      78       1
   72     161       1
   73     227       1
   73     310       1
   73     513       1
   74     153       1
   75     246       1
   76     207       1
   76     511       1
   77     246       1
   77     515       1
   79     451       1
   80     389       1
   81     321       1
   81     414       1
   82     478       1
   83     472       1
   84     241       1
   84     577       1
   85     366       1
   85     483       1
   86     179       1
   86     226       1
   86     266       1
   86     307       1
   86     388       1
   87     219       1
   87     234       1
   88     104       1
   89     266       1
   89     505       1
   90     228       1
   90     323       1
   90     432       1
   91     284       1
   91     562       1
   92     114       1
   92     167       1
   92     327       1
   92     565       1
   92     570       1
   92     581       1
   93     466       1
   94     243       1
   94     320       1
   94     574       1
   94     595       1
   95     243       1
   97     223       1
   97     485       1
   98     328       1
   98     570       1
   99     571       1
  100     143       1
  100     207       1
  100     499       1
  100     556       1
  101     112       1
  101     202       1
  101     274       1
  101     299       1
  101     423       1
  102     155       1
  103     552       1
  104     148       1
  104     217       1
  104     475       1
  105     135       1
  106     173       1
  107     203       1
  107     406       1
  108     312       1
  109     212       1
  109     266       1
  109     474       1
  110     204       1
  111     118       1
  111     300       1
  111     539       1
  111     570       1
  112     138       1
  113     194       1
  113     427       1
  114     525       1
  115     353       1
  115     468       1
  115     557       1
  116     295       1
  117     120       1
  117     591       1
  119     359       1
  120     259       1
  120     488       1
  121     182       1
  122     454       1
  123     163       1
  123     224       1
  123     565       1
  124     456       1
  124     493       1
  125     166       1
  126     542       1
  127     347       1
  127     499       1
  127     593       1
  128     266       1
  128     410       1
  129     218       1
  129     297       1
  129     303       1
  129     422       1
  129     541       1
  130     317       1
  130     434       1
  130     559       1
  131     322       1
  132     235       1
  132     566       1
  133     385       1
  134     189       1
  134     200       1
  135     193       1
  135     378       1
  136     284       1
  137     378       1
  138     437       1
  139     512       1
  140     245       1
  140     483       1
  140     532       1
  141     299       1
  141     304       1
  142     174       1
  143     362       1
  143     409       1
  143     434       1
  144     256       1
  144     388       1
  144     575       1
  145     166       1
  145     526       1
  145     586       1
  146     313       1
  147     377       1
  148     284       1
  148     459       1
  149     272       1
  150     178       1
  150     404       1
  151     312       1
  151     441       1
  151     578       1
  152     210       1
  152     307       1
  153     198       1
  154     257       1
  155     338       1
  155     362       1
  156     257       1
  157     312       1
  157     462       1
  158     477       1
  158     524       1
  159     355       1
  159     403       1
  160     349       1
  160     399       1
  161     467       1
  162     541       1
  163     200       1
  164     312       1
  165     567       1
  166     229       1
  166     280       1
  166     309       1
  166     446       1
  166     509       1
  167     465       1
  168     414       1
  168     476       1
  169     514       1
  169     539       1
  170     178       1
  170     182       1
  170     392       1
  170     441       1
  171     500       1
  172     262       1
  172     343       1
  172     415       1
  174     264       1
  175     595       1
  176     186       1
  176     207       1
  177     285       1
  177     571       1
  178     261       1
  178     294       1
  179     341       1
  181     583       1
  182     191       1
  182     552       1
  184     233       1
  184     480       1
  185     232       1
  185     342       1
  185     388       1
  187     296       1
  188     299       1
  188     375       1
  190     581       1
  191     584       1
  192     420       1
  192     528       1
  193     266       1
  194     449       1
  194     481       1
  194     499       1
  194     590       1
  195     253       1
  195     398       1
  195     438       1
  196     225       1
  196     447       1
  198     312       1
  199     503       1
  200     336       1
  202     343       1
  202     502       1
  203     376       1
  203     432       1
  203     450       1
  203     485       1
  204     328       1
  204     584       1
  205     360       1
  206     254       1
  206     266       1
  206     271       1
  206     560       1
  207     569       1
  209     475       1
  211     409       1
  211     504       1
  212     520       1
  213     474       1
  214     226       1
  214     268       1
  214     553       1
  215     283       1
  215     391       1
  215     449       1
  215     572       1
  216     374       1
  217     522       1
  218     250       1
  219     442       1
  220     568       1
  221     595       1
  222     315       1
  223     299       1
  223     314       1
  223     468       1
  223     527       1
  223     600       1
  225     530       1
  225     592       1
  226     341       1
  226     491       1
  228     380       1
  229     302       1
  229     329       1
  230     324       1
  230     362       1
  230     471       1
  230     490       1
  233     396       1
  233     463       1
  234     307       1
  234     440       1
  235     312       1
  235     363       1
  235     395       1
  236     275       1
  236     349       1
  237     400       1
  238     394       1
  239     527       1
  240     578       1
  243     518       1
  243     585       1
  244     304       1
  245     281       1
  247     524       1
  248     340       1
  248     356       1
  248     482       1
  249     482       1
  251     289       1
  252     429       1
  254     398       1
  254     495       1
  255     407       1
  255     481       1
  256     263       1
  256     344       1
  256     395       1
  257     568       1
  257     577       1
  258     422       1
  259     377       1
  263     350       1
  264     599       1
  265     279       1
  265     490       1
  266     454       1
  266     461       1
  266     570       1
  269     382       1
  269     527       1
  270     419       1
  271     416       1
  271     554       1
  272     296       1
  273     327       1
  275     291       1
  276     527       1
  277     498       1
  278     502       1
  279     352       1
  279     570       1
  282     445       1
  283     370       1
  283     594       1
  284     453       1
  286     411       1
  287     593       1
  288     343       1
  290     526       1
  292     404       1
  292     456       1
  293     405       1
  295     404       1
  295     523       1
  296     570       1
  297     471       1
  298     478       1
  299     357       1
  299     503       1
  301     344       1
  302     446       1
  303     435       1
  303     530       1
  304     417       1
  305     463       1
  306     450       1
  307     371       1
  308     309       1
  310     494       1
  311     518       1
  313     387       1
  315     344       1
  316     558       1
  318     408       1
  319     535       1
  321     401       1
  322     364       1
  322     496       1
  322     533       1
  325     475       1
  326     387       1
  326     489       1
  327     443       1
  327     574       1
  327     589       1
  330     573       1
  331     564       1
  333     422       1
  334     384       1
  334     527       1
  335     596       1
  337     454       1
  337     455       1
  339     383       1
  339     586       1
  340     498       1
  341     428       1
  343     379       1
  343     582       1
  345     538       1
  345     574       1
  346     352       1
  347     482       1
  348     352       1
  349     464       1
  350     558       1
  351     414       1
  352     358       1
  353     424       1
  353     546       1
  354     394       1
  358     359       1
  360     420       1
  361     493       1
  362     484       1
  362     528       1
  363     403       1
  364     499       1
  364     516       1
  365     461       1
  367     460       1
  369     587       1
  371     444       1
  371     530       1
  371     549       1
  372     481       1
  372     587       1
  373     484       1
  374     556       1
  377     588       1
  378     559       1
  380     501       1
  381     401       1
  385     412       1
  386     544       1
  386     563       1
  387     452       1
  387     544       1
  389     578       1
  390     549       1
  394     503       1
  395     524       1
  396     402       1
  400     403       1
  400     436       1
  404     473       1
  405     411       1
  408     429       1
  409     441       1
  413     437       1
  418     552       1
  419     545       1
  423     478       1
  425     524       1
  426     452       1
  426     582       1
  428     599       1
  429     486       1
  429     565       1
  430     436       1
  431     509       1
  431     564       1
  432     453       1
  433     556       1
  437     578       1
  439     519       1
  439     557       1
  440     537       1
  441     456       1
  441     487       1
  441     500       1
  445     456       1
  446     472       1
  447     580       1
  448     570       1
  449     595       1
  457     487       1
  458     473       1
  459     535       1
  461     518       1
  461     545       1
  461     565       1
  461     599       1
  463     503       1
  466     553       1
  467     569       1
  468     593       1
  469     570       1
  470     484       1
  471     599       1
  475     570       1
  476     599       1
  477     556       1
  479     566       1
  484     598       1
  491     576       1
  493     521       1
  495     517       1
  499     509       1
  499     542       1
  510     543       1
  512     590       1
  517     543       1
  517     554       1
  523     528       1
  524     542       1
  526     531       1
  529     599       1
  536     587       1
  548     592       1
  550     568       1
  551     581       1
  569     594       1
  570     571       1
