  400     429
    1     300       1
    2      73       1
    2     210       1
    3     371       1
    4      10       1
    4      90       1
    4     129       1
    4     250       1
    5      35       1
    5      52       1
    5     215       1
    5     385       1
    6      14       1
    6     321       1
    7     213       1
    7     219       1
    8     146       1
    8     183       1
    8     239       1
    8     278       1
    9     342       1
   10     359       1
   11     258       1
   12      42       1
   13      64       1
   13     130       1
   13     188       1
   15     377       1
   16     355       1
   16     372       1
   16     376       1
   17      20       1
   17     274       1
   18     230       1
   19     189       1
   19     256       1
   20     115       1
   20     209       1
   20     235       1
   20     283       1
   20     347       1
   21     104       1
   21     267       1
   22      54       1
   22     300       1
   23     207       1
   24     248       1
   25      52       1
   25      62       1
   25      99       1
   25     100       1
   25     262       1
   25     265       1
   25     276       1
   25     279       1
   25     330       1
   26      56       1
   26     357       1
   27     121       1
   28     275       1
   28     296       1
   28     330       1
   28     339       1
   28     391       1
   29      42       1
   29      59       1
   29      77       1
   29     205       1
   29     228       1
   29     266       1
   29     276       1
   29     352       1
   30     355       1
   31     350       1
   32     138       1
   33     126       1
   33     391       1
   34     110       1
   34     167       1
   34     254       1
   36     145       1
   37     224       1
   38     137       1
   39      80       1
   39     242       1
   39     306       1
   39     363       1
   40     118       1
   40     349       1
   41     180       1
   41     285       1
   41     397       1
   42      60       1
   42     119       1
   42     391       1
   43      82       1
   43     382       1
   44     119       1
   45     172       1
   46     200       1
   47     205       1
   48     290       1
   49      81       1
   49      87       1
   49     124       1
   49     127       1
   49     166       1
   49     253       1
   49     372       1
   49     373       1
   50     342       1
   51     253       1
   53     388       1
   54     329       1
   55     244       1
   57     136       1
   58     159       1
   58     222       1
   58     270       1
   59     108       1
   59     277       1
   59     305       1
   60     225       1
   60     388       1
   61     107       1
   61     305       1
   62      82       1
   63     283       1
   64     327       1
   65     228       1
   66      76       1
   66     270       1
   67     204       1
   67     343       1
   68      72       1
   68      85       1
   68     242       1
   69     265       1
   69     281       1
   69     368       1
   70      87       1
   70      96       1
   70     120       1
   70     231       1
   70     312       1
   71      93       1
   73     394       1
   74     129       1
   74     207       1
   74     301       1
   74     307       1
   75     358       1
   78     132       1
   78     194       1
   79     184       1
   80     266       1
   81     340       1
   82     383       1
   83     227       1
   83     323       1
   84     293       1
   86     234       1
   88     102       1
   88     179       1
   88     202       1
   89     372       1
   91     143       1
   91     181       1
   91     240       1
   92     116       1
   92     204       1
   92     216       1
   92     220       1
   92     247       1
   92     363       1
   93     199       1
   94     345       1
   95     216       1
   96     218       1
   96     246       1
   97     288       1
   98     191       1
   98     347       1
   99     191       1
   99     367       1
   99     391       1
  101     187       1
  101     327       1
  102     263       1
  102     280       1
  102     314       1
  103     161       1
  103     230       1
  104     163       1
  104     174       1
  104     276       1
  104     335       1
  105     185       1
  106     305       1
  106     362       1
  107     314       1
  109     137       1
  109     166       1
  109     370       1
  111     124       1
  111     165       1
  111     186       1
  112     253       1
  113     362       1
  114     230       1
  115     259       1
  115     391       1
  117     142       1
  117     267       1
  117     295       1
  117     302       1
  118     199       1
  121     175       1
  121     196       1
  121     220       1
  121     289       1
  122     257       1
  123     210       1
  124     179       1
  124     350       1
  125     160       1
  125     305       1
  128     255       1
  129     199       1
  129     290       1
  129     349       1
  130     214       1
  131     187       1
  133     134       1
  133     248       1
  133     280       1
  134     224       1
  135     174       1
  136     146       1
  136     234       1
  136     266       1
  138     174       1
  138     182       1
  138     325       1
  138     360       1
  138     384       1
  139     244       1
  139     352       1
  140     253       1
  141     393       1
  144     166       1
  145     372       1
  146     192       1
  146     256       1
  146     371       1
  147     239       1
  148     262       1
  149     202       1
  150     328       1
  151     396       1
  152     243       1
  153     269       1
  154     243       1
  155     354       1
  156     351       1
  157     280       1
  158     282       1
  158     314       1
  159     236       1
  159     322       1
  159     328       1
  160     229       1
  160     286       1
  161     176       1
  161     389       1
  162     362       1
  164     193       1
  166     206       1
  166     326       1
  167     296       1
  167     358       1
  168     270       1
  169     257       1
  170     234       1
  170     243       1
  170     257       1
  171     377       1
  171     387       1
  172     276       1
  172     351       1
  173     369       1
  174     357       1
  175     358       1
  176     203       1
  176     377       1
  177     250       1
  178     236       1
  179     295       1
  183     273       1
  184     357       1
  185     294       1
  186     279       1
  187     255       1
  188     261       1
  190     328       1
  192     291       1
  193     332       1
  194     207       1
  195     276       1
  197     205       1
  197     390       1
  198     253       1
  199     324       1
  200     351       1
  201     368       1
  203     300       1
  204     228       1
  204     233       1
  204     252       1
  206     219       1
  207     272       1
  208     322       1
  210     308       1
  211     350       1
  211     382       1
  212     326       1
  213     356       1
  215     335       1
  217     269       1
  217     293       1
  217     333       1
  218     317       1
  221     269       1
  221     370       1
  223     254       1
  223     305       1
  226     311       1
  226     353       1
  226     395       1
  227     246       1
  227     260       1
  227     369       1
  228     280       1
  228     285       1
  228     334       1
  228     342       1
  229     396       1
  230     283       1
  232     388       1
  233     308       1
  235     304       1
  235     331       1
  237     262       1
  238     249       1
  240     258       1
  240     261       1
  241     246       1
  241     336       1
  241     373       1
  245     290       1
  245     309       1
  245     387       1
  247     399       1
  248     249       1
  248     346       1
  251     388       1
  253     269       1
  255     338       1
  256     374       1
  258     303       1
  260     320       1
  261     276       1
  261     356       1
  262     268       1
  264     380       1
  268     319       1
  268     372       1
  269     287       1
  270     348       1
  270     372       1
  271     277       1
  271     324       1
  276     320       1
  276     321       1
  276     394       1
  278     284       1
  280     380       1
  281     374       1
  285     327       1
  285     366       1
  288     290       1
  288     298       1
  290     391       1
  292     314       1
  292     381       1
  294     354       1
  296     365       1
  297     308       1
  299     372       1
  300     320       1
  300     345       1
  300     372       1
  310     350       1
  311     391       1
  312     334       1
  313     347       1
  315     367       1
  316     391       1
  316     393       1
  317     360       1
  317     378       1
  318     393       1
  320     361       1
  322     386       1
  325     364       1
  332     344       1
  332     358       1
  335     393       1
  337     340       1
  338     363       1
  341     346       1
  350     375       1
  350     389       1
  354     393       1
  358     400       1
  359     398       1
  361     392       1
  363     376       1
  378     379       1
