  100     114
    1      66       1
    2      15       1
    2      32       1
    2      83       1
    3      47       1
    4       8       1
    4      41       1
    4      43       1
    4      45       1
    4      48       1
    4      52       1
    4      68       1
    4      69       1
    4      96       1
    5      36       1
    5      68       1
    6      41       1
    6      86       1
    7      14       1
    7      63       1
    8      80       1
    9      20       1
    9      85       1
   10      18       1
   10      89       1
   11      24       1
   11      37       1
   11      99       1
   12      34       1
   12      52       1
   12      77       1
   12      85       1
   13      76       1
   14      65       1
   14      83       1
   15      48       1
   15      49       1
   15      72       1
   16      28       1
   16      53       1
   16      59       1
   16      89       1
   17      32       1
   17      36       1
   17      55       1
   17      63       1
   17      67       1
   17      97       1
   19      78       1
   21      78       1
   21      91       1
   22      32       1
   23      91       1
   24      54       1
   24      71       1
   25      83       1
   26      35       1
   26      36       1
   27      55       1
   29      39       1
   29      68       1
   30      66       1
   30      95       1
   31      94       1
   32      87       1
   33      69       1
   34      57       1
   38      73       1
   38     100       1
   39      51       1
   39      98       1
   39     100       1
   40      83       1
   41      76       1
   41      89       1
   42      94       1
   43      58       1
   44      85       1
   46      66       1
   47      89       1
   48      54       1
   48      81       1
   49      52       1
   49      91       1
   49      94       1
   50      61       1
   50      66       1
   50      97       1
   51      57       1
   53      62       1
   55      66       1
   55      89       1
   55      98       1
   56      84       1
   58      93       1
   59      86       1
   60      63       1
   60      64       1
   60      94       1
   62      70       1
   62      90       1
   63      74       1
   65      75       1
   65      82       1
   68      96       1
   69      92       1
   72      85       1
   74      79       1
   74      82       1
   74      84       1
   75      80       1
   75      84       1
   82      92       1
   88      89       1
