  600     636
    1      52       1
    1     487       1
    2       9       1
    3      48       1
    3     238       1
    4     142       1
    5     322       1
    5     501       1
    6      10       1
    6      80       1
    7      46       1
    7     186       1
    7     277       1
    7     432       1
    7     522       1
    7     585       1
    8     177       1
    9     310       1
   10     472       1
   10     571       1
   11     283       1
   11     342       1
   12      31       1
   12     101       1
   12     216       1
   12     263       1
   13      83       1
   13     275       1
   13     428       1
   13     554       1
   14      54       1
   14      97       1
   14     292       1
   14     352       1
   14     472       1
   15     557       1
   16     241       1
   16     247       1
   17     228       1
   17     358       1
   17     359       1
   18     278       1
   19     447       1
   20     340       1
   21     462       1
   22     142       1
   23     434       1
   24     317       1
   25     573       1
   26     355       1
   27      55       1
   27     356       1
   28     138       1
   28     453       1
   29     345       1
   30     337       1
   32     388       1
   33      40       1
   33     498       1
   33     529       1
   34     257       1
   34     326       1
   35     412       1
   35     557       1
   36     371       1
   36     419       1
   36     501       1
   37     216       1
   37     221       1
   38     236       1
   38     340       1
   38     342       1
   38     545       1
   39     467       1
   40     590       1
   41      90       1
   41     550       1
   42     385       1
   43     404       1
   44     449       1
   45      86       1
   45     216       1
   46     563       1
   47     370       1
   48     311       1
   49      79       1
   49     375       1
   49     376       1
   49     466       1
   50     345       1
   50     378       1
   50     536       1
   50     559       1
   51     436       1
   52     320       1
   53     276       1
   54     313       1
   55     564       1
   56     538       1
   57     150       1
   57     371       1
   58      63       1
   58     335       1
   58     408       1
   59     567       1
   60     173       1
   60     512       1
   61     124       1
   62     167       1
   62     213       1
   62     444       1
   63     146       1
   63     158       1
   63     383       1
   63     421       1
   63     434       1
   63     490       1
   64     107       1
   64     141       1
   64     324       1
   64     364       1
   64     550       1
   64     554       1
   65     151       1
   66     233       1
   66     290       1
   66     390       1
   67     460       1
   67     552       1
   68      77       1
   68     269       1
   69     352       1
   69     380       1
   70     301       1
   71      95       1
   72     220       1
   72     303       1
   73     219       1
   73     285       1
   74     276       1
   74     339       1
   74     346       1
   74     570       1
   75     426       1
   76     395       1
   76     505       1
   77     178       1
   78     411       1
   79     118       1
   79     259       1
   80     231       1
   81     256       1
   81     411       1
   82     166       1
   82     445       1
   83     370       1
   84     180       1
   84     560       1
   85     136       1
   85     151       1
   85     200       1
   85     310       1
   85     501       1
   87     182       1
   88      98       1
   88     595       1
   89     481       1
   90     344       1
   90     508       1
   91     147       1
   91     457       1
   91     479       1
   92     416       1
   93     452       1
   93     522       1
   94     131       1
   94     427       1
   95     164       1
   95     257       1
   96      97       1
   97     319       1
   98     269       1
   99     355       1
   99     431       1
  100     371       1
  101     149       1
  101     189       1
  101     449       1
  101     552       1
  102     296       1
  103     447       1
  104     228       1
  105     417       1
  106     338       1
  107     115       1
  108     291       1
  109     438       1
  110     297       1
  110     549       1
  110     561       1
  111     129       1
  111     343       1
  112     391       1
  113     542       1
  114     248       1
  115     270       1
  116     448       1
  117     208       1
  118     209       1
  118     249       1
  119     257       1
  120     193       1
  120     246       1
  120     357       1
  120     433       1
  120     486       1
  121     311       1
  122     207       1
  123     162       1
  123     218       1
  123     591       1
  124     205       1
  124     406       1
  124     599       1
  125     481       1
  126     296       1
  126     311       1
  126     385       1
  127     254       1
  128     387       1
  129     407       1
  129     416       1
  129     457       1
  130     491       1
  130     546       1
  130     556       1
  130     562       1
  131     181       1
  131     323       1
  131     511       1
  132     507       1
  133     459       1
  134     167       1
  135     440       1
  135     522       1
  136     293       1
  137     333       1
  137     350       1
  137     382       1
  139     397       1
  139     463       1
  140     294       1
  142     374       1
  142     438       1
  142     555       1
  143     588       1
  144     467       1
  145     404       1
  145     420       1
  146     492       1
  148     213       1
  148     493       1
  151     353       1
  151     436       1
  152     275       1
  153     416       1
  154     489       1
  155     254       1
  155     273       1
  155     501       1
  156     303       1
  157     374       1
  159     385       1
  160     536       1
  160     584       1
  161     480       1
  162     289       1
  163     483       1
  164     403       1
  164     547       1
  165     436       1
  165     482       1
  166     310       1
  168     214       1
  168     439       1
  168     451       1
  168     484       1
  169     202       1
  169     366       1
  169     411       1
  169     554       1
  170     292       1
  170     591       1
  171     208       1
  171     365       1
  172     353       1
  173     246       1
  174     278       1
  175     438       1
  176     507       1
  177     262       1
  177     405       1
  177     458       1
  177     573       1
  178     194       1
  178     321       1
  178     356       1
  178     453       1
  178     543       1
  179     244       1
  180     451       1
  180     470       1
  181     185       1
  181     219       1
  181     259       1
  181     317       1
  181     325       1
  181     364       1
  181     457       1
  181     505       1
  182     520       1
  182     583       1
  183     245       1
  184     209       1
  186     300       1
  187     272       1
  188     416       1
  189     423       1
  189     459       1
  190     362       1
  191     267       1
  191     363       1
  192     202       1
  192     370       1
  195     356       1
  196     495       1
  197     385       1
  197     425       1
  198     246       1
  199     215       1
  200     576       1
  201     280       1
  203     209       1
  203     441       1
  204     227       1
  204     244       1
  204     313       1
  206     286       1
  207     488       1
  207     590       1
  208     570       1
  208     578       1
  209     386       1
  209     503       1
  210     218       1
  210     292       1
  211     566       1
  212     326       1
  214     461       1
  215     368       1
  215     422       1
  215     438       1
  215     458       1
  216     274       1
  216     357       1
  216     468       1
  216     581       1
  216     600       1
  217     293       1
  218     246       1
  218     295       1
  218     334       1
  218     530       1
  219     527       1
  220     525       1
  222     258       1
  223     235       1
  223     278       1
  223     438       1
  224     225       1
  224     379       1
  226     451       1
  226     455       1
  227     309       1
  227     318       1
  227     575       1
  229     411       1
  230     304       1
  230     334       1
  230     533       1
  230     539       1
  231     501       1
  232     335       1
  234     554       1
  235     282       1
  236     345       1
  236     406       1
  236     430       1
  236     434       1
  237     314       1
  238     336       1
  238     582       1
  239     250       1
  239     318       1
  240     430       1
  242     552       1
  243     264       1
  243     507       1
  244     522       1
  245     253       1
  245     324       1
  246     417       1
  246     592       1
  247     257       1
  247     313       1
  247     385       1
  247     391       1
  247     414       1
  247     453       1
  247     522       1
  247     553       1
  247     583       1
  248     530       1
  250     434       1
  250     469       1
  251     259       1
  251     273       1
  252     315       1
  252     333       1
  255     470       1
  256     329       1
  256     437       1
  257     287       1
  257     306       1
  257     310       1
  257     598       1
  258     296       1
  259     290       1
  259     382       1
  259     485       1
  259     509       1
  260     344       1
  261     370       1
  265     420       1
  266     310       1
  267     325       1
  268     370       1
  270     334       1
  271     480       1
  272     557       1
  272     567       1
  273     557       1
  275     597       1
  277     473       1
  277     594       1
  279     448       1
  280     457       1
  281     323       1
  284     387       1
  286     505       1
  287     572       1
  288     481       1
  290     392       1
  291     302       1
  291     381       1
  292     507       1
  292     569       1
  294     407       1
  294     528       1
  294     529       1
  297     478       1
  297     589       1
  298     544       1
  298     567       1
  299     492       1
  301     347       1
  301     401       1
  301     419       1
  301     518       1
  302     339       1
  303     548       1
  304     456       1
  305     345       1
  306     434       1
  306     435       1
  306     465       1
  306     530       1
  306     566       1
  307     329       1
  308     448       1
  310     457       1
  311     373       1
  312     386       1
  314     413       1
  315     324       1
  315     444       1
  315     500       1
  315     502       1
  316     481       1
  320     415       1
  327     424       1
  328     524       1
  329     483       1
  329     502       1
  329     579       1
  330     472       1
  331     570       1
  332     480       1
  336     404       1
  337     426       1
  337     449       1
  337     483       1
  338     351       1
  338     593       1
  341     415       1
  341     471       1
  342     499       1
  342     537       1
  344     362       1
  344     509       1
  346     463       1
  347     432       1
  348     481       1
  349     527       1
  353     361       1
  353     400       1
  353     487       1
  354     487       1
  355     481       1
  355     583       1
  357     360       1
  357     404       1
  357     596       1
  359     464       1
  360     476       1
  361     519       1
  362     378       1
  362     475       1
  362     544       1
  363     389       1
  363     391       1
  367     586       1
  369     554       1
  370     442       1
  371     561       1
  372     582       1
  373     595       1
  377     516       1
  379     434       1
  384     436       1
  385     418       1
  387     391       1
  388     507       1
  391     584       1
  393     521       1
  394     458       1
  396     418       1
  397     402       1
  398     516       1
  399     444       1
  400     572       1
  404     504       1
  404     538       1
  406     515       1
  407     588       1
  408     525       1
  409     493       1
  410     434       1
  410     504       1
  413     501       1
  416     587       1
  424     554       1
  426     541       1
  429     557       1
  430     494       1
  430     534       1
  432     464       1
  434     471       1
  438     448       1
  438     480       1
  438     487       1
  443     568       1
  446     463       1
  447     550       1
  448     535       1
  450     468       1
  451     457       1
  452     524       1
  453     458       1
  454     507       1
  462     583       1
  462     593       1
  463     523       1
  463     526       1
  467     566       1
  468     487       1
  471     493       1
  472     496       1
  474     569       1
  477     574       1
  481     578       1
  483     489       1
  483     554       1
  484     513       1
  487     565       1
  487     598       1
  488     521       1
  495     505       1
  497     531       1
  500     532       1
  500     577       1
  506     537       1
  508     577       1
  510     532       1
  514     600       1
  516     600       1
  517     569       1
  521     582       1
  521     592       1
  523     530       1
  527     542       1
  528     571       1
  530     582       1
  531     588       1
  540     586       1
  540     591       1
  541     572       1
  544     547       1
  546     551       1
  546     566       1
  548     570       1
  549     580       1
  558     585       1
  566     574       1
  568     571       1
  570     600       1
