   50      61
    1      10       1
    1      44       1
    2       5       1
    2       6       1
    2      13       1
    2      15       1
    2      36       1
    3      27       1
    3      30       1
    3      34       1
    4      38       1
    7      26       1
    7      41       1
    7      43       1
    8      41       1
    9      45       1
   10      12       1
   10      15       1
   10      20       1
   10      36       1
   10      48       1
   11      17       1
   11      47       1
   12      37       1
   14      27       1
   14      37       1
   14      40       1
   15      21       1
   15      41       1
   15      46       1
   16      39       1
   16      46       1
   17      25       1
   17      36       1
   17      41       1
   18      40       1
   18      42       1
   19      48       1
   21      24       1
   21      27       1
   22      29       1
   22      40       1
   23      41       1
   24      28       1
   24      35       1
   26      31       1
   28      30       1
   28      34       1
   28      37       1
   29      50       1
   32      35       1
   33      36       1
   35      45       1
   36      38       1
   37      45       1
   37      49       1
   38      40       1
   38      50       1
   41      50       1
   47      50       1
   48      50       1
