  300     326
    1     287       1
    1     290       1
    2      24       1
    2      39       1
    3     283       1
    4     248       1
    5      11       1
    5      65       1
    5      80       1
    5     145       1
    5     228       1
    5     285       1
    6      34       1
    6      85       1
    6     278       1
    7     129       1
    7     297       1
    8     294       1
    9     253       1
   10     223       1
   10     230       1
   10     263       1
   11     144       1
   12     265       1
   13      30       1
   13     240       1
   14     120       1
   15      52       1
   16     195       1
   16     299       1
   17      51       1
   17      57       1
   17     211       1
   18      90       1
   19     124       1
   19     210       1
   20     123       1
   20     224       1
   21      47       1
   21     195       1
   22     123       1
   23      41       1
   23     122       1
   25     204       1
   25     265       1
   25     295       1
   26      41       1
   26      47       1
   27     167       1
   28      78       1
   28     239       1
   29     173       1
   31      39       1
   31      64       1
   31     218       1
   32     220       1
   32     260       1
   33     269       1
   34     107       1
   34     127       1
   34     140       1
   34     263       1
   35      91       1
   35      95       1
   35     116       1
   35     179       1
   35     278       1
   36      54       1
   36     115       1
   36     155       1
   36     227       1
   36     244       1
   36     254       1
   36     255       1
   37      75       1
   37     225       1
   37     237       1
   38     146       1
   38     263       1
   38     264       1
   38     266       1
   39      55       1
   39      65       1
   39     105       1
   39     137       1
   39     268       1
   40     244       1
   42     115       1
   43     113       1
   44     183       1
   44     289       1
   45      46       1
   45     282       1
   46     152       1
   46     205       1
   46     207       1
   47     115       1
   48     132       1
   48     151       1
   49     277       1
   50     253       1
   52     130       1
   52     271       1
   53     110       1
   53     117       1
   54     199       1
   56     160       1
   56     228       1
   58     131       1
   58     283       1
   59     187       1
   59     204       1
   59     211       1
   60     100       1
   61     251       1
   61     260       1
   62     277       1
   63     120       1
   65      79       1
   65      86       1
   65     203       1
   65     249       1
   65     273       1
   66     151       1
   66     280       1
   67     282       1
   68      99       1
   69     239       1
   70     104       1
   70     248       1
   70     291       1
   71     129       1
   72     270       1
   73      94       1
   73     253       1
   74     123       1
   74     151       1
   74     181       1
   74     193       1
   74     232       1
   74     248       1
   74     290       1
   76     246       1
   76     248       1
   76     258       1
   77     129       1
   78     276       1
   79     243       1
   80      97       1
   81     198       1
   81     255       1
   82     123       1
   82     241       1
   83     207       1
   84     207       1
   85     131       1
   87     132       1
   88     151       1
   88     269       1
   89     281       1
   90     114       1
   91     101       1
   91     133       1
   91     167       1
   91     174       1
   91     271       1
   92     147       1
   92     283       1
   92     296       1
   93     150       1
   93     194       1
   94     141       1
   95     116       1
   95     215       1
   96     129       1
   96     197       1
   98     284       1
   99     113       1
   99     207       1
   99     217       1
  100     207       1
  102     248       1
  103     132       1
  105     149       1
  106     153       1
  107     151       1
  107     207       1
  107     233       1
  107     238       1
  107     240       1
  107     299       1
  108     143       1
  108     239       1
  108     247       1
  109     166       1
  110     240       1
  110     275       1
  111     248       1
  112     127       1
  112     274       1
  113     196       1
  114     248       1
  118     120       1
  119     180       1
  119     299       1
  120     125       1
  120     200       1
  121     258       1
  122     255       1
  122     279       1
  123     129       1
  123     154       1
  123     292       1
  124     201       1
  124     272       1
  125     180       1
  126     229       1
  128     240       1
  129     184       1
  129     256       1
  129     277       1
  130     136       1
  132     257       1
  133     255       1
  134     255       1
  135     273       1
  138     227       1
  139     237       1
  140     182       1
  140     257       1
  141     199       1
  141     206       1
  142     166       1
  142     220       1
  142     261       1
  145     219       1
  146     168       1
  146     252       1
  147     258       1
  148     198       1
  149     174       1
  150     199       1
  150     259       1
  150     293       1
  151     200       1
  151     278       1
  153     255       1
  156     186       1
  156     299       1
  157     160       1
  158     280       1
  159     193       1
  159     242       1
  160     209       1
  161     196       1
  162     198       1
  162     283       1
  163     281       1
  163     299       1
  164     284       1
  165     175       1
  165     238       1
  166     278       1
  167     191       1
  167     282       1
  167     284       1
  167     288       1
  169     197       1
  170     263       1
  171     172       1
  172     174       1
  173     294       1
  174     183       1
  174     272       1
  175     236       1
  175     262       1
  176     178       1
  176     260       1
  177     253       1
  181     209       1
  181     235       1
  185     273       1
  187     279       1
  188     190       1
  188     208       1
  188     256       1
  189     191       1
  192     225       1
  197     290       1
  198     211       1
  198     216       1
  198     297       1
  199     222       1
  200     286       1
  202     288       1
  207     227       1
  207     241       1
  209     296       1
  212     263       1
  213     259       1
  214     248       1
  215     285       1
  221     231       1
  221     233       1
  222     242       1
  224     300       1
  225     299       1
  226     258       1
  226     291       1
  229     264       1
  229     300       1
  230     287       1
  234     293       1
  238     287       1
  239     248       1
  244     245       1
  250     263       1
  253     255       1
  259     270       1
  259     277       1
  260     290       1
  265     272       1
  267     300       1
  273     299       1
  286     298       1
  294     299       1
