   50      61
    1      13       1
    2       5       1
    3      22       1
    3      42       1
    3      49       1
    4      13       1
    5      11       1
    5      33       1
    5      40       1
    5      49       1
    6      43       1
    6      44       1
    6      49       1
    6      50       1
    7      19       1
    7      26       1
    8      17       1
    8      19       1
    8      22       1
    9      13       1
   10      13       1
   10      40       1
   11      34       1
   11      45       1
   12      35       1
   13      28       1
   13      33       1
   13      38       1
   14      20       1
   14      28       1
   15      36       1
   15      42       1
   16      24       1
   16      39       1
   16      41       1
   17      30       1
   18      39       1
   19      33       1
   19      48       1
   20      26       1
   21      45       1
   23      25       1
   23      44       1
   23      49       1
   24      32       1
   26      49       1
   27      32       1
   27      46       1
   28      47       1
   29      37       1
   31      37       1
   33      50       1
   34      41       1
   34      49       1
   35      41       1
   36      46       1
   37      41       1
   41      44       1
   41      46       1
   41      49       1
   46      49       1
