  400     429
    1      68       1
    1     190       1
    1     309       1
    1     389       1
    2     156       1
    3     194       1
    4     142       1
    4     205       1
    5      65       1
    6     274       1
    6     295       1
    6     340       1
    7     267       1
    8      91       1
    8     120       1
    8     191       1
    9     132       1
   10     226       1
   11     369       1
   11     381       1
   12      16       1
   13     127       1
   13     156       1
   14     262       1
   15      16       1
   15      93       1
   16     248       1
   16     269       1
   16     315       1
   17     351       1
   18      79       1
   18     369       1
   19     360       1
   20     376       1
   21     195       1
   22     107       1
   22     338       1
   23     232       1
   24     304       1
   25     274       1
   26      90       1
   27     113       1
   27     336       1
   28     267       1
   29     167       1
   29     340       1
   30     272       1
   31     194       1
   32      98       1
   32     234       1
   33     266       1
   33     301       1
   33     323       1
   34     381       1
   34     395       1
   35     213       1
   35     348       1
   36      93       1
   36     146       1
   36     324       1
   37     313       1
   38     242       1
   39      77       1
   39     250       1
   39     378       1
   40     208       1
   40     305       1
   40     342       1
   40     377       1
   41     148       1
   42     147       1
   42     251       1
   43     171       1
   43     351       1
   43     361       1
   44     161       1
   44     233       1
   45     364       1
   46      89       1
   47      56       1
   47     105       1
   47     112       1
   47     114       1
   47     136       1
   47     177       1
   47     188       1
   47     318       1
   47     338       1
   48     150       1
   49     240       1
   49     326       1
   50     131       1
   50     153       1
   51      93       1
   51      94       1
   52     139       1
   52     195       1
   53     143       1
   54     382       1
   55     198       1
   55     277       1
   55     315       1
   55     349       1
   55     390       1
   57     110       1
   58     231       1
   58     294       1
   59     164       1
   59     325       1
   59     331       1
   60     104       1
   60     235       1
   60     288       1
   60     353       1
   61     315       1
   62     140       1
   62     154       1
   63     173       1
   63     242       1
   63     342       1
   64     362       1
   65     227       1
   65     232       1
   65     251       1
   66     105       1
   66     265       1
   67     240       1
   67     292       1
   67     391       1
   69     136       1
   70     269       1
   70     298       1
   71     339       1
   72     328       1
   73     278       1
   74     124       1
   74     191       1
   75     240       1
   76     215       1
   77     371       1
   78     118       1
   78     313       1
   79     245       1
   79     294       1
   80     244       1
   80     282       1
   81     350       1
   82     284       1
   83     190       1
   83     308       1
   84     230       1
   84     263       1
   85     305       1
   85     339       1
   85     361       1
   85     390       1
   86     378       1
   86     380       1
   87     370       1
   88     219       1
   88     265       1
   89     267       1
   90     118       1
   90     183       1
   92     163       1
   93     369       1
   94     120       1
   94     334       1
   95     266       1
   96     144       1
   97     361       1
   98     105       1
   98     290       1
   99     203       1
  100     257       1
  101     255       1
  101     258       1
  102     362       1
  103     393       1
  105     139       1
  106     368       1
  108     366       1
  109     321       1
  110     388       1
  111     216       1
  112     301       1
  113     360       1
  115     131       1
  116     327       1
  117     122       1
  117     192       1
  118     157       1
  118     337       1
  118     362       1
  119     254       1
  120     305       1
  120     307       1
  121     361       1
  123     218       1
  123     273       1
  123     287       1
  123     333       1
  124     139       1
  125     272       1
  126     134       1
  127     167       1
  127     305       1
  128     213       1
  129     201       1
  130     246       1
  130     249       1
  130     393       1
  131     244       1
  131     306       1
  131     311       1
  131     321       1
  131     330       1
  132     154       1
  133     223       1
  134     140       1
  134     215       1
  134     305       1
  134     345       1
  134     362       1
  134     364       1
  135     314       1
  135     357       1
  137     360       1
  138     141       1
  138     233       1
  138     249       1
  138     250       1
  138     254       1
  138     293       1
  139     210       1
  139     355       1
  140     254       1
  140     322       1
  141     373       1
  142     240       1
  143     157       1
  143     165       1
  143     187       1
  143     193       1
  144     203       1
  144     213       1
  145     342       1
  148     243       1
  149     341       1
  150     382       1
  151     157       1
  151     211       1
  152     392       1
  154     164       1
  154     185       1
  155     192       1
  155     244       1
  157     310       1
  158     385       1
  159     255       1
  160     196       1
  162     269       1
  163     188       1
  163     233       1
  163     237       1
  163     257       1
  164     250       1
  165     220       1
  166     237       1
  167     193       1
  168     380       1
  169     239       1
  169     340       1
  170     292       1
  170     332       1
  171     377       1
  172     232       1
  172     372       1
  174     370       1
  175     362       1
  176     243       1
  176     250       1
  176     304       1
  177     344       1
  178     350       1
  179     302       1
  180     215       1
  180     352       1
  181     282       1
  182     251       1
  184     358       1
  185     236       1
  186     258       1
  188     283       1
  189     327       1
  190     358       1
  190     372       1
  190     400       1
  191     199       1
  192     361       1
  194     265       1
  194     276       1
  194     329       1
  196     358       1
  197     258       1
  199     396       1
  200     249       1
  201     313       1
  201     381       1
  202     215       1
  202     368       1
  203     261       1
  203     270       1
  204     224       1
  206     300       1
  207     278       1
  207     360       1
  207     369       1
  209     288       1
  210     228       1
  212     383       1
  212     397       1
  213     265       1
  214     377       1
  215     251       1
  215     288       1
  216     292       1
  217     363       1
  218     233       1
  218     386       1
  219     233       1
  220     240       1
  221     324       1
  222     364       1
  222     398       1
  223     229       1
  223     369       1
  224     226       1
  224     297       1
  224     327       1
  225     242       1
  226     387       1
  227     264       1
  228     385       1
  229     261       1
  230     250       1
  231     273       1
  233     265       1
  233     359       1
  234     273       1
  235     378       1
  238     281       1
  239     280       1
  239     291       1
  240     306       1
  240     362       1
  241     313       1
  244     347       1
  247     366       1
  248     392       1
  250     264       1
  250     266       1
  250     358       1
  251     271       1
  251     327       1
  251     375       1
  252     304       1
  253     394       1
  254     286       1
  254     394       1
  255     370       1
  256     271       1
  257     296       1
  258     369       1
  259     363       1
  259     377       1
  260     285       1
  260     376       1
  262     356       1
  265     305       1
  266     396       1
  267     337       1
  268     340       1
  269     331       1
  269     370       1
  272     274       1
  273     285       1
  274     305       1
  275     294       1
  279     381       1
  281     388       1
  284     358       1
  285     343       1
  289     327       1
  290     334       1
  294     390       1
  296     309       1
  299     379       1
  300     369       1
  302     356       1
  302     362       1
  303     340       1
  305     366       1
  305     369       1
  310     381       1
  312     337       1
  315     317       1
  315     399       1
  316     318       1
  317     346       1
  317     397       1
  318     367       1
  319     388       1
  320     361       1
  328     394       1
  330     384       1
  335     358       1
  336     359       1
  337     341       1
  342     368       1
  342     382       1
  350     396       1
  353     374       1
  354     360       1
  357     362       1
  362     388       1
  363     379       1
  364     371       1
  365     395       1
