  400     429
    1     117       1
    1     146       1
    1     249       1
    2     306       1
    3       9       1
    3     258       1
    3     284       1
    3     285       1
    3     318       1
    4     213       1
    5     383       1
    6     230       1
    6     248       1
    6     344       1
    7     397       1
    8      86       1
    8     189       1
    9      23       1
    9      88       1
    9     163       1
   10     345       1
   11      31       1
   11     236       1
   11     337       1
   12     297       1
   12     313       1
   13     133       1
   14      31       1
   14      81       1
   14     190       1
   14     243       1
   14     324       1
   15     143       1
   15     259       1
   15     362       1
   16      41       1
   16      60       1
   17     223       1
   18     207       1
   18     350       1
   19      25       1
   19     391       1
   20     128       1
   20     193       1
   20     382       1
   20     399       1
   21      41       1
   21     107       1
   22     357       1
   23     379       1
   24     340       1
   26     199       1
   26     273       1
   26     277       1
   27      32       1
   27     156       1
   28      83       1
   28     221       1
   29     234       1
   29     333       1
   30     280       1
   31      90       1
   31     210       1
   31     256       1
   31     271       1
   31     378       1
   32     130       1
   32     305       1
   33     302       1
   34     259       1
   35     149       1
   36      54       1
   36     150       1
   36     167       1
   36     316       1
   36     359       1
   37     214       1
   38      65       1
   38     118       1
   39     125       1
   40     316       1
   41     242       1
   41     250       1
   41     339       1
   41     369       1
   42      67       1
   42     272       1
   43     279       1
   43     317       1
   44     241       1
   44     306       1
   44     322       1
   45      72       1
   45     128       1
   46      72       1
   46     142       1
   46     190       1
   46     283       1
   46     291       1
   46     377       1
   47     156       1
   47     289       1
   48     130       1
   48     312       1
   48     351       1
   49      78       1
   49     256       1
   50      51       1
   50     390       1
   52     117       1
   52     126       1
   52     142       1
   52     334       1
   53     279       1
   53     297       1
   54     123       1
   54     225       1
   55     159       1
   56     103       1
   56     200       1
   57     355       1
   58     146       1
   59     133       1
   59     222       1
   59     340       1
   61      85       1
   61     108       1
   61     177       1
   62     358       1
   62     359       1
   63     209       1
   64      67       1
   64     385       1
   65     121       1
   65     260       1
   66     278       1
   67     234       1
   68     396       1
   69     364       1
   70     114       1
   70     224       1
   71     275       1
   71     322       1
   72      77       1
   72     106       1
   72     134       1
   72     239       1
   72     290       1
   72     361       1
   73      94       1
   73     180       1
   74     178       1
   74     375       1
   75     220       1
   76     171       1
   77     376       1
   79     194       1
   80     277       1
   81     144       1
   81     257       1
   82     271       1
   84     213       1
   85     147       1
   86     192       1
   86     286       1
   86     296       1
   87     279       1
   87     358       1
   88     242       1
   88     295       1
   88     383       1
   89     124       1
   89     268       1
   89     280       1
   90     365       1
   91     182       1
   91     204       1
   92     142       1
   92     179       1
   92     213       1
   93     278       1
   94     227       1
   94     352       1
   95     112       1
   95     113       1
   96     174       1
   97     322       1
   98     159       1
   98     182       1
   99     237       1
   99     350       1
  100     170       1
  100     304       1
  101     108       1
  101     165       1
  101     188       1
  102     152       1
  102     384       1
  104     262       1
  105     264       1
  106     175       1
  106     226       1
  107     261       1
  108     110       1
  108     148       1
  109     176       1
  109     186       1
  109     348       1
  111     320       1
  112     324       1
  113     142       1
  113     327       1
  114     141       1
  115     295       1
  115     395       1
  116     386       1
  119     224       1
  120     247       1
  122     307       1
  124     170       1
  125     137       1
  125     138       1
  125     269       1
  126     368       1
  127     138       1
  129     203       1
  130     138       1
  130     155       1
  130     291       1
  130     315       1
  130     359       1
  131     204       1
  132     139       1
  132     176       1
  132     291       1
  133     141       1
  133     323       1
  135     371       1
  136     321       1
  136     380       1
  138     300       1
  139     172       1
  139     224       1
  140     177       1
  140     306       1
  141     199       1
  141     202       1
  141     245       1
  141     253       1
  141     307       1
  142     154       1
  142     196       1
  142     247       1
  142     363       1
  145     197       1
  146     169       1
  149     297       1
  149     375       1
  151     313       1
  153     216       1
  154     219       1
  154     381       1
  155     211       1
  156     400       1
  157     162       1
  157     168       1
  157     334       1
  157     392       1
  158     256       1
  158     279       1
  160     180       1
  160     341       1
  160     352       1
  161     360       1
  161     363       1
  161     370       1
  162     169       1
  162     215       1
  162     335       1
  164     288       1
  166     259       1
  166     320       1
  169     220       1
  169     320       1
  170     203       1
  170     228       1
  170     238       1
  171     173       1
  171     180       1
  171     266       1
  173     393       1
  174     301       1
  174     332       1
  177     185       1
  177     320       1
  177     388       1
  178     226       1
  179     223       1
  181     311       1
  182     198       1
  182     206       1
  183     277       1
  184     186       1
  185     270       1
  187     389       1
  191     307       1
  193     223       1
  193     294       1
  194     198       1
  194     258       1
  194     301       1
  194     345       1
  194     355       1
  195     305       1
  197     390       1
  198     233       1
  200     212       1
  200     258       1
  201     316       1
  202     320       1
  204     210       1
  205     259       1
  205     373       1
  208     222       1
  209     313       1
  210     338       1
  212     341       1
  213     298       1
  214     254       1
  214     256       1
  215     267       1
  216     292       1
  216     334       1
  217     391       1
  218     299       1
  218     311       1
  219     313       1
  221     291       1
  221     309       1
  224     288       1
  224     382       1
  224     389       1
  225     353       1
  228     371       1
  228     384       1
  229     325       1
  229     398       1
  231     311       1
  232     305       1
  232     365       1
  235     320       1
  239     349       1
  240     320       1
  243     278       1
  244     294       1
  246     348       1
  248     352       1
  250     301       1
  250     395       1
  251     265       1
  251     371       1
  252     268       1
  255     326       1
  256     383       1
  258     264       1
  258     291       1
  258     310       1
  258     380       1
  259     330       1
  260     264       1
  260     286       1
  260     350       1
  262     329       1
  262     377       1
  263     389       1
  264     311       1
  264     390       1
  270     281       1
  274     399       1
  276     359       1
  276     366       1
  276     394       1
  279     292       1
  279     393       1
  281     378       1
  282     348       1
  282     397       1
  286     289       1
  287     294       1
  287     361       1
  293     394       1
  301     376       1
  301     390       1
  302     319       1
  303     311       1
  308     333       1
  308     343       1
  308     391       1
  313     354       1
  313     374       1
  313     387       1
  314     328       1
  315     325       1
  315     347       1
  315     372       1
  315     382       1
  316     348       1
  319     352       1
  319     358       1
  320     382       1
  320     384       1
  326     339       1
  328     351       1
  331     373       1
  334     336       1
  334     350       1
  334     397       1
  342     365       1
  345     364       1
  346     374       1
  347     385       1
  352     382       1
  356     386       1
  357     380       1
  363     379       1
  363     391       1
  367     389       1
  379     386       1
  379     396       1
