  500     533
    1     268       1
    1     398       1
    2     167       1
    3     131       1
    3     283       1
    3     292       1
    3     299       1
    4     342       1
    5     260       1
    5     459       1
    6     161       1
    7      14       1
    7     426       1
    8     477       1
    8     486       1
    9     360       1
   10     320       1
   11     132       1
   11     392       1
   11     467       1
   11     473       1
   11     494       1
   12     195       1
   12     421       1
   13     455       1
   14     272       1
   14     457       1
   15     160       1
   15     257       1
   15     312       1
   16     451       1
   17     149       1
   18      74       1
   18      95       1
   18     496       1
   19      89       1
   19     239       1
   19     369       1
   20     108       1
   20     115       1
   21     181       1
   21     451       1
   22     321       1
   23     408       1
   23     418       1
   23     453       1
   23     470       1
   24     154       1
   24     318       1
   25     339       1
   25     402       1
   26     317       1
   27     349       1
   27     419       1
   28     207       1
   28     265       1
   28     374       1
   29     154       1
   30     457       1
   31      44       1
   31      83       1
   31      92       1
   31     467       1
   32      86       1
   33     108       1
   34     115       1
   35     450       1
   36     313       1
   37      40       1
   37     198       1
   37     261       1
   37     274       1
   38     492       1
   39      87       1
   41      49       1
   41     178       1
   41     265       1
   41     293       1
   42      88       1
   42     182       1
   43     400       1
   43     486       1
   44     323       1
   45      85       1
   45     206       1
   46      75       1
   46     321       1
   46     337       1
   47     132       1
   47     213       1
   47     289       1
   47     312       1
   48     129       1
   48     180       1
   49     257       1
   49     426       1
   50     388       1
   51      74       1
   51     161       1
   51     173       1
   51     409       1
   51     489       1
   52     205       1
   53     346       1
   54     253       1
   54     312       1
   55     242       1
   56      79       1
   56     228       1
   56     474       1
   57     199       1
   57     221       1
   58     160       1
   59     224       1
   60     171       1
   60     295       1
   61     313       1
   62     215       1
   62     327       1
   63     105       1
   64     403       1
   65     305       1
   66     127       1
   66     444       1
   67     216       1
   68     249       1
   68     264       1
   68     423       1
   68     466       1
   69     243       1
   69     438       1
   69     489       1
   70     280       1
   71     492       1
   72     132       1
   73      90       1
   73     171       1
   73     280       1
   73     374       1
   73     422       1
   74     453       1
   74     478       1
   74     485       1
   75     119       1
   75     223       1
   76     491       1
   77     263       1
   77     359       1
   77     362       1
   78     300       1
   78     404       1
   79     145       1
   80     358       1
   81     172       1
   81     299       1
   81     452       1
   82     111       1
   84     412       1
   84     495       1
   85     168       1
   85     374       1
   86     203       1
   86     367       1
   87     211       1
   87     268       1
   87     339       1
   87     380       1
   88     413       1
   88     449       1
   88     491       1
   89     184       1
   90     316       1
   91     433       1
   92     222       1
   92     478       1
   93     118       1
   93     346       1
   94     353       1
   94     378       1
   96     268       1
   97     114       1
   97     409       1
   98     274       1
   98     377       1
   99     140       1
   99     166       1
   99     199       1
  100     348       1
  101     401       1
  102     220       1
  102     326       1
  102     329       1
  102     340       1
  102     471       1
  103     374       1
  104     280       1
  104     284       1
  104     389       1
  105     409       1
  106     317       1
  106     386       1
  106     458       1
  107     327       1
  108     160       1
  108     256       1
  108     425       1
  108     433       1
  108     437       1
  108     474       1
  109     117       1
  109     126       1
  110     401       1
  111     378       1
  112     341       1
  113     219       1
  113     305       1
  114     173       1
  114     174       1
  115     359       1
  116     413       1
  119     146       1
  120     418       1
  121     360       1
  121     392       1
  121     455       1
  122     154       1
  123     302       1
  123     420       1
  124     203       1
  124     315       1
  125     328       1
  125     436       1
  126     331       1
  126     459       1
  127     157       1
  127     272       1
  127     311       1
  127     454       1
  128     361       1
  130     230       1
  130     248       1
  130     477       1
  130     483       1
  131     219       1
  131     253       1
  132     365       1
  132     476       1
  132     477       1
  132     487       1
  133     156       1
  134     200       1
  134     268       1
  135     479       1
  136     480       1
  137     160       1
  138     375       1
  139     153       1
  139     269       1
  139     473       1
  140     405       1
  140     476       1
  140     484       1
  141     191       1
  141     378       1
  142     363       1
  142     462       1
  143     197       1
  143     201       1
  144     375       1
  147     270       1
  147     409       1
  147     459       1
  148     218       1
  148     446       1
  149     166       1
  150     257       1
  151     156       1
  151     217       1
  152     196       1
  153     485       1
  154     486       1
  155     158       1
  155     218       1
  156     355       1
  157     217       1
  159     321       1
  160     240       1
  160     349       1
  160     358       1
  162     237       1
  163     226       1
  164     209       1
  164     288       1
  164     463       1
  165     324       1
  165     393       1
  165     492       1
  166     202       1
  166     294       1
  166     378       1
  167     397       1
  168     180       1
  169     249       1
  170     279       1
  171     194       1
  172     330       1
  172     344       1
  172     352       1
  173     370       1
  173     500       1
  175     434       1
  176     413       1
  177     498       1
  179     302       1
  179     403       1
  180     255       1
  180     276       1
  180     372       1
  182     281       1
  182     431       1
  182     460       1
  183     425       1
  184     490       1
  185     215       1
  186     312       1
  187     262       1
  187     474       1
  188     430       1
  189     317       1
  189     374       1
  189     375       1
  190     203       1
  192     285       1
  192     311       1
  192     448       1
  193     499       1
  195     346       1
  196     298       1
  196     387       1
  197     454       1
  203     428       1
  203     461       1
  203     487       1
  204     247       1
  204     452       1
  205     296       1
  205     453       1
  207     277       1
  207     351       1
  208     254       1
  208     425       1
  208     499       1
  209     480       1
  210     499       1
  211     278       1
  211     303       1
  211     477       1
  212     256       1
  213     373       1
  214     378       1
  214     432       1
  215     319       1
  216     251       1
  216     364       1
  216     396       1
  217     250       1
  217     317       1
  217     497       1
  218     341       1
  218     369       1
  220     299       1
  223     306       1
  223     454       1
  224     311       1
  224     368       1
  224     435       1
  225     267       1
  225     348       1
  226     238       1
  227     477       1
  229     333       1
  229     334       1
  230     481       1
  231     397       1
  231     445       1
  231     456       1
  232     271       1
  232     327       1
  232     346       1
  232     352       1
  232     373       1
  233     272       1
  234     398       1
  235     261       1
  235     388       1
  236     364       1
  237     264       1
  238     450       1
  238     486       1
  241     325       1
  241     345       1
  242     261       1
  244     248       1
  244     313       1
  245     301       1
  246     415       1
  246     429       1
  247     261       1
  247     290       1
  248     298       1
  250     332       1
  250     472       1
  252     300       1
  253     309       1
  253     378       1
  254     366       1
  256     376       1
  256     443       1
  257     455       1
  258     435       1
  259     268       1
  261     282       1
  261     350       1
  261     451       1
  261     486       1
  264     279       1
  266     349       1
  268     361       1
  268     469       1
  269     427       1
  272     395       1
  273     426       1
  274     409       1
  275     434       1
  284     378       1
  285     440       1
  286     364       1
  287     372       1
  289     347       1
  290     338       1
  290     385       1
  291     432       1
  297     450       1
  299     482       1
  300     379       1
  300     454       1
  301     399       1
  301     401       1
  302     348       1
  302     434       1
  302     454       1
  304     353       1
  306     325       1
  307     483       1
  308     331       1
  310     406       1
  311     399       1
  311     420       1
  311     477       1
  313     356       1
  313     357       1
  313     456       1
  314     468       1
  315     489       1
  317     443       1
  318     349       1
  318     417       1
  320     369       1
  321     410       1
  322     433       1
  323     431       1
  324     439       1
  325     464       1
  327     429       1
  331     390       1
  332     491       1
  334     497       1
  335     461       1
  336     474       1
  340     486       1
  341     452       1
  342     454       1
  343     375       1
  344     407       1
  345     412       1
  348     492       1
  350     353       1
  350     498       1
  352     371       1
  354     370       1
  358     382       1
  364     476       1
  366     460       1
  368     381       1
  369     486       1
  373     409       1
  379     424       1
  382     449       1
  383     409       1
  384     500       1
  391     497       1
  394     433       1
  396     405       1
  396     416       1
  396     420       1
  397     435       1
  404     467       1
  406     456       1
  406     493       1
  409     447       1
  409     477       1
  411     489       1
  413     480       1
  414     455       1
  418     479       1
  420     432       1
  420     456       1
  423     477       1
  425     432       1
  425     455       1
  425     462       1
  425     495       1
  430     456       1
  431     489       1
  436     465       1
  436     467       1
  441     455       1
  442     451       1
  451     494       1
  457     488       1
  462     480       1
  468     476       1
  475     488       1
