   50      61
    1      27       1
    1      38       1
    2      18       1
    2      29       1
    2      31       1
    3       7       1
    3      18       1
    3      35       1
    3      48       1
    4      31       1
    4      33       1
    5      33       1
    5      46       1
    6      32       1
    7      33       1
    8      15       1
    8      37       1
    8      48       1
    9      41       1
   10      24       1
   11      12       1
   11      28       1
   12      29       1
   12      30       1
   12      41       1
   13      29       1
   14      37       1
   14      44       1
   16      18       1
   16      40       1
   17      32       1
   18      43       1
   18      45       1
   19      48       1
   20      38       1
   20      43       1
   20      45       1
   21      37       1
   21      46       1
   22      38       1
   23      27       1
   24      29       1
   25      45       1
   25      49       1
   25      50       1
   26      48       1
   27      40       1
   27      41       1
   29      35       1
   30      32       1
   30      41       1
   31      34       1
   32      47       1
   33      37       1
   34      36       1
   34      41       1
   34      42       1
   34      45       1
   37      42       1
   39      41       1
   40      45       1
