  500     533
    1     286       1
    1     411       1
    1     444       1
    2      95       1
    2     488       1
    3      46       1
    3      59       1
    3     349       1
    4      61       1
    4     270       1
    4     350       1
    4     367       1
    5     406       1
    6     267       1
    6     342       1
    6     482       1
    7      47       1
    7     234       1
    8     125       1
    8     354       1
    9     288       1
    9     389       1
   10      56       1
   11     163       1
   12     174       1
   13     138       1
   13     309       1
   14     348       1
   14     384       1
   15     376       1
   16      32       1
   17     466       1
   18     195       1
   18     334       1
   18     413       1
   19     356       1
   20     149       1
   21      93       1
   21     101       1
   22     229       1
   23     319       1
   24     269       1
   24     275       1
   25      27       1
   25     334       1
   26     389       1
   27     211       1
   27     269       1
   27     355       1
   28      44       1
   28      53       1
   28     461       1
   29     447       1
   30      32       1
   30      99       1
   30     255       1
   30     353       1
   30     385       1
   31     407       1
   32      89       1
   32     217       1
   32     249       1
   32     301       1
   33     335       1
   33     432       1
   34     203       1
   35      48       1
   35     272       1
   36     111       1
   36     496       1
   37     233       1
   37     305       1
   37     445       1
   38      91       1
   38     144       1
   38     341       1
   39      49       1
   40     341       1
   40     401       1
   41     180       1
   42     369       1
   43      67       1
   44     455       1
   45      70       1
   45      96       1
   45     150       1
   46     277       1
   47     137       1
   48      50       1
   48      59       1
   48     103       1
   48     114       1
   48     423       1
   48     464       1
   48     483       1
   49      67       1
   49      86       1
   49     118       1
   49     200       1
   49     397       1
   50     163       1
   50     172       1
   50     230       1
   50     371       1
   51     304       1
   52     126       1
   52     460       1
   53      63       1
   53     279       1
   53     341       1
   53     364       1
   53     409       1
   53     410       1
   53     437       1
   53     492       1
   54     450       1
   55     182       1
   56     104       1
   56     179       1
   56     447       1
   56     474       1
   57     263       1
   57     285       1
   57     404       1
   58     472       1
   60     149       1
   62     375       1
   64     127       1
   65     337       1
   66     235       1
   66     304       1
   66     438       1
   67      96       1
   67      97       1
   67     247       1
   67     332       1
   68     133       1
   68     332       1
   68     432       1
   69      91       1
   69     380       1
   71     139       1
   71     192       1
   71     249       1
   71     380       1
   72     182       1
   73     158       1
   74     382       1
   75     363       1
   76     253       1
   76     267       1
   76     414       1
   77     189       1
   77     247       1
   77     440       1
   78      81       1
   78     292       1
   78     330       1
   79      98       1
   79     113       1
   79     228       1
   80     194       1
   81     177       1
   81     349       1
   82     328       1
   83     121       1
   83     167       1
   83     422       1
   83     439       1
   84     342       1
   85     264       1
   85     275       1
   85     493       1
   87     182       1
   87     306       1
   87     331       1
   88     174       1
   88     266       1
   90     484       1
   91     362       1
   91     364       1
   92     237       1
   94     143       1
   98     155       1
   98     181       1
   98     447       1
   98     472       1
   99     224       1
  100     219       1
  100     229       1
  100     406       1
  100     494       1
  101     440       1
  102     464       1
  104     218       1
  104     253       1
  104     356       1
  104     396       1
  105     447       1
  106     216       1
  107     322       1
  107     348       1
  108     229       1
  109     194       1
  109     372       1
  109     408       1
  110     452       1
  110     489       1
  112     140       1
  112     224       1
  112     326       1
  113     273       1
  114     465       1
  115     119       1
  116     225       1
  116     338       1
  116     436       1
  117     130       1
  118     165       1
  119     154       1
  120     448       1
  121     215       1
  122     241       1
  123     443       1
  124     266       1
  124     404       1
  125     149       1
  125     262       1
  125     286       1
  125     314       1
  125     357       1
  125     447       1
  126     449       1
  127     330       1
  128     135       1
  128     273       1
  128     452       1
  129     162       1
  130     493       1
  131     450       1
  132     140       1
  134     160       1
  135     241       1
  135     248       1
  135     319       1
  135     373       1
  135     440       1
  135     441       1
  136     441       1
  136     477       1
  139     429       1
  140     184       1
  141     374       1
  142     159       1
  143     284       1
  145     253       1
  145     346       1
  146     308       1
  146     439       1
  147     160       1
  148     290       1
  150     202       1
  151     206       1
  151     260       1
  152     301       1
  152     352       1
  152     400       1
  153     197       1
  153     219       1
  154     392       1
  156     323       1
  156     379       1
  157     190       1
  157     440       1
  158     215       1
  158     402       1
  159     208       1
  159     321       1
  159     327       1
  159     389       1
  160     163       1
  160     296       1
  161     333       1
  161     339       1
  161     401       1
  162     229       1
  162     366       1
  162     373       1
  163     319       1
  164     396       1
  166     369       1
  168     326       1
  169     334       1
  170     178       1
  170     240       1
  170     440       1
  171     363       1
  172     246       1
  172     488       1
  173     316       1
  173     389       1
  173     462       1
  174     253       1
  175     247       1
  175     250       1
  176     234       1
  176     250       1
  176     363       1
  176     475       1
  177     321       1
  180     287       1
  182     492       1
  183     439       1
  184     191       1
  184     203       1
  184     280       1
  185     247       1
  186     195       1
  186     232       1
  186     271       1
  186     286       1
  186     326       1
  187     436       1
  188     499       1
  190     462       1
  190     469       1
  191     260       1
  191     426       1
  191     447       1
  191     448       1
  193     253       1
  194     371       1
  194     412       1
  195     368       1
  196     202       1
  197     454       1
  198     205       1
  198     358       1
  199     490       1
  200     259       1
  201     412       1
  202     317       1
  202     373       1
  203     236       1
  203     276       1
  203     299       1
  204     275       1
  204     484       1
  205     322       1
  205     421       1
  207     242       1
  207     437       1
  209     401       1
  210     496       1
  211     307       1
  212     445       1
  213     286       1
  213     322       1
  213     367       1
  213     427       1
  214     440       1
  214     497       1
  214     499       1
  216     282       1
  216     313       1
  216     315       1
  216     342       1
  216     359       1
  216     370       1
  216     447       1
  216     467       1
  218     377       1
  220     227       1
  221     243       1
  221     251       1
  222     488       1
  223     233       1
  224     226       1
  224     278       1
  226     261       1
  227     274       1
  227     447       1
  229     411       1
  230     268       1
  230     346       1
  231     284       1
  231     358       1
  231     496       1
  233     260       1
  234     371       1
  234     375       1
  237     390       1
  238     348       1
  239     264       1
  242     254       1
  242     260       1
  244     281       1
  244     490       1
  245     384       1
  246     336       1
  247     435       1
  247     439       1
  249     326       1
  249     473       1
  250     394       1
  251     377       1
  252     455       1
  253     374       1
  253     450       1
  254     463       1
  255     289       1
  256     475       1
  257     272       1
  258     440       1
  258     455       1
  259     347       1
  260     374       1
  262     422       1
  263     428       1
  265     375       1
  266     470       1
  267     411       1
  269     293       1
  269     407       1
  269     440       1
  269     486       1
  270     291       1
  270     320       1
  270     376       1
  270     460       1
  270     468       1
  270     485       1
  271     399       1
  273     297       1
  275     289       1
  283     348       1
  283     446       1
  284     310       1
  285     385       1
  286     350       1
  286     431       1
  287     342       1
  288     487       1
  289     487       1
  290     325       1
  291     323       1
  291     498       1
  293     417       1
  294     432       1
  295     310       1
  298     483       1
  300     499       1
  302     423       1
  303     439       1
  304     319       1
  309     374       1
  311     328       1
  312     314       1
  313     393       1
  316     326       1
  316     403       1
  318     332       1
  319     415       1
  319     447       1
  324     417       1
  324     439       1
  325     349       1
  326     343       1
  328     375       1
  329     341       1
  332     420       1
  334     433       1
  337     492       1
  338     349       1
  338     382       1
  338     395       1
  340     363       1
  341     441       1
  341     493       1
  342     451       1
  342     495       1
  343     476       1
  344     449       1
  345     382       1
  346     398       1
  348     440       1
  350     360       1
  350     392       1
  351     364       1
  353     479       1
  355     458       1
  356     453       1
  357     428       1
  361     476       1
  362     430       1
  365     368       1
  368     433       1
  368     480       1
  369     438       1
  370     418       1
  371     405       1
  371     496       1
  373     443       1
  378     379       1
  379     438       1
  381     464       1
  382     471       1
  383     392       1
  383     490       1
  384     387       1
  386     424       1
  386     439       1
  388     452       1
  389     440       1
  390     487       1
  391     445       1
  405     434       1
  409     419       1
  413     489       1
  416     491       1
  416     496       1
  418     492       1
  421     473       1
  425     487       1
  427     459       1
  432     478       1
  439     481       1
  441     500       1
  442     499       1
  448     482       1
  456     476       1
  457     473       1
  460     466       1
