  600     636
    1     358       1
    2     255       1
    2     375       1
    3     254       1
    4      67       1
    5      55       1
    6     220       1
    6     276       1
    6     299       1
    6     404       1
    6     432       1
    6     517       1
    7     322       1
    8     499       1
    8     547       1
    9     142       1
    9     257       1
    9     522       1
   10     111       1
   10     146       1
   10     392       1
   11     330       1
   12     217       1
   13     382       1
   13     443       1
   14     362       1
   15     511       1
   16     102       1
   16     593       1
   17     278       1
   18      89       1
   18     342       1
   18     382       1
   18     528       1
   18     557       1
   19      99       1
   19     340       1
   20     160       1
   21     245       1
   21     462       1
   22     221       1
   23     311       1
   24     178       1
   25     266       1
   25     498       1
   26      93       1
   26     572       1
   27     174       1
   27     332       1
   28      74       1
   28     379       1
   28     392       1
   28     576       1
   29     306       1
   29     353       1
   30     267       1
   30     524       1
   31     336       1
   31     526       1
   32      37       1
   32     437       1
   32     510       1
   33     371       1
   34     381       1
   35      49       1
   35      80       1
   35     117       1
   35     168       1
   35     230       1
   35     297       1
   35     405       1
   36     250       1
   36     523       1
   37     289       1
   37     340       1
   37     351       1
   37     437       1
   37     452       1
   38     300       1
   38     579       1
   39     110       1
   39     116       1
   40     483       1
   40     512       1
   41     179       1
   41     257       1
   41     520       1
   42      97       1
   42     110       1
   42     359       1
   42     516       1
   43      58       1
   43     140       1
   43     532       1
   44      70       1
   45      71       1
   45     339       1
   46      92       1
   46     107       1
   47      97       1
   48     101       1
   48     161       1
   48     239       1
   48     271       1
   48     272       1
   48     462       1
   49     319       1
   49     355       1
   50     281       1
   50     451       1
   50     486       1
   51     272       1
   51     312       1
   51     356       1
   51     401       1
   51     458       1
   51     490       1
   52     505       1
   53      56       1
   54      91       1
   54     337       1
   54     438       1
   54     597       1
   55     404       1
   56     112       1
   56     191       1
   56     454       1
   57     223       1
   59     173       1
   59     582       1
   60     124       1
   60     248       1
   60     323       1
   60     541       1
   61     268       1
   62     353       1
   63     348       1
   63     414       1
   64      90       1
   64     140       1
   64     194       1
   65     138       1
   65     493       1
   65     565       1
   66     205       1
   66     386       1
   66     431       1
   67     141       1
   67     172       1
   67     324       1
   67     396       1
   68     408       1
   68     559       1
   69     530       1
   70     194       1
   71     194       1
   71     403       1
   72     286       1
   72     382       1
   73     455       1
   75     270       1
   75     288       1
   76     524       1
   77     348       1
   78     265       1
   79     194       1
   79     204       1
   79     481       1
   79     507       1
   80      90       1
   80     156       1
   80     158       1
   80     336       1
   80     456       1
   80     466       1
   80     468       1
   80     521       1
   80     535       1
   81     300       1
   82     207       1
   82     301       1
   83     212       1
   84     132       1
   84     455       1
   85     105       1
   86     385       1
   87     364       1
   88     297       1
   88     450       1
   90     150       1
   90     165       1
   90     364       1
   90     397       1
   90     404       1
   90     589       1
   91     202       1
   91     422       1
   92     132       1
   94     466       1
   95     102       1
   95     180       1
   96     147       1
   98     200       1
   98     392       1
   99     314       1
  100     505       1
  102     524       1
  102     540       1
  103     474       1
  104     350       1
  105     152       1
  105     219       1
  105     599       1
  106     530       1
  107     308       1
  107     330       1
  107     537       1
  108     148       1
  109     195       1
  109     295       1
  110     507       1
  110     523       1
  112     341       1
  113     457       1
  113     481       1
  114     328       1
  115     217       1
  116     375       1
  118     228       1
  118     371       1
  118     393       1
  119     136       1
  120     358       1
  120     400       1
  120     434       1
  121     326       1
  121     350       1
  122     403       1
  122     477       1
  123     296       1
  125     342       1
  126     461       1
  127     230       1
  127     251       1
  128     436       1
  129     221       1
  130     350       1
  130     536       1
  131     372       1
  131     551       1
  132     191       1
  132     200       1
  132     253       1
  132     364       1
  132     581       1
  133     221       1
  134     526       1
  135     139       1
  136     385       1
  137     321       1
  139     237       1
  140     385       1
  140     398       1
  140     412       1
  143     277       1
  144     596       1
  145     223       1
  146     585       1
  146     590       1
  147     232       1
  147     279       1
  147     385       1
  147     396       1
  147     444       1
  147     538       1
  148     315       1
  148     466       1
  148     503       1
  149     546       1
  150     186       1
  150     383       1
  151     480       1
  152     354       1
  152     376       1
  152     441       1
  153     155       1
  153     191       1
  153     215       1
  154     582       1
  155     299       1
  156     335       1
  157     208       1
  158     177       1
  158     370       1
  158     404       1
  158     558       1
  159     552       1
  160     435       1
  160     460       1
  161     222       1
  161     233       1
  161     261       1
  162     261       1
  163     515       1
  164     422       1
  165     234       1
  165     434       1
  165     489       1
  166     471       1
  166     517       1
  167     540       1
  169     284       1
  169     327       1
  169     384       1
  169     570       1
  170     256       1
  171     233       1
  172     185       1
  172     542       1
  172     556       1
  173     561       1
  173     596       1
  174     435       1
  175     249       1
  176     288       1
  176     478       1
  176     567       1
  178     399       1
  180     422       1
  181     226       1
  181     348       1
  181     360       1
  182     317       1
  183     435       1
  184     227       1
  184     424       1
  186     366       1
  187     326       1
  187     350       1
  187     526       1
  188     235       1
  188     467       1
  189     524       1
  190     268       1
  190     440       1
  191     338       1
  192     253       1
  193     260       1
  194     344       1
  194     348       1
  194     453       1
  194     543       1
  195     575       1
  196     238       1
  197     209       1
  197     495       1
  198     200       1
  198     334       1
  198     439       1
  198     570       1
  199     524       1
  200     530       1
  201     564       1
  201     567       1
  203     340       1
  203     353       1
  205     279       1
  206     466       1
  207     568       1
  208     210       1
  208     404       1
  210     531       1
  211     375       1
  211     518       1
  212     366       1
  213     345       1
  213     426       1
  214     458       1
  216     556       1
  217     317       1
  218     280       1
  219     337       1
  220     292       1
  221     589       1
  222     436       1
  223     461       1
  224     272       1
  224     368       1
  225     300       1
  228     507       1
  229     443       1
  230     434       1
  231     535       1
  232     274       1
  232     373       1
  234     240       1
  236     558       1
  237     321       1
  238     324       1
  238     501       1
  239     302       1
  239     592       1
  241     433       1
  241     436       1
  241     524       1
  242     290       1
  242     438       1
  242     448       1
  243     302       1
  243     479       1
  244     396       1
  246     522       1
  246     534       1
  247     316       1
  247     399       1
  249     403       1
  251     275       1
  252     385       1
  254     285       1
  254     445       1
  256     432       1
  257     364       1
  257     399       1
  257     527       1
  257     584       1
  258     578       1
  258     595       1
  259     438       1
  260     305       1
  261     333       1
  261     423       1
  262     337       1
  263     570       1
  264     568       1
  265     299       1
  269     273       1
  270     404       1
  270     484       1
  271     464       1
  272     273       1
  272     364       1
  272     555       1
  272     567       1
  273     557       1
  274     370       1
  276     277       1
  277     569       1
  277     578       1
  278     502       1
  279     554       1
  279     587       1
  280     342       1
  282     543       1
  283     418       1
  285     422       1
  285     580       1
  287     290       1
  288     298       1
  288     406       1
  291     444       1
  291     563       1
  293     327       1
  294     301       1
  294     346       1
  295     419       1
  295     491       1
  295     543       1
  296     449       1
  296     532       1
  297     431       1
  300     444       1
  301     371       1
  301     429       1
  301     553       1
  301     586       1
  302     456       1
  302     457       1
  303     546       1
  304     311       1
  304     550       1
  305     403       1
  305     544       1
  307     435       1
  309     409       1
  310     340       1
  310     488       1
  311     378       1
  311     461       1
  311     508       1
  312     546       1
  313     358       1
  314     350       1
  317     432       1
  318     397       1
  318     585       1
  320     349       1
  320     371       1
  321     560       1
  321     567       1
  322     524       1
  323     396       1
  323     424       1
  323     519       1
  325     583       1
  328     560       1
  329     580       1
  331     447       1
  338     554       1
  339     506       1
  340     492       1
  340     599       1
  341     418       1
  341     446       1
  341     536       1
  341     591       1
  343     398       1
  343     444       1
  345     396       1
  345     409       1
  347     533       1
  350     421       1
  352     466       1
  354     405       1
  356     363       1
  357     421       1
  357     558       1
  361     561       1
  362     502       1
  363     367       1
  363     388       1
  363     493       1
  365     583       1
  367     458       1
  369     502       1
  371     435       1
  371     552       1
  373     505       1
  373     529       1
  374     472       1
  375     397       1
  375     408       1
  375     498       1
  376     417       1
  377     594       1
  380     598       1
  381     520       1
  382     395       1
  382     404       1
  382     430       1
  382     582       1
  385     467       1
  385     494       1
  387     403       1
  389     567       1
  390     524       1
  390     583       1
  391     428       1
  391     598       1
  392     474       1
  392     511       1
  393     462       1
  394     456       1
  396     473       1
  397     547       1
  397     599       1
  399     410       1
  400     576       1
  402     466       1
  404     447       1
  407     434       1
  407     469       1
  410     413       1
  411     546       1
  412     545       1
  415     432       1
  415     568       1
  416     446       1
  420     476       1
  422     465       1
  422     524       1
  422     567       1
  425     531       1
  427     456       1
  434     574       1
  435     533       1
  436     566       1
  437     496       1
  438     442       1
  439     509       1
  440     502       1
  440     504       1
  444     594       1
  445     531       1
  448     459       1
  461     466       1
  461     480       1
  462     488       1
  463     571       1
  468     559       1
  470     500       1
  470     520       1
  472     555       1
  473     476       1
  475     592       1
  480     495       1
  482     543       1
  485     524       1
  485     588       1
  486     570       1
  487     531       1
  489     571       1
  489     577       1
  489     598       1
  489     599       1
  493     550       1
  493     553       1
  493     567       1
  493     572       1
  493     573       1
  495     500       1
  497     584       1
  502     536       1
  507     538       1
  512     540       1
  513     546       1
  514     536       1
  515     562       1
  515     570       1
  518     549       1
  525     569       1
  536     553       1
  539     550       1
  548     558       1
  548     580       1
  551     564       1
  561     600       1
