  400     429
    1     166       1
    1     210       1
    2      26       1
    2     329       1
    3     279       1
    4     104       1
    4     255       1
    4     290       1
    5     256       1
    5     285       1
    5     343       1
    6     367       1
    7     220       1
    7     328       1
    8      59       1
    8     303       1
    9     189       1
    9     256       1
   10      39       1
   10     212       1
   10     312       1
   11      59       1
   11     115       1
   11     122       1
   11     157       1
   11     262       1
   11     265       1
   11     323       1
   12     254       1
   12     327       1
   13      35       1
   13     145       1
   14     389       1
   15     400       1
   16     375       1
   17     156       1
   18     323       1
   19     206       1
   20      44       1
   20     312       1
   21     215       1
   22      51       1
   22      75       1
   22     164       1
   23     109       1
   23     133       1
   24      67       1
   24     168       1
   24     247       1
   24     256       1
   25     139       1
   25     363       1
   26      50       1
   26     142       1
   26     192       1
   26     193       1
   26     279       1
   26     385       1
   27      47       1
   28     256       1
   29     104       1
   30     134       1
   31     144       1
   31     172       1
   32      58       1
   33     126       1
   33     159       1
   33     290       1
   33     293       1
   33     319       1
   34     160       1
   34     178       1
   34     400       1
   36     110       1
   36     256       1
   36     261       1
   36     392       1
   37      46       1
   37      56       1
   37     227       1
   38     109       1
   38     345       1
   38     366       1
   39      73       1
   39      91       1
   39     140       1
   40     156       1
   40     205       1
   40     325       1
   41     119       1
   41     203       1
   41     397       1
   42      99       1
   42     288       1
   43     221       1
   45     213       1
   45     383       1
   45     394       1
   47      65       1
   47      89       1
   47     145       1
   48      88       1
   48     118       1
   49      86       1
   50     116       1
   50     263       1
   50     336       1
   51      59       1
   51     124       1
   51     197       1
   51     293       1
   51     321       1
   52     237       1
   53     228       1
   53     331       1
   54     344       1
   55     113       1
   55     166       1
   55     274       1
   56     111       1
   57      86       1
   57      94       1
   57     357       1
   58      86       1
   59      63       1
   59      93       1
   59     158       1
   59     239       1
   59     300       1
   59     385       1
   60     139       1
   60     235       1
   61      72       1
   61     211       1
   61     215       1
   61     392       1
   62     152       1
   62     241       1
   64     390       1
   65     315       1
   66     162       1
   66     254       1
   68      74       1
   68     318       1
   69     140       1
   69     151       1
   69     215       1
   70     121       1
   70     153       1
   70     252       1
   70     399       1
   71     225       1
   71     304       1
   71     372       1
   74      83       1
   76     281       1
   76     288       1
   77     219       1
   77     328       1
   78     165       1
   79     276       1
   80     221       1
   80     237       1
   81     112       1
   82     179       1
   83      92       1
   84     256       1
   85     185       1
   86     153       1
   86     205       1
   86     275       1
   86     330       1
   86     339       1
   87     343       1
   90     106       1
   91     110       1
   92     135       1
   92     316       1
   95     248       1
   95     385       1
   95     394       1
   96     119       1
   96     181       1
   97     234       1
   97     238       1
   97     268       1
   98     215       1
  100     178       1
  101     105       1
  101     106       1
  101     367       1
  102     171       1
  102     243       1
  103     372       1
  104     199       1
  104     261       1
  105     342       1
  106     396       1
  107     269       1
  107     282       1
  107     304       1
  108     112       1
  109     258       1
  109     337       1
  110     194       1
  110     205       1
  110     294       1
  110     327       1
  110     328       1
  111     292       1
  112     172       1
  112     224       1
  112     378       1
  114     351       1
  115     198       1
  115     253       1
  116     163       1
  116     246       1
  117     306       1
  118     129       1
  119     158       1
  119     180       1
  119     232       1
  119     251       1
  119     274       1
  120     200       1
  120     286       1
  121     264       1
  121     284       1
  123     236       1
  123     305       1
  123     395       1
  125     190       1
  125     372       1
  127     172       1
  128     207       1
  128     341       1
  129     171       1
  129     218       1
  129     310       1
  130     320       1
  131     247       1
  132     187       1
  132     263       1
  133     266       1
  134     158       1
  134     280       1
  134     309       1
  135     365       1
  136     292       1
  137     215       1
  137     347       1
  138     213       1
  139     172       1
  139     294       1
  139     301       1
  139     306       1
  139     331       1
  139     389       1
  141     154       1
  142     206       1
  143     205       1
  145     273       1
  145     301       1
  145     361       1
  146     306       1
  146     359       1
  147     150       1
  147     172       1
  147     175       1
  147     181       1
  147     221       1
  148     258       1
  149     184       1
  152     160       1
  152     379       1
  153     230       1
  153     297       1
  154     250       1
  154     288       1
  154     377       1
  155     193       1
  155     350       1
  158     283       1
  160     211       1
  161     389       1
  163     308       1
  165     355       1
  167     316       1
  168     230       1
  169     341       1
  170     272       1
  171     320       1
  172     301       1
  172     387       1
  173     327       1
  174     318       1
  176     283       1
  177     201       1
  177     312       1
  179     352       1
  180     196       1
  180     226       1
  181     332       1
  182     183       1
  182     338       1
  183     205       1
  183     286       1
  184     232       1
  185     221       1
  186     315       1
  187     190       1
  188     378       1
  189     207       1
  190     246       1
  190     346       1
  191     217       1
  192     253       1
  193     209       1
  193     242       1
  193     245       1
  193     388       1
  195     388       1
  201     231       1
  202     246       1
  204     229       1
  208     362       1
  208     373       1
  210     334       1
  211     362       1
  213     279       1
  214     305       1
  215     369       1
  216     370       1
  217     299       1
  218     380       1
  220     381       1
  221     349       1
  222     282       1
  222     337       1
  222     387       1
  223     245       1
  224     311       1
  227     232       1
  227     243       1
  229     372       1
  231     335       1
  233     285       1
  238     392       1
  239     388       1
  240     243       1
  243     265       1
  243     326       1
  244     360       1
  247     368       1
  248     270       1
  249     272       1
  250     384       1
  255     261       1
  256     281       1
  256     384       1
  257     351       1
  258     331       1
  258     340       1
  259     302       1
  260     299       1
  261     313       1
  262     277       1
  262     299       1
  265     356       1
  265     365       1
  266     389       1
  267     344       1
  269     289       1
  270     355       1
  270     382       1
  271     321       1
  272     376       1
  276     397       1
  278     306       1
  286     344       1
  286     391       1
  287     322       1
  288     311       1
  291     307       1
  291     390       1
  291     397       1
  292     351       1
  292     371       1
  293     369       1
  294     305       1
  294     351       1
  294     385       1
  294     386       1
  295     297       1
  296     350       1
  298     350       1
  298     372       1
  298     376       1
  302     337       1
  304     317       1
  306     380       1
  310     398       1
  311     324       1
  311     354       1
  311     397       1
  314     350       1
  316     323       1
  318     319       1
  321     341       1
  322     397       1
  323     375       1
  326     334       1
  328     367       1
  331     390       1
  332     396       1
  333     339       1
  335     349       1
  348     394       1
  352     371       1
  353     385       1
  355     392       1
  358     396       1
  360     364       1
  360     371       1
  366     400       1
  369     393       1
  370     400       1
  374     390       1
