  200     221
    1      61       1
    1      66       1
    2      61       1
    2     105       1
    2     109       1
    2     132       1
    2     177       1
    3      21       1
    3      67       1
    3     138       1
    3     144       1
    4      92       1
    4     101       1
    4     119       1
    4     189       1
    5      63       1
    5      99       1
    6     170       1
    7      62       1
    7      66       1
    7      69       1
    7     126       1
    8      17       1
    8      64       1
    9     117       1
    9     135       1
    9     172       1
   10      81       1
   10     101       1
   11      17       1
   12      52       1
   12     144       1
   12     145       1
   13     145       1
   14      87       1
   15      93       1
   15     167       1
   16     145       1
   17      46       1
   17     174       1
   17     200       1
   18      80       1
   19      31       1
   19     113       1
   19     117       1
   19     122       1
   19     151       1
   20      41       1
   21     170       1
   22     129       1
   22     169       1
   23      98       1
   23     148       1
   24     137       1
   24     166       1
   25      46       1
   25     152       1
   26      71       1
   27      44       1
   28      35       1
   28     172       1
   29      45       1
   29     188       1
   30      80       1
   31      63       1
   31      87       1
   31     149       1
   31     187       1
   32     169       1
   33      91       1
   33     100       1
   34      61       1
   35     107       1
   36      65       1
   36     117       1
   37      58       1
   37     150       1
   38      91       1
   39     177       1
   40      73       1
   40     162       1
   41      50       1
   42      58       1
   42      91       1
   42     115       1
   42     133       1
   42     188       1
   43     121       1
   43     129       1
   44     195       1
   45     125       1
   45     155       1
   46     146       1
   46     160       1
   47      59       1
   48     109       1
   49     182       1
   50      54       1
   50     110       1
   50     149       1
   51     134       1
   53     167       1
   54      60       1
   55      74       1
   56     129       1
   56     193       1
   57      84       1
   57     124       1
   57     166       1
   59      80       1
   60     117       1
   60     134       1
   60     159       1
   60     192       1
   61      69       1
   61      85       1
   62     103       1
   62     197       1
   63      64       1
   63     136       1
   63     181       1
   63     185       1
   63     195       1
   64      81       1
   64     154       1
   65     120       1
   66     194       1
   68      77       1
   68      82       1
   69      86       1
   69     149       1
   70     127       1
   70     140       1
   70     151       1
   70     155       1
   70     190       1
   71     161       1
   72     154       1
   74     122       1
   75      94       1
   76     188       1
   77      91       1
   77     143       1
   78      90       1
   78     166       1
   79     125       1
   79     161       1
   80      92       1
   80     184       1
   80     191       1
   81     102       1
   82     104       1
   82     125       1
   83     142       1
   83     153       1
   85     123       1
   85     130       1
   85     137       1
   86     171       1
   87     130       1
   87     133       1
   87     149       1
   87     183       1
   88     109       1
   89     136       1
   92     126       1
   93     160       1
   94     114       1
   95     197       1
   96     195       1
   97     136       1
   98     122       1
   98     128       1
   98     143       1
  105     118       1
  106     119       1
  108     154       1
  108     186       1
  111     179       1
  112     144       1
  112     149       1
  112     164       1
  112     177       1
  114     146       1
  116     152       1
  117     175       1
  119     196       1
  121     133       1
  121     145       1
  121     169       1
  121     179       1
  124     161       1
  125     147       1
  126     145       1
  126     153       1
  127     178       1
  131     146       1
  131     169       1
  131     172       1
  133     161       1
  136     168       1
  137     156       1
  139     159       1
  141     164       1
  143     163       1
  143     198       1
  144     173       1
  146     182       1
  149     176       1
  149     180       1
  151     162       1
  151     164       1
  152     162       1
  155     165       1
  157     159       1
  158     179       1
  160     185       1
  169     194       1
  170     171       1
  181     196       1
  182     199       1
