  400     429
    1      93       1
    1     193       1
    1     256       1
    2      40       1
    2      42       1
    2     257       1
    2     362       1
    3     374       1
    4     225       1
    5     372       1
    6     390       1
    7     298       1
    7     362       1
    8     297       1
    9      44       1
   10      68       1
   10     286       1
   11     179       1
   12     100       1
   12     188       1
   12     192       1
   12     318       1
   13     341       1
   13     344       1
   14     140       1
   14     226       1
   15      78       1
   15     194       1
   15     215       1
   15     225       1
   15     340       1
   16     363       1
   17     190       1
   18     388       1
   19      31       1
   20     270       1
   21     200       1
   22     140       1
   22     192       1
   22     261       1
   22     313       1
   22     328       1
   23     104       1
   23     137       1
   24     215       1
   25     115       1
   26      56       1
   27     281       1
   28     319       1
   29     108       1
   29     192       1
   29     218       1
   30     227       1
   31     368       1
   32     390       1
   33     314       1
   34     141       1
   35     337       1
   36      86       1
   36     201       1
   36     210       1
   36     303       1
   36     372       1
   37      59       1
   37     257       1
   38      70       1
   38     158       1
   39      52       1
   40     325       1
   41     102       1
   41     166       1
   42     162       1
   43     175       1
   43     379       1
   44     136       1
   44     180       1
   44     264       1
   44     297       1
   44     319       1
   44     338       1
   44     388       1
   45     255       1
   46     297       1
   47      63       1
   47      96       1
   47     345       1
   48     246       1
   49     348       1
   50     192       1
   50     263       1
   51     110       1
   52     177       1
   52     349       1
   52     400       1
   53     322       1
   53     334       1
   53     353       1
   54      81       1
   55     228       1
   55     330       1
   56     349       1
   57      76       1
   57     156       1
   57     174       1
   57     242       1
   57     269       1
   58     166       1
   58     252       1
   58     351       1
   59     304       1
   60     120       1
   60     360       1
   61     249       1
   62     209       1
   62     279       1
   63     144       1
   64     369       1
   65     351       1
   66      88       1
   67      94       1
   68     136       1
   69     165       1
   69     231       1
   69     275       1
   69     374       1
   70     300       1
   71     195       1
   71     394       1
   72     266       1
   73     217       1
   74     154       1
   75     101       1
   75     139       1
   77     137       1
   77     321       1
   79     272       1
   80     167       1
   81     176       1
   81     271       1
   81     371       1
   82     105       1
   83     199       1
   84     214       1
   85     327       1
   86     365       1
   87     283       1
   88     126       1
   88     172       1
   89     304       1
   90     162       1
   91     268       1
   92      94       1
   93     205       1
   94     207       1
   94     306       1
   94     382       1
   95     273       1
   97     109       1
   97     155       1
   97     156       1
   97     309       1
   98     156       1
   98     289       1
   98     368       1
   99     135       1
  100     354       1
  101     112       1
  101     349       1
  102     175       1
  102     248       1
  102     337       1
  103     131       1
  105     203       1
  105     334       1
  106     156       1
  106     351       1
  107     224       1
  107     234       1
  110     240       1
  111     203       1
  111     397       1
  112     233       1
  113     239       1
  113     348       1
  114     192       1
  115     123       1
  116     136       1
  117     123       1
  117     135       1
  118     233       1
  118     342       1
  119     248       1
  120     179       1
  121     239       1
  121     240       1
  121     383       1
  122     228       1
  123     142       1
  124     382       1
  125     211       1
  127     148       1
  128     313       1
  129     347       1
  130     237       1
  130     338       1
  131     218       1
  132     225       1
  132     281       1
  133     232       1
  133     328       1
  133     344       1
  133     356       1
  134     277       1
  134     329       1
  135     148       1
  136     156       1
  136     299       1
  137     278       1
  138     249       1
  140     187       1
  141     390       1
  143     364       1
  144     165       1
  145     399       1
  146     164       1
  147     154       1
  147     171       1
  147     240       1
  147     372       1
  148     222       1
  149     339       1
  149     379       1
  150     276       1
  151     153       1
  152     358       1
  153     390       1
  154     170       1
  154     329       1
  154     331       1
  155     188       1
  156     175       1
  156     237       1
  156     362       1
  157     160       1
  157     246       1
  157     373       1
  157     398       1
  158     177       1
  159     161       1
  159     275       1
  159     358       1
  162     195       1
  162     376       1
  163     385       1
  164     290       1
  164     293       1
  165     395       1
  167     217       1
  167     380       1
  168     266       1
  169     239       1
  169     278       1
  171     271       1
  172     378       1
  173     270       1
  173     345       1
  174     250       1
  174     310       1
  175     198       1
  175     230       1
  175     328       1
  177     215       1
  177     217       1
  177     291       1
  177     292       1
  178     308       1
  179     374       1
  181     198       1
  181     393       1
  182     234       1
  182     288       1
  183     189       1
  184     237       1
  185     231       1
  186     269       1
  186     324       1
  187     241       1
  189     197       1
  189     347       1
  190     372       1
  191     231       1
  191     234       1
  192     280       1
  193     204       1
  193     254       1
  194     274       1
  194     298       1
  196     369       1
  197     217       1
  197     236       1
  197     335       1
  198     290       1
  198     336       1
  198     381       1
  199     290       1
  200     372       1
  202     362       1
  203     257       1
  204     212       1
  204     306       1
  204     332       1
  206     291       1
  206     357       1
  207     326       1
  208     227       1
  209     348       1
  211     325       1
  213     293       1
  214     217       1
  215     259       1
  215     362       1
  215     374       1
  216     293       1
  217     270       1
  218     282       1
  219     242       1
  220     360       1
  221     378       1
  222     237       1
  222     266       1
  223     388       1
  225     229       1
  227     305       1
  228     264       1
  228     306       1
  228     327       1
  231     341       1
  231     348       1
  231     387       1
  232     363       1
  232     398       1
  234     235       1
  235     392       1
  237     270       1
  238     247       1
  238     382       1
  239     362       1
  240     272       1
  240     294       1
  240     353       1
  242     311       1
  242     389       1
  242     397       1
  243     355       1
  244     332       1
  245     302       1
  246     260       1
  246     285       1
  246     371       1
  246     396       1
  248     343       1
  249     262       1
  251     354       1
  253     356       1
  255     362       1
  258     329       1
  258     388       1
  259     317       1
  262     297       1
  263     326       1
  264     360       1
  265     372       1
  267     302       1
  267     324       1
  268     275       1
  271     370       1
  272     359       1
  273     300       1
  273     364       1
  275     377       1
  276     310       1
  278     283       1
  278     361       1
  279     392       1
  281     285       1
  281     366       1
  282     302       1
  282     320       1
  283     362       1
  284     309       1
  287     368       1
  288     296       1
  293     386       1
  295     335       1
  301     374       1
  302     368       1
  304     348       1
  304     391       1
  305     378       1
  305     384       1
  305     388       1
  306     350       1
  307     340       1
  308     313       1
  308     355       1
  312     363       1
  314     387       1
  315     365       1
  316     389       1
  317     328       1
  323     353       1
  323     394       1
  328     345       1
  328     352       1
  333     388       1
  336     359       1
  336     373       1
  336     380       1
  341     399       1
  342     362       1
  346     369       1
  346     381       1
  360     385       1
  364     379       1
  365     370       1
  367     381       1
  369     376       1
  374     390       1
  375     388       1
