  700     739
    1     596       1
    2     199       1
    2     400       1
    2     620       1
    3     279       1
    3     513       1
    4     488       1
    5     291       1
    5     433       1
    5     622       1
    6     546       1
    7      38       1
    7     233       1
    8     150       1
    8     287       1
    9     351       1
    9     456       1
   10     696       1
   11      63       1
   11     284       1
   12     203       1
   12     398       1
   12     411       1
   13     652       1
   14     112       1
   14     271       1
   15     435       1
   15     509       1
   16     484       1
   17     275       1
   17     608       1
   18     236       1
   19     119       1
   19     400       1
   20     150       1
   20     408       1
   21     475       1
   21     538       1
   22     308       1
   23     517       1
   24     353       1
   25     373       1
   26      31       1
   26      63       1
   27     136       1
   27     207       1
   27     229       1
   27     348       1
   28     132       1
   29     167       1
   30     342       1
   31      46       1
   31     174       1
   31     284       1
   32     160       1
   32     402       1
   32     575       1
   32     623       1
   33     101       1
   33     254       1
   34      52       1
   35      61       1
   35     389       1
   36     314       1
   36     611       1
   37     209       1
   37     453       1
   38      58       1
   38     311       1
   38     476       1
   38     593       1
   39     173       1
   40     268       1
   40     297       1
   40     431       1
   40     496       1
   41     125       1
   42     167       1
   43     375       1
   43     599       1
   44     323       1
   45     205       1
   47     176       1
   48      52       1
   48     135       1
   48     178       1
   48     630       1
   49     186       1
   50     239       1
   51     262       1
   51     432       1
   52     134       1
   52     288       1
   52     520       1
   52     606       1
   53     557       1
   54     270       1
   54     477       1
   54     484       1
   54     592       1
   54     624       1
   55     603       1
   55     648       1
   56     459       1
   57     446       1
   58      94       1
   58     208       1
   58     540       1
   59     164       1
   60     169       1
   60     690       1
   61     172       1
   61     182       1
   61     485       1
   61     589       1
   62     273       1
   64     371       1
   64     559       1
   64     596       1
   65     349       1
   65     687       1
   66     125       1
   67     453       1
   68     114       1
   68     458       1
   68     501       1
   68     588       1
   69      81       1
   70      89       1
   70     550       1
   71     231       1
   71     333       1
   71     633       1
   72     363       1
   72     664       1
   73     224       1
   74     257       1
   75     633       1
   76     303       1
   76     639       1
   77     460       1
   78     275       1
   79     132       1
   79     336       1
   79     593       1
   79     606       1
   79     625       1
   79     652       1
   80     382       1
   81     339       1
   81     351       1
   81     619       1
   82     180       1
   82     331       1
   83     121       1
   84     141       1
   84     191       1
   84     550       1
   84     556       1
   84     609       1
   85     344       1
   86     205       1
   87     445       1
   87     584       1
   87     634       1
   88     132       1
   89     242       1
   90     420       1
   90     510       1
   91     238       1
   91     250       1
   91     419       1
   91     454       1
   91     662       1
   92     206       1
   92     451       1
   92     657       1
   93     663       1
   95     547       1
   96     471       1
   96     598       1
   97     375       1
   98     404       1
   99     258       1
  100     178       1
  101     491       1
  101     601       1
  102     324       1
  103     137       1
  103     194       1
  103     483       1
  104     105       1
  105     294       1
  105     319       1
  105     358       1
  106     467       1
  107     577       1
  108     530       1
  109     411       1
  110     401       1
  110     529       1
  111     163       1
  112     323       1
  112     638       1
  113     425       1
  114     559       1
  115     165       1
  115     692       1
  115     700       1
  116     293       1
  116     643       1
  116     646       1
  117     695       1
  118     322       1
  118     359       1
  118     545       1
  118     576       1
  120     204       1
  120     270       1
  120     506       1
  121     141       1
  122     324       1
  122     492       1
  123     343       1
  124     274       1
  124     542       1
  125     163       1
  126     355       1
  127     140       1
  127     269       1
  127     493       1
  128     520       1
  129     159       1
  129     350       1
  130     214       1
  130     232       1
  130     502       1
  130     544       1
  131     256       1
  132     699       1
  133     531       1
  135     206       1
  135     443       1
  135     531       1
  136     689       1
  137     164       1
  137     252       1
  137     274       1
  137     358       1
  137     387       1
  137     659       1
  138     409       1
  139     143       1
  139     465       1
  140     648       1
  141     642       1
  142     169       1
  142     196       1
  142     408       1
  142     515       1
  143     411       1
  143     629       1
  144     211       1
  144     411       1
  145     372       1
  145     657       1
  146     485       1
  147     344       1
  148     282       1
  148     471       1
  148     530       1
  148     572       1
  148     586       1
  148     590       1
  149     290       1
  150     499       1
  151     238       1
  152     188       1
  152     282       1
  153     576       1
  154     277       1
  154     394       1
  155     649       1
  156     330       1
  157     403       1
  158     322       1
  158     570       1
  159     528       1
  161     457       1
  161     550       1
  162     443       1
  163     271       1
  163     289       1
  163     670       1
  165     638       1
  166     260       1
  166     262       1
  166     546       1
  166     576       1
  167     421       1
  168     360       1
  168     661       1
  169     254       1
  169     419       1
  169     430       1
  169     476       1
  169     533       1
  170     223       1
  170     488       1
  170     579       1
  170     588       1
  170     618       1
  170     691       1
  171     446       1
  171     554       1
  171     651       1
  171     696       1
  172     228       1
  172     521       1
  173     178       1
  173     212       1
  173     573       1
  174     403       1
  174     554       1
  175     219       1
  176     235       1
  177     355       1
  178     272       1
  178     427       1
  179     294       1
  180     184       1
  180     340       1
  180     381       1
  181     483       1
  183     198       1
  183     444       1
  184     527       1
  184     555       1
  185     316       1
  186     486       1
  186     649       1
  187     217       1
  187     318       1
  187     541       1
  189     388       1
  190     275       1
  190     276       1
  191     556       1
  192     323       1
  193     608       1
  195     620       1
  195     700       1
  197     202       1
  197     238       1
  198     301       1
  198     356       1
  198     413       1
  200     554       1
  201     452       1
  202     312       1
  202     602       1
  202     607       1
  202     635       1
  204     422       1
  204     461       1
  204     560       1
  204     654       1
  205     265       1
  206     407       1
  206     626       1
  210     592       1
  210     642       1
  213     483       1
  214     254       1
  214     282       1
  214     577       1
  215     362       1
  215     436       1
  216     452       1
  217     267       1
  217     273       1
  217     338       1
  217     341       1
  217     422       1
  217     466       1
  217     529       1
  218     262       1
  219     241       1
  219     273       1
  219     310       1
  219     343       1
  219     369       1
  219     537       1
  219     572       1
  219     622       1
  219     673       1
  220     259       1
  221     281       1
  221     351       1
  221     610       1
  221     645       1
  222     241       1
  222     418       1
  224     509       1
  224     676       1
  225     404       1
  226     371       1
  226     447       1
  226     595       1
  227     501       1
  228     390       1
  229     578       1
  230     231       1
  230     611       1
  231     307       1
  231     612       1
  232     287       1
  234     668       1
  235     640       1
  235     681       1
  236     303       1
  237     385       1
  237     557       1
  238     292       1
  239     285       1
  239     604       1
  240     699       1
  242     576       1
  242     684       1
  243     506       1
  244     436       1
  245     329       1
  245     463       1
  245     661       1
  245     693       1
  246     481       1
  247     382       1
  248     301       1
  249     515       1
  251     648       1
  252     469       1
  253     485       1
  253     659       1
  254     524       1
  255     284       1
  256     419       1
  256     588       1
  257     396       1
  258     306       1
  258     686       1
  259     584       1
  261     302       1
  262     311       1
  263     607       1
  264     414       1
  264     637       1
  264     660       1
  265     537       1
  265     658       1
  266     588       1
  268     469       1
  268     556       1
  268     692       1
  270     481       1
  270     504       1
  273     371       1
  273     440       1
  273     567       1
  273     613       1
  274     422       1
  275     405       1
  275     600       1
  277     371       1
  278     456       1
  279     422       1
  279     486       1
  280     549       1
  281     361       1
  281     526       1
  281     572       1
  283     446       1
  283     459       1
  285     374       1
  286     409       1
  286     428       1
  286     444       1
  288     635       1
  290     370       1
  290     430       1
  290     620       1
  294     591       1
  294     632       1
  295     436       1
  296     496       1
  297     522       1
  298     694       1
  299     411       1
  300     373       1
  300     475       1
  300     494       1
  302     509       1
  303     426       1
  303     682       1
  304     305       1
  304     623       1
  305     324       1
  305     666       1
  306     472       1
  307     347       1
  308     366       1
  308     672       1
  309     694       1
  310     452       1
  310     679       1
  313     526       1
  315     441       1
  316     509       1
  316     549       1
  317     693       1
  318     384       1
  319     622       1
  320     386       1
  320     407       1
  321     441       1
  321     594       1
  323     325       1
  323     461       1
  323     699       1
  326     572       1
  326     683       1
  327     662       1
  328     383       1
  328     606       1
  329     352       1
  329     642       1
  330     461       1
  332     506       1
  333     509       1
  334     448       1
  334     461       1
  335     386       1
  336     438       1
  336     462       1
  336     498       1
  336     514       1
  336     621       1
  337     643       1
  338     543       1
  338     695       1
  340     515       1
  342     695       1
  343     507       1
  344     458       1
  344     653       1
  345     436       1
  345     634       1
  345     661       1
  346     369       1
  347     619       1
  348     411       1
  348     422       1
  348     437       1
  348     557       1
  349     536       1
  350     415       1
  350     554       1
  351     491       1
  351     511       1
  353     440       1
  353     675       1
  354     557       1
  355     358       1
  355     472       1
  355     547       1
  355     641       1
  356     553       1
  357     471       1
  358     417       1
  358     607       1
  360     448       1
  364     471       1
  365     439       1
  367     567       1
  368     369       1
  368     467       1
  368     581       1
  369     475       1
  369     671       1
  371     417       1
  371     453       1
  371     548       1
  371     643       1
  371     677       1
  374     449       1
  374     476       1
  375     515       1
  376     525       1
  377     660       1
  378     581       1
  379     544       1
  380     673       1
  382     641       1
  385     666       1
  388     470       1
  389     399       1
  390     574       1
  391     588       1
  391     682       1
  392     411       1
  393     695       1
  395     589       1
  396     440       1
  396     688       1
  397     532       1
  400     406       1
  403     687       1
  404     523       1
  407     424       1
  407     674       1
  410     574       1
  411     509       1
  412     431       1
  413     496       1
  414     655       1
  416     485       1
  417     442       1
  420     479       1
  420     504       1
  420     563       1
  421     593       1
  422     476       1
  422     556       1
  422     644       1
  422     681       1
  423     520       1
  425     471       1
  426     546       1
  427     562       1
  429     570       1
  431     517       1
  431     617       1
  434     584       1
  436     568       1
  436     637       1
  437     490       1
  439     590       1
  439     664       1
  440     482       1
  441     556       1
  441     570       1
  444     531       1
  448     614       1
  449     500       1
  449     597       1
  449     616       1
  449     636       1
  450     473       1
  452     685       1
  453     627       1
  453     697       1
  454     678       1
  455     515       1
  456     652       1
  458     466       1
  458     639       1
  460     501       1
  464     669       1
  466     608       1
  468     619       1
  470     634       1
  472     620       1
  473     519       1
  474     677       1
  478     564       1
  478     660       1
  480     699       1
  483     565       1
  485     560       1
  486     680       1
  487     613       1
  488     505       1
  489     571       1
  493     691       1
  495     603       1
  496     551       1
  497     695       1
  498     516       1
  498     666       1
  501     667       1
  503     654       1
  508     648       1
  509     523       1
  512     672       1
  514     585       1
  518     613       1
  519     529       1
  520     552       1
  525     611       1
  526     615       1
  529     554       1
  532     572       1
  532     665       1
  534     616       1
  535     655       1
  536     694       1
  537     638       1
  539     549       1
  546     656       1
  556     637       1
  558     639       1
  560     668       1
  561     607       1
  566     652       1
  569     690       1
  571     663       1
  572     592       1
  573     692       1
  580     620       1
  582     676       1
  583     694       1
  584     605       1
  584     648       1
  586     647       1
  587     628       1
  601     683       1
  611     620       1
  614     650       1
  619     695       1
  620     695       1
  623     638       1
  623     698       1
  625     648       1
  628     631       1
  631     655       1
  648     694       1
  663     681       1
  669     681       1
  670     695       1
  672     695       1
