   50      61
    1      11       1
    2      12       1
    3      27       1
    3      48       1
    4      48       1
    5      36       1
    5      40       1
    6      39       1
    7      36       1
    7      40       1
    8      11       1
    8      12       1
    8      13       1
    8      16       1
    8      33       1
    8      36       1
    8      39       1
    8      46       1
    8      49       1
    9      11       1
    9      15       1
    9      29       1
    9      39       1
    9      42       1
    9      50       1
   10      15       1
   10      33       1
   10      41       1
   12      14       1
   13      15       1
   13      28       1
   14      34       1
   15      25       1
   16      35       1
   17      18       1
   18      29       1
   18      43       1
   19      32       1
   19      36       1
   19      41       1
   20      42       1
   21      25       1
   21      42       1
   22      38       1
   22      40       1
   23      26       1
   23      30       1
   23      38       1
   24      33       1
   25      37       1
   25      50       1
   26      44       1
   27      38       1
   29      47       1
   31      36       1
   32      42       1
   33      38       1
   35      38       1
   37      45       1
   37      48       1
   41      47       1
