  600     636
    1     162       1
    1     445       1
    2     155       1
    2     570       1
    3      73       1
    3     146       1
    3     209       1
    3     328       1
    3     581       1
    4     570       1
    4     574       1
    5     160       1
    6     263       1
    6     426       1
    7     125       1
    7     462       1
    8     297       1
    9     179       1
    9     301       1
    9     571       1
    9     579       1
   10      51       1
   10     342       1
   10     345       1
   10     416       1
   11     482       1
   12     304       1
   12     392       1
   13     179       1
   13     285       1
   14     131       1
   15     354       1
   15     403       1
   15     447       1
   16     210       1
   17     380       1
   17     518       1
   18     322       1
   19      79       1
   19      80       1
   20      94       1
   20     242       1
   20     335       1
   20     392       1
   20     407       1
   20     542       1
   21     452       1
   21     468       1
   22     136       1
   23     132       1
   24      75       1
   24     346       1
   24     401       1
   25      99       1
   25     172       1
   26     171       1
   27     229       1
   28     370       1
   29     273       1
   30      51       1
   30     171       1
   30     281       1
   31     210       1
   31     298       1
   31     584       1
   32     210       1
   32     575       1
   33      72       1
   33      77       1
   33     275       1
   33     562       1
   34     135       1
   35     238       1
   36     235       1
   37     556       1
   38      98       1
   38     256       1
   38     465       1
   38     600       1
   39     503       1
   40     256       1
   41     189       1
   42     127       1
   42     422       1
   42     550       1
   43     342       1
   43     416       1
   44     402       1
   45     287       1
   46     302       1
   46     458       1
   47     400       1
   47     460       1
   47     470       1
   47     582       1
   48     131       1
   48     217       1
   48     367       1
   48     483       1
   49     107       1
   49     318       1
   50     129       1
   51     116       1
   51     228       1
   51     322       1
   51     422       1
   51     424       1
   51     442       1
   51     536       1
   52     470       1
   53     271       1
   53     472       1
   54     133       1
   54     163       1
   54     206       1
   55      97       1
   55     123       1
   56     346       1
   57     107       1
   57     364       1
   57     402       1
   57     462       1
   57     503       1
   57     525       1
   58     483       1
   59     314       1
   60      63       1
   60     308       1
   60     378       1
   60     531       1
   61     162       1
   61     251       1
   62     325       1
   63     522       1
   64     120       1
   64     377       1
   64     528       1
   65     102       1
   66     323       1
   66     478       1
   67     185       1
   67     242       1
   67     261       1
   68     228       1
   68     246       1
   68     455       1
   68     573       1
   69     132       1
   69     135       1
   69     210       1
   69     310       1
   69     435       1
   70     347       1
   71     362       1
   71     438       1
   71     484       1
   71     520       1
   73     400       1
   74     149       1
   75     403       1
   75     499       1
   75     574       1
   76     313       1
   76     410       1
   76     423       1
   76     502       1
   76     520       1
   77     122       1
   77     539       1
   77     577       1
   78     129       1
   78     152       1
   78     197       1
   78     260       1
   78     297       1
   79     226       1
   81     516       1
   82     581       1
   83     331       1
   83     410       1
   84     260       1
   85     253       1
   86     533       1
   86     590       1
   87     318       1
   88     298       1
   89     238       1
   90     158       1
   91      98       1
   91     580       1
   92     400       1
   93     338       1
   94     203       1
   94     393       1
   94     397       1
   95     358       1
   96     483       1
   98     318       1
   99     247       1
  100     212       1
  101     236       1
  102     108       1
  102     292       1
  102     334       1
  102     499       1
  103     524       1
  104     412       1
  105     436       1
  105     590       1
  106     281       1
  106     523       1
  107     404       1
  108     254       1
  109     120       1
  110     111       1
  111     112       1
  111     562       1
  113     140       1
  114     215       1
  115     283       1
  115     436       1
  116     321       1
  117     256       1
  117     551       1
  118     305       1
  119     234       1
  119     385       1
  121     272       1
  121     273       1
  123     124       1
  123     263       1
  123     281       1
  123     459       1
  123     464       1
  123     597       1
  124     174       1
  124     596       1
  125     451       1
  126     425       1
  126     495       1
  128     257       1
  128     584       1
  129     241       1
  129     315       1
  129     446       1
  130     149       1
  131     172       1
  131     190       1
  131     315       1
  132     385       1
  132     516       1
  133     361       1
  133     506       1
  133     577       1
  134     297       1
  134     470       1
  135     175       1
  135     210       1
  135     559       1
  136     341       1
  136     546       1
  137     384       1
  138     211       1
  138     392       1
  138     593       1
  139     265       1
  139     296       1
  139     309       1
  139     409       1
  139     424       1
  139     473       1
  139     485       1
  140     279       1
  141     466       1
  142     321       1
  143     578       1
  144     333       1
  144     562       1
  145     312       1
  145     508       1
  145     527       1
  146     215       1
  146     259       1
  146     372       1
  147     574       1
  148     228       1
  149     353       1
  149     375       1
  149     536       1
  150     570       1
  151     165       1
  151     178       1
  151     194       1
  151     281       1
  151     488       1
  152     198       1
  153     536       1
  153     558       1
  154     402       1
  154     493       1
  154     519       1
  156     219       1
  157     226       1
  157     421       1
  158     410       1
  159     417       1
  159     442       1
  160     522       1
  161     245       1
  162     280       1
  162     338       1
  162     444       1
  162     512       1
  164     281       1
  165     394       1
  165     436       1
  166     546       1
  167     547       1
  167     592       1
  168     260       1
  168     414       1
  169     391       1
  169     399       1
  170     278       1
  170     448       1
  170     546       1
  171     240       1
  171     598       1
  172     513       1
  173     205       1
  174     592       1
  175     286       1
  176     512       1
  177     423       1
  178     300       1
  179     379       1
  179     437       1
  180     225       1
  180     460       1
  181     312       1
  182     586       1
  183     186       1
  183     270       1
  183     514       1
  184     210       1
  187     208       1
  187     258       1
  188     482       1
  188     533       1
  189     379       1
  191     455       1
  191     540       1
  191     594       1
  192     204       1
  193     264       1
  195     523       1
  196     462       1
  199     257       1
  200     386       1
  201     392       1
  201     421       1
  202     482       1
  203     368       1
  204     455       1
  205     322       1
  205     362       1
  205     368       1
  207     270       1
  208     226       1
  210     215       1
  210     315       1
  210     471       1
  210     545       1
  212     218       1
  212     390       1
  213     322       1
  214     285       1
  214     371       1
  215     222       1
  216     525       1
  217     505       1
  218     383       1
  218     549       1
  219     545       1
  220     423       1
  221     509       1
  222     498       1
  223     273       1
  223     307       1
  223     312       1
  223     329       1
  223     341       1
  223     587       1
  224     314       1
  224     326       1
  224     403       1
  226     544       1
  227     538       1
  228     308       1
  229     381       1
  230     383       1
  231     266       1
  231     551       1
  231     600       1
  232     415       1
  232     592       1
  233     309       1
  233     497       1
  234     337       1
  235     290       1
  235     303       1
  235     555       1
  236     237       1
  236     311       1
  236     543       1
  237     244       1
  237     374       1
  238     584       1
  239     573       1
  241     285       1
  241     489       1
  243     401       1
  243     492       1
  244     273       1
  244     347       1
  245     416       1
  246     599       1
  248     561       1
  248     577       1
  249     264       1
  250     318       1
  251     552       1
  252     456       1
  253     350       1
  253     461       1
  254     388       1
  255     354       1
  258     293       1
  260     275       1
  262     347       1
  263     567       1
  264     349       1
  265     595       1
  267     315       1
  267     333       1
  267     431       1
  267     600       1
  268     537       1
  269     309       1
  269     360       1
  271     381       1
  271     481       1
  272     538       1
  273     274       1
  273     327       1
  273     501       1
  273     520       1
  275     443       1
  276     466       1
  277     315       1
  278     303       1
  278     467       1
  279     315       1
  279     373       1
  279     411       1
  279     448       1
  281     296       1
  282     597       1
  284     405       1
  284     542       1
  287     312       1
  288     347       1
  289     373       1
  290     349       1
  290     494       1
  290     541       1
  291     584       1
  294     446       1
  295     481       1
  297     377       1
  297     507       1
  299     528       1
  300     400       1
  301     409       1
  301     588       1
  303     560       1
  304     376       1
  304     456       1
  304     553       1
  305     597       1
  306     344       1
  306     528       1
  307     520       1
  308     365       1
  309     359       1
  309     541       1
  313     407       1
  313     537       1
  314     348       1
  314     589       1
  315     403       1
  315     509       1
  315     512       1
  316     449       1
  317     563       1
  318     398       1
  319     406       1
  320     537       1
  322     469       1
  322     475       1
  322     535       1
  323     556       1
  324     557       1
  325     577       1
  327     460       1
  327     510       1
  329     453       1
  329     547       1
  330     439       1
  332     501       1
  335     480       1
  335     525       1
  335     577       1
  336     417       1
  339     402       1
  339     440       1
  340     415       1
  343     466       1
  344     444       1
  345     476       1
  351     477       1
  351     583       1
  352     442       1
  353     386       1
  353     450       1
  355     395       1
  355     519       1
  356     361       1
  357     459       1
  357     545       1
  358     435       1
  361     484       1
  363     427       1
  363     529       1
  363     582       1
  364     468       1
  366     499       1
  366     515       1
  369     417       1
  369     512       1
  370     424       1
  370     462       1
  370     564       1
  372     513       1
  376     487       1
  377     441       1
  382     429       1
  383     424       1
  384     396       1
  384     524       1
  384     545       1
  386     530       1
  386     563       1
  387     517       1
  387     520       1
  389     545       1
  390     582       1
  392     526       1
  392     600       1
  399     430       1
  399     434       1
  399     564       1
  399     578       1
  400     461       1
  403     424       1
  403     458       1
  405     489       1
  406     463       1
  408     574       1
  412     418       1
  412     449       1
  413     452       1
  415     474       1
  416     428       1
  419     446       1
  420     592       1
  423     514       1
  424     460       1
  425     559       1
  427     577       1
  429     488       1
  431     534       1
  431     564       1
  432     571       1
  432     578       1
  433     509       1
  435     466       1
  435     496       1
  438     465       1
  439     566       1
  442     557       1
  446     569       1
  448     490       1
  449     475       1
  454     479       1
  454     574       1
  457     485       1
  457     491       1
  458     521       1
  461     463       1
  478     536       1
  481     592       1
  482     591       1
  482     600       1
  485     576       1
  485     583       1
  486     559       1
  489     500       1
  494     504       1
  497     580       1
  511     526       1
  513     539       1
  514     532       1
  518     524       1
  519     585       1
  525     554       1
  530     565       1
  535     540       1
  546     570       1
  548     587       1
  556     592       1
  562     566       1
  567     572       1
  568     592       1
  581     592       1
  586     597       1
