  500     533
    1      15       1
    2     240       1
    3     194       1
    3     237       1
    4     321       1
    5      12       1
    6      53       1
    7     111       1
    7     275       1
    8     181       1
    8     247       1
    9      36       1
   10     144       1
   10     305       1
   11     192       1
   12     237       1
   12     417       1
   13     111       1
   13     328       1
   14     182       1
   14     276       1
   15      52       1
   15     162       1
   15     189       1
   15     272       1
   16      78       1
   17     461       1
   18     368       1
   19     363       1
   20     378       1
   21     128       1
   21     173       1
   21     423       1
   22     325       1
   23     365       1
   23     460       1
   24     351       1
   25     230       1
   26     255       1
   26     497       1
   27      87       1
   28     396       1
   29     229       1
   29     261       1
   29     312       1
   29     487       1
   30      57       1
   30     452       1
   31      95       1
   31     121       1
   31     381       1
   31     390       1
   31     403       1
   32     339       1
   33      52       1
   34     113       1
   34     265       1
   34     341       1
   34     451       1
   34     482       1
   35     459       1
   36     300       1
   36     416       1
   37      99       1
   38     432       1
   39     135       1
   39     346       1
   39     446       1
   39     494       1
   40      78       1
   41     390       1
   42     479       1
   43     469       1
   44      51       1
   44      52       1
   44     249       1
   44     298       1
   44     313       1
   44     385       1
   44     485       1
   45     240       1
   45     366       1
   45     453       1
   46     270       1
   47     166       1
   47     170       1
   48     212       1
   49     188       1
   49     286       1
   50      97       1
   51     175       1
   53     187       1
   53     265       1
   54     455       1
   55     134       1
   55     158       1
   56      76       1
   56     380       1
   56     436       1
   57     152       1
   57     187       1
   57     418       1
   57     488       1
   58     183       1
   59     423       1
   60     325       1
   60     422       1
   61     432       1
   62     259       1
   62     315       1
   63     377       1
   64     293       1
   64     311       1
   64     345       1
   65      84       1
   65     467       1
   66      97       1
   66     160       1
   66     239       1
   66     464       1
   67     423       1
   68     134       1
   68     306       1
   69     109       1
   70     280       1
   71      79       1
   71     157       1
   71     404       1
   72     113       1
   72     444       1
   73     283       1
   73     484       1
   74     315       1
   74     337       1
   75     112       1
   75     298       1
   76     481       1
   77     130       1
   77     160       1
   77     248       1
   77     342       1
   77     465       1
   78     252       1
   79     464       1
   79     477       1
   80      97       1
   80     277       1
   81     165       1
   82     414       1
   83     317       1
   83     432       1
   84     239       1
   84     357       1
   84     361       1
   85     157       1
   86     184       1
   87     103       1
   87     293       1
   88     281       1
   88     350       1
   88     460       1
   89     126       1
   89     170       1
   89     274       1
   89     312       1
   89     321       1
   89     378       1
   89     384       1
   90     119       1
   90     256       1
   91     283       1
   92     151       1
   92     201       1
   93     248       1
   94     104       1
   94     274       1
   94     430       1
   96     135       1
   96     140       1
   96     148       1
   96     222       1
   96     287       1
   96     352       1
   96     478       1
   97     170       1
   97     311       1
   97     422       1
   97     440       1
   98     134       1
   99     475       1
  100     196       1
  100     414       1
  101     463       1
  102     349       1
  102     363       1
  103     474       1
  103     484       1
  104     304       1
  105     221       1
  106     140       1
  107     236       1
  108     122       1
  109     311       1
  110     487       1
  111     370       1
  114     439       1
  115     134       1
  115     190       1
  115     194       1
  115     321       1
  115     390       1
  115     447       1
  116     225       1
  117     466       1
  117     489       1
  118     457       1
  120     426       1
  120     496       1
  121     168       1
  121     253       1
  121     498       1
  122     225       1
  122     266       1
  123     198       1
  123     332       1
  123     444       1
  124     485       1
  125     324       1
  125     373       1
  125     393       1
  127     474       1
  129     319       1
  131     239       1
  132     160       1
  132     233       1
  133     163       1
  134     192       1
  134     195       1
  134     212       1
  134     336       1
  134     428       1
  134     480       1
  135     170       1
  135     252       1
  135     278       1
  135     402       1
  135     416       1
  135     448       1
  136     137       1
  137     390       1
  138     427       1
  139     245       1
  139     314       1
  140     182       1
  140     333       1
  140     442       1
  141     152       1
  141     320       1
  141     473       1
  142     280       1
  143     410       1
  144     170       1
  144     215       1
  144     235       1
  144     324       1
  144     409       1
  144     466       1
  145     272       1
  146     279       1
  146     299       1
  147     337       1
  147     473       1
  149     370       1
  150     414       1
  151     210       1
  153     156       1
  154     361       1
  155     243       1
  156     243       1
  156     409       1
  157     318       1
  157     331       1
  158     237       1
  158     314       1
  159     219       1
  159     221       1
  159     283       1
  159     360       1
  160     298       1
  160     325       1
  160     369       1
  160     377       1
  160     420       1
  161     391       1
  161     457       1
  162     402       1
  163     193       1
  164     171       1
  164     462       1
  165     223       1
  165     313       1
  165     344       1
  165     397       1
  165     399       1
  165     490       1
  167     176       1
  167     321       1
  167     497       1
  169     244       1
  170     187       1
  170     247       1
  172     215       1
  172     449       1
  174     451       1
  177     411       1
  178     432       1
  179     186       1
  179     188       1
  180     349       1
  182     225       1
  182     337       1
  182     365       1
  182     481       1
  183     312       1
  184     317       1
  185     358       1
  186     308       1
  187     273       1
  187     301       1
  187     359       1
  187     424       1
  188     236       1
  188     402       1
  189     486       1
  191     453       1
  193     363       1
  193     471       1
  195     214       1
  197     258       1
  197     296       1
  197     337       1
  198     349       1
  199     256       1
  200     238       1
  200     268       1
  200     354       1
  202     481       1
  203     462       1
  204     316       1
  205     247       1
  206     450       1
  207     341       1
  207     488       1
  208     247       1
  208     388       1
  209     247       1
  210     408       1
  210     448       1
  211     432       1
  212     439       1
  213     492       1
  216     485       1
  217     318       1
  218     223       1
  218     329       1
  220     475       1
  221     243       1
  224     274       1
  226     279       1
  227     356       1
  227     500       1
  228     409       1
  229     410       1
  229     427       1
  230     347       1
  231     257       1
  232     303       1
  233     306       1
  234     469       1
  234     478       1
  238     469       1
  240     412       1
  241     246       1
  241     390       1
  242     409       1
  242     442       1
  243     269       1
  243     470       1
  244     271       1
  244     273       1
  244     454       1
  245     421       1
  247     364       1
  247     383       1
  247     423       1
  247     462       1
  247     467       1
  248     302       1
  250     411       1
  251     466       1
  252     270       1
  252     490       1
  254     335       1
  254     461       1
  256     437       1
  256     484       1
  257     352       1
  260     455       1
  262     487       1
  263     376       1
  264     291       1
  264     462       1
  265     429       1
  265     483       1
  266     291       1
  266     367       1
  267     337       1
  270     289       1
  273     301       1
  274     295       1
  274     410       1
  274     426       1
  278     280       1
  279     322       1
  282     423       1
  282     426       1
  284     317       1
  285     347       1
  287     288       1
  287     340       1
  288     330       1
  290     371       1
  291     434       1
  292     459       1
  292     488       1
  294     461       1
  297     308       1
  298     331       1
  299     413       1
  299     490       1
  300     326       1
  301     463       1
  303     323       1
  303     364       1
  304     441       1
  305     438       1
  305     448       1
  306     358       1
  307     317       1
  307     407       1
  308     492       1
  309     353       1
  309     406       1
  310     402       1
  311     314       1
  311     343       1
  311     391       1
  312     415       1
  313     368       1
  315     364       1
  316     378       1
  317     402       1
  319     463       1
  320     408       1
  321     370       1
  322     481       1
  324     472       1
  324     479       1
  327     479       1
  328     339       1
  328     347       1
  328     469       1
  329     362       1
  329     397       1
  332     468       1
  334     371       1
  337     445       1
  337     484       1
  338     398       1
  338     412       1
  340     456       1
  343     476       1
  344     382       1
  348     397       1
  348     404       1
  351     467       1
  352     433       1
  353     386       1
  355     493       1
  361     366       1
  361     392       1
  361     421       1
  363     374       1
  363     422       1
  363     455       1
  364     414       1
  364     489       1
  369     387       1
  369     475       1
  371     490       1
  372     421       1
  373     394       1
  375     468       1
  376     425       1
  376     462       1
  379     450       1
  383     400       1
  384     482       1
  385     495       1
  388     416       1
  389     412       1
  393     458       1
  395     423       1
  396     422       1
  397     401       1
  398     411       1
  402     411       1
  405     422       1
  405     424       1
  406     411       1
  414     443       1
  414     450       1
  416     461       1
  419     490       1
  424     490       1
  431     469       1
  435     466       1
  439     459       1
  455     499       1
  461     468       1
  467     493       1
  480     491       1
  491     500       1
