  600     636
    1     357       1
    2     509       1
    3     115       1
    4     392       1
    5      83       1
    5     516       1
    6     105       1
    6     308       1
    6     568       1
    7      77       1
    7      83       1
    7     481       1
    8      64       1
    9      84       1
    9     519       1
   10     520       1
   11     291       1
   12     310       1
   13     411       1
   13     560       1
   14     349       1
   15     217       1
   15     352       1
   15     452       1
   16     180       1
   16     430       1
   16     556       1
   17     221       1
   17     260       1
   18     185       1
   18     581       1
   19     243       1
   19     335       1
   20     371       1
   21     298       1
   22     343       1
   23     175       1
   23     347       1
   24     394       1
   24     503       1
   24     599       1
   25     216       1
   25     305       1
   25     357       1
   26     111       1
   26     561       1
   27     251       1
   27     426       1
   28     227       1
   28     298       1
   29     109       1
   29     415       1
   30     158       1
   30     288       1
   31     259       1
   31     580       1
   32     266       1
   33     131       1
   34      58       1
   34     273       1
   34     467       1
   35      75       1
   35     328       1
   35     525       1
   36     303       1
   37     386       1
   38     117       1
   39     123       1
   39     179       1
   39     192       1
   39     538       1
   40      66       1
   40     211       1
   40     330       1
   40     527       1
   41     233       1
   42     254       1
   43      95       1
   43     122       1
   43     156       1
   43     231       1
   43     248       1
   44     365       1
   45     454       1
   46     144       1
   46     155       1
   46     204       1
   46     223       1
   46     597       1
   47     242       1
   47     404       1
   48      55       1
   48     225       1
   48     370       1
   48     391       1
   49     456       1
   50     424       1
   50     455       1
   50     543       1
   51     239       1
   52     121       1
   52     341       1
   52     353       1
   52     423       1
   52     494       1
   52     574       1
   53      73       1
   53     400       1
   54      65       1
   54     568       1
   55     236       1
   55     242       1
   55     344       1
   55     498       1
   56     349       1
   57      85       1
   57     163       1
   57     349       1
   57     544       1
   59     187       1
   60     383       1
   60     401       1
   60     520       1
   60     548       1
   60     549       1
   61     486       1
   61     494       1
   62     495       1
   63     584       1
   64     173       1
   64     270       1
   65     273       1
   65     289       1
   65     568       1
   66     205       1
   66     550       1
   67     144       1
   67     152       1
   68      74       1
   68     127       1
   68     271       1
   68     562       1
   69     358       1
   70     234       1
   70     418       1
   71     386       1
   71     479       1
   72     149       1
   73     124       1
   73     125       1
   73     266       1
   73     369       1
   73     428       1
   75     165       1
   76     509       1
   78     558       1
   79     312       1
   80     149       1
   80     200       1
   81     317       1
   82     294       1
   83     114       1
   84     112       1
   84     425       1
   85     280       1
   85     307       1
   85     345       1
   85     357       1
   85     377       1
   85     500       1
   86     171       1
   87     312       1
   87     342       1
   87     443       1
   88     532       1
   89     160       1
   89     187       1
   89     220       1
   90     374       1
   90     433       1
   90     445       1
   90     561       1
   91     556       1
   92     570       1
   93     496       1
   94     440       1
   95     396       1
   95     421       1
   96     149       1
   96     250       1
   97     267       1
   97     471       1
   98     109       1
   98     180       1
   98     197       1
   98     422       1
   98     464       1
   99     291       1
   99     340       1
   99     399       1
  100     243       1
  101     174       1
  102     429       1
  102     496       1
  102     532       1
  103     300       1
  104     363       1
  104     544       1
  106     295       1
  107     538       1
  108     144       1
  108     427       1
  110     381       1
  111     452       1
  112     449       1
  113     272       1
  113     502       1
  115     294       1
  115     298       1
  115     478       1
  116     184       1
  117     518       1
  117     531       1
  118     335       1
  119     357       1
  119     559       1
  120     314       1
  121     142       1
  121     474       1
  121     558       1
  122     212       1
  124     164       1
  124     555       1
  125     315       1
  125     468       1
  126     310       1
  126     550       1
  127     485       1
  127     516       1
  128     147       1
  129     571       1
  130     297       1
  130     563       1
  131     499       1
  132     461       1
  132     562       1
  133     551       1
  134     173       1
  134     348       1
  135     159       1
  135     180       1
  135     198       1
  135     492       1
  135     518       1
  135     588       1
  136     381       1
  137     328       1
  138     148       1
  139     213       1
  139     490       1
  140     377       1
  141     329       1
  142     453       1
  143     422       1
  145     379       1
  145     565       1
  146     180       1
  146     301       1
  146     432       1
  147     298       1
  147     435       1
  148     376       1
  149     183       1
  149     427       1
  149     468       1
  150     329       1
  151     503       1
  153     461       1
  153     492       1
  154     213       1
  155     442       1
  156     364       1
  157     526       1
  159     296       1
  160     389       1
  160     483       1
  161     537       1
  161     579       1
  162     355       1
  163     577       1
  166     493       1
  167     184       1
  168     250       1
  168     403       1
  169     461       1
  169     574       1
  170     256       1
  171     523       1
  172     409       1
  172     420       1
  173     471       1
  174     286       1
  174     429       1
  175     229       1
  175     366       1
  175     494       1
  175     565       1
  176     253       1
  176     254       1
  176     290       1
  176     336       1
  176     471       1
  176     584       1
  177     419       1
  178     528       1
  180     420       1
  180     570       1
  181     263       1
  181     339       1
  181     593       1
  182     509       1
  183     265       1
  184     193       1
  184     438       1
  184     568       1
  185     278       1
  185     502       1
  186     220       1
  186     569       1
  187     306       1
  187     386       1
  187     512       1
  187     551       1
  187     574       1
  188     418       1
  188     568       1
  189     492       1
  190     479       1
  190     557       1
  191     353       1
  191     376       1
  191     590       1
  192     437       1
  192     459       1
  194     329       1
  194     570       1
  195     302       1
  196     457       1
  197     484       1
  199     410       1
  201     213       1
  202     247       1
  203     327       1
  203     396       1
  205     220       1
  206     222       1
  207     561       1
  208     500       1
  209     587       1
  210     496       1
  211     249       1
  213     487       1
  214     413       1
  215     230       1
  215     256       1
  216     429       1
  216     508       1
  218     324       1
  218     332       1
  218     497       1
  218     535       1
  219     251       1
  220     382       1
  220     534       1
  222     556       1
  223     400       1
  224     531       1
  225     260       1
  225     338       1
  226     417       1
  226     528       1
  228     283       1
  228     298       1
  228     434       1
  231     267       1
  231     281       1
  231     515       1
  231     555       1
  232     440       1
  233     334       1
  233     553       1
  235     457       1
  237     422       1
  237     557       1
  238     408       1
  238     452       1
  239     288       1
  239     289       1
  240     395       1
  241     303       1
  242     573       1
  243     276       1
  243     323       1
  244     550       1
  245     445       1
  245     519       1
  246     255       1
  246     354       1
  247     398       1
  247     416       1
  247     506       1
  250     349       1
  250     600       1
  251     317       1
  251     541       1
  251     568       1
  252     589       1
  253     320       1
  253     325       1
  253     358       1
  254     446       1
  255     509       1
  256     328       1
  256     361       1
  256     517       1
  256     521       1
  256     551       1
  257     472       1
  258     579       1
  259     381       1
  260     594       1
  261     357       1
  262     337       1
  262     583       1
  263     287       1
  263     476       1
  263     516       1
  264     328       1
  265     417       1
  266     462       1
  267     340       1
  268     363       1
  268     536       1
  269     482       1
  273     300       1
  273     451       1
  274     558       1
  275     496       1
  275     591       1
  277     402       1
  277     495       1
  278     396       1
  279     343       1
  280     375       1
  281     380       1
  281     507       1
  282     464       1
  284     450       1
  284     592       1
  285     427       1
  287     596       1
  289     491       1
  291     564       1
  292     436       1
  292     523       1
  292     568       1
  293     490       1
  294     302       1
  295     480       1
  295     546       1
  295     555       1
  296     567       1
  298     527       1
  299     362       1
  303     344       1
  304     600       1
  306     376       1
  309     565       1
  311     314       1
  312     445       1
  312     590       1
  313     492       1
  314     471       1
  314     509       1
  314     595       1
  316     362       1
  316     441       1
  318     404       1
  319     478       1
  321     346       1
  321     402       1
  322     334       1
  322     393       1
  324     361       1
  326     593       1
  329     499       1
  329     540       1
  330     554       1
  331     546       1
  332     380       1
  332     501       1
  333     335       1
  333     429       1
  333     457       1
  333     493       1
  335     390       1
  335     487       1
  335     513       1
  337     387       1
  337     455       1
  338     397       1
  340     351       1
  340     409       1
  340     503       1
  340     576       1
  342     363       1
  343     530       1
  345     582       1
  347     565       1
  349     367       1
  349     579       1
  350     416       1
  353     431       1
  353     458       1
  353     534       1
  353     555       1
  353     570       1
  353     582       1
  355     457       1
  356     533       1
  358     427       1
  359     455       1
  359     549       1
  360     372       1
  360     471       1
  361     585       1
  362     475       1
  365     548       1
  366     513       1
  368     371       1
  370     401       1
  370     416       1
  370     526       1
  371     407       1
  371     411       1
  371     551       1
  371     587       1
  373     538       1
  373     551       1
  378     403       1
  380     425       1
  381     402       1
  381     551       1
  381     578       1
  384     436       1
  385     435       1
  386     477       1
  388     593       1
  389     425       1
  392     571       1
  393     401       1
  395     455       1
  395     488       1
  401     490       1
  403     496       1
  405     534       1
  406     513       1
  408     516       1
  410     472       1
  412     488       1
  412     502       1
  413     505       1
  414     420       1
  416     440       1
  416     598       1
  417     456       1
  419     570       1
  422     489       1
  427     570       1
  429     469       1
  429     502       1
  429     538       1
  429     566       1
  432     542       1
  432     558       1
  437     532       1
  438     536       1
  439     582       1
  440     466       1
  441     471       1
  444     454       1
  444     571       1
  444     574       1
  445     447       1
  445     505       1
  445     589       1
  448     484       1
  454     522       1
  454     572       1
  455     502       1
  460     463       1
  463     561       1
  465     524       1
  465     530       1
  469     539       1
  470     555       1
  471     479       1
  471     570       1
  472     516       1
  473     590       1
  474     530       1
  474     586       1
  475     551       1
  479     511       1
  482     533       1
  487     494       1
  490     555       1
  492     529       1
  504     593       1
  509     592       1
  510     570       1
  512     545       1
  514     589       1
  516     527       1
  516     568       1
  517     533       1
  527     538       1
  527     564       1
  527     570       1
  528     552       1
  535     561       1
  536     575       1
  539     547       1
  552     565       1
  563     584       1
  581     590       1
