  700     739
    1      99       1
    1     106       1
    1     370       1
    1     614       1
    2      22       1
    3      19       1
    4     232       1
    5      78       1
    5     430       1
    6     109       1
    7     402       1
    7     667       1
    8     145       1
    9     178       1
   10     147       1
   10     266       1
   10     303       1
   10     566       1
   11     593       1
   12     292       1
   12     367       1
   13     574       1
   14     406       1
   15     160       1
   15     236       1
   15     527       1
   15     601       1
   16     109       1
   17      52       1
   17      95       1
   17     250       1
   17     342       1
   18      79       1
   18     122       1
   18     153       1
   18     564       1
   19      53       1
   20     286       1
   20     309       1
   20     373       1
   20     385       1
   20     581       1
   20     681       1
   21      81       1
   21     413       1
   22     204       1
   23     317       1
   24     164       1
   25     154       1
   25     319       1
   26     686       1
   27     258       1
   28     548       1
   29     362       1
   29     651       1
   30      56       1
   30     266       1
   30     363       1
   30     388       1
   30     666       1
   31     309       1
   32     250       1
   32     402       1
   32     475       1
   33     384       1
   34      72       1
   35     298       1
   35     341       1
   35     417       1
   36     351       1
   36     597       1
   37     233       1
   38     326       1
   38     608       1
   38     698       1
   39     521       1
   39     546       1
   40     425       1
   41     407       1
   42      91       1
   42     231       1
   43     111       1
   44     130       1
   45     304       1
   46     175       1
   46     482       1
   47     348       1
   47     490       1
   48     480       1
   49     334       1
   49     589       1
   50     172       1
   51     164       1
   52      69       1
   52     304       1
   53     539       1
   53     547       1
   54     240       1
   54     365       1
   55     494       1
   55     675       1
   56     320       1
   56     568       1
   57     521       1
   58      95       1
   59     462       1
   59     578       1
   60      70       1
   60     340       1
   61     120       1
   61     123       1
   61     135       1
   62     176       1
   62     223       1
   63     349       1
   63     664       1
   64     543       1
   65     162       1
   65     270       1
   65     297       1
   65     315       1
   65     329       1
   65     376       1
   65     556       1
   66      77       1
   66     227       1
   66     423       1
   67     630       1
   68     495       1
   68     507       1
   69     426       1
   69     574       1
   71     295       1
   72     545       1
   73     208       1
   73     277       1
   73     353       1
   73     447       1
   74     568       1
   75     419       1
   76     645       1
   77     302       1
   77     341       1
   78     194       1
   79      85       1
   79     179       1
   79     187       1
   80     188       1
   81     670       1
   82     522       1
   83     299       1
   83     476       1
   84     119       1
   84     234       1
   84     284       1
   84     340       1
   84     526       1
   86     221       1
   87     236       1
   88     146       1
   89     112       1
   90     297       1
   90     375       1
   91     348       1
   91     540       1
   92     134       1
   92     461       1
   93     181       1
   94     347       1
   96     354       1
   97     298       1
   98     145       1
   98     164       1
   98     676       1
   99     164       1
   99     199       1
  100     120       1
  101     581       1
  102     571       1
  103     171       1
  103     216       1
  104     454       1
  105     247       1
  105     350       1
  105     411       1
  105     575       1
  105     641       1
  106     193       1
  106     232       1
  106     358       1
  106     428       1
  106     497       1
  107     196       1
  107     387       1
  107     616       1
  107     625       1
  108     180       1
  108     414       1
  109     119       1
  109     341       1
  109     421       1
  109     466       1
  109     565       1
  110     187       1
  110     349       1
  110     472       1
  110     699       1
  111     205       1
  111     479       1
  112     381       1
  112     565       1
  113     424       1
  113     569       1
  114     245       1
  115     524       1
  116     185       1
  116     509       1
  117     305       1
  117     421       1
  117     534       1
  118     447       1
  118     605       1
  119     165       1
  119     266       1
  119     604       1
  120     435       1
  120     475       1
  120     674       1
  121     509       1
  121     639       1
  122     129       1
  122     140       1
  122     194       1
  122     247       1
  122     354       1
  122     563       1
  122     565       1
  122     615       1
  123     668       1
  124     432       1
  125     499       1
  126     294       1
  126     361       1
  127     666       1
  128     257       1
  128     339       1
  128     531       1
  128     617       1
  129     221       1
  130     164       1
  131     545       1
  131     646       1
  132     152       1
  132     565       1
  133     580       1
  134     301       1
  135     194       1
  135     214       1
  136     443       1
  137     245       1
  137     470       1
  137     565       1
  138     589       1
  139     385       1
  139     513       1
  139     592       1
  140     427       1
  140     648       1
  141     397       1
  141     620       1
  142     457       1
  143     528       1
  144     605       1
  145     285       1
  145     420       1
  146     213       1
  146     684       1
  148     492       1
  148     550       1
  149     352       1
  149     611       1
  150     188       1
  150     460       1
  151     372       1
  151     502       1
  151     558       1
  153     230       1
  153     468       1
  154     237       1
  154     299       1
  154     385       1
  154     547       1
  154     557       1
  154     619       1
  154     631       1
  155     264       1
  155     637       1
  156     671       1
  157     182       1
  157     350       1
  158     321       1
  158     325       1
  159     364       1
  159     407       1
  159     445       1
  161     437       1
  162     365       1
  162     456       1
  163     677       1
  164     338       1
  164     632       1
  165     577       1
  166     383       1
  166     431       1
  166     565       1
  166     653       1
  167     233       1
  167     589       1
  168     435       1
  169     676       1
  170     207       1
  170     462       1
  171     496       1
  171     535       1
  172     180       1
  173     471       1
  174     438       1
  174     556       1
  176     342       1
  176     455       1
  177     339       1
  178     209       1
  178     424       1
  178     509       1
  178     524       1
  178     545       1
  179     459       1
  180     274       1
  181     411       1
  181     598       1
  182     411       1
  183     308       1
  184     421       1
  185     336       1
  185     482       1
  186     685       1
  188     348       1
  188     586       1
  188     599       1
  189     348       1
  190     260       1
  191     201       1
  191     430       1
  191     678       1
  192     589       1
  194     582       1
  195     317       1
  195     467       1
  196     395       1
  196     590       1
  196     610       1
  197     206       1
  197     510       1
  197     515       1
  198     394       1
  199     224       1
  199     408       1
  200     600       1
  201     380       1
  202     348       1
  203     411       1
  204     205       1
  204     327       1
  204     575       1
  207     390       1
  208     465       1
  210     427       1
  211     345       1
  212     446       1
  212     643       1
  213     350       1
  214     379       1
  214     547       1
  215     646       1
  217     371       1
  217     426       1
  218     579       1
  219     649       1
  220     663       1
  221     406       1
  221     504       1
  222     619       1
  225     495       1
  225     523       1
  226     678       1
  228     682       1
  229     492       1
  231     267       1
  232     279       1
  234     297       1
  234     589       1
  235     663       1
  236     347       1
  236     384       1
  237     271       1
  238     512       1
  239     378       1
  239     576       1
  239     602       1
  241     308       1
  241     369       1
  242     639       1
  243     316       1
  244     565       1
  245     630       1
  245     697       1
  246     445       1
  246     680       1
  247     700       1
  248     595       1
  249     259       1
  249     394       1
  250     279       1
  250     482       1
  250     571       1
  251     403       1
  251     484       1
  251     607       1
  252     285       1
  253     556       1
  254     449       1
  254     601       1
  255     308       1
  255     502       1
  256     293       1
  256     487       1
  256     574       1
  257     457       1
  257     585       1
  258     355       1
  258     432       1
  259     481       1
  260     533       1
  261     652       1
  262     567       1
  263     288       1
  264     283       1
  264     322       1
  264     359       1
  264     565       1
  264     663       1
  265     665       1
  266     397       1
  266     444       1
  266     538       1
  266     607       1
  267     458       1
  268     424       1
  269     323       1
  269     352       1
  269     414       1
  269     533       1
  269     677       1
  270     529       1
  271     382       1
  272     411       1
  272     622       1
  273     413       1
  274     421       1
  275     531       1
  276     606       1
  278     313       1
  279     394       1
  279     493       1
  279     588       1
  279     599       1
  280     559       1
  281     480       1
  282     551       1
  283     312       1
  285     656       1
  287     416       1
  287     508       1
  287     672       1
  288     335       1
  288     383       1
  289     395       1
  290     549       1
  291     375       1
  293     659       1
  294     643       1
  295     535       1
  296     646       1
  297     367       1
  297     447       1
  297     512       1
  297     608       1
  300     649       1
  301     472       1
  301     496       1
  303     404       1
  303     672       1
  305     577       1
  306     526       1
  307     415       1
  308     340       1
  308     343       1
  308     453       1
  308     673       1
  309     312       1
  309     519       1
  310     437       1
  310     609       1
  311     624       1
  311     627       1
  313     390       1
  313     547       1
  314     499       1
  314     502       1
  314     518       1
  315     324       1
  315     401       1
  316     586       1
  317     567       1
  318     690       1
  325     492       1
  327     390       1
  327     429       1
  327     506       1
  327     530       1
  328     355       1
  328     454       1
  328     545       1
  328     641       1
  329     361       1
  330     492       1
  331     462       1
  332     338       1
  332     378       1
  333     618       1
  333     681       1
  337     638       1
  338     351       1
  338     512       1
  338     623       1
  340     469       1
  340     600       1
  341     533       1
  341     603       1
  344     657       1
  345     350       1
  346     686       1
  348     413       1
  349     694       1
  350     374       1
  351     389       1
  351     514       1
  352     696       1
  355     661       1
  356     677       1
  357     395       1
  358     392       1
  359     442       1
  360     517       1
  361     599       1
  362     376       1
  362     573       1
  363     406       1
  364     410       1
  365     684       1
  365     691       1
  366     606       1
  367     593       1
  368     698       1
  369     592       1
  371     532       1
  373     400       1
  374     486       1
  376     377       1
  376     480       1
  376     560       1
  380     684       1
  383     665       1
  385     493       1
  385     499       1
  385     617       1
  386     517       1
  386     638       1
  389     471       1
  389     696       1
  390     491       1
  391     461       1
  393     439       1
  394     447       1
  394     478       1
  394     553       1
  395     447       1
  396     533       1
  398     698       1
  399     617       1
  400     525       1
  402     500       1
  402     692       1
  405     480       1
  405     498       1
  405     580       1
  409     501       1
  411     452       1
  412     527       1
  414     448       1
  414     683       1
  415     678       1
  416     447       1
  417     442       1
  418     497       1
  419     466       1
  421     426       1
  421     477       1
  421     485       1
  421     636       1
  421     670       1
  422     543       1
  425     697       1
  426     654       1
  427     687       1
  427     695       1
  428     595       1
  432     440       1
  432     475       1
  432     612       1
  432     652       1
  433     454       1
  433     695       1
  434     447       1
  436     547       1
  436     682       1
  437     639       1
  438     452       1
  439     696       1
  440     441       1
  443     579       1
  445     527       1
  445     537       1
  450     663       1
  451     605       1
  455     661       1
  458     557       1
  461     584       1
  462     689       1
  463     616       1
  464     568       1
  466     516       1
  473     542       1
  474     491       1
  474     520       1
  475     559       1
  476     647       1
  477     635       1
  477     650       1
  480     528       1
  482     596       1
  482     645       1
  483     641       1
  484     501       1
  488     554       1
  489     619       1
  489     644       1
  492     579       1
  493     579       1
  494     578       1
  494     624       1
  494     677       1
  495     513       1
  496     542       1
  496     543       1
  496     586       1
  496     694       1
  503     545       1
  505     658       1
  507     591       1
  507     681       1
  510     685       1
  511     628       1
  511     645       1
  511     680       1
  514     685       1
  516     572       1
  521     678       1
  522     641       1
  522     642       1
  523     527       1
  525     555       1
  527     574       1
  527     584       1
  527     655       1
  533     601       1
  536     579       1
  541     589       1
  542     629       1
  544     601       1
  548     611       1
  549     649       1
  551     619       1
  552     634       1
  554     557       1
  557     562       1
  557     638       1
  557     639       1
  560     640       1
  560     679       1
  561     597       1
  561     619       1
  563     567       1
  565     587       1
  570     674       1
  571     662       1
  578     660       1
  579     626       1
  582     634       1
  583     693       1
  584     680       1
  588     657       1
  590     658       1
  594     672       1
  599     678       1
  604     643       1
  606     649       1
  606     678       1
  613     674       1
  621     700       1
  623     671       1
  630     669       1
  633     688       1
  641     693       1
  644     677       1
  649     686       1
  651     657       1
  666     690       1
  684     688       1
