   50      61
    1      25       1
    1      28       1
    1      49       1
    2      14       1
    2      21       1
    2      33       1
    3      12       1
    3      20       1
    4      17       1
    4      19       1
    4      26       1
    4      35       1
    4      38       1
    4      42       1
    5       9       1
    5      42       1
    6       8       1
    6      35       1
    6      50       1
    7      28       1
    7      40       1
   10      26       1
   11      22       1
   11      24       1
   11      30       1
   11      35       1
   11      37       1
   12      26       1
   12      30       1
   13      23       1
   15      42       1
   15      46       1
   16      22       1
   16      48       1
   17      29       1
   17      33       1
   18      29       1
   19      22       1
   20      22       1
   21      28       1
   22      39       1
   23      31       1
   23      41       1
   24      35       1
   25      34       1
   25      45       1
   26      27       1
   26      34       1
   27      29       1
   29      47       1
   31      40       1
   31      48       1
   32      34       1
   32      45       1
   34      40       1
   34      41       1
   36      37       1
   40      48       1
   42      44       1
   42      45       1
   43      49       1
