  300     326
    1     122       1
    1     232       1
    2     265       1
    3      66       1
    3     151       1
    3     273       1
    4      82       1
    5      80       1
    6     107       1
    6     121       1
    7      90       1
    8      65       1
    8     286       1
    9     105       1
    9     203       1
    9     210       1
   10     118       1
   11     243       1
   11     263       1
   12      82       1
   12     141       1
   12     231       1
   13      62       1
   13     297       1
   14     183       1
   14     296       1
   15     161       1
   16      66       1
   16      84       1
   16     124       1
   16     159       1
   16     230       1
   16     247       1
   17      88       1
   18      33       1
   18     158       1
   19     212       1
   20      51       1
   20     161       1
   21     132       1
   21     265       1
   22     270       1
   23     106       1
   23     147       1
   23     245       1
   23     260       1
   24     191       1
   25     214       1
   25     232       1
   25     237       1
   26      92       1
   27      61       1
   27     164       1
   28     171       1
   29     122       1
   29     155       1
   30     291       1
   31      64       1
   31      85       1
   31     158       1
   31     252       1
   31     259       1
   32     112       1
   33     135       1
   33     207       1
   33     249       1
   34     235       1
   34     287       1
   35     268       1
   36     254       1
   37     143       1
   37     215       1
   37     273       1
   38      95       1
   38     117       1
   39     265       1
   40      48       1
   40     119       1
   41     192       1
   42     178       1
   43      81       1
   43     211       1
   43     274       1
   44      46       1
   44     107       1
   45      77       1
   45     235       1
   46     263       1
   47     107       1
   48     255       1
   49     284       1
   49     295       1
   50     204       1
   50     282       1
   51     158       1
   52     119       1
   53     185       1
   53     201       1
   54     130       1
   55     101       1
   55     257       1
   56     110       1
   56     233       1
   57      81       1
   58     238       1
   59     102       1
   59     267       1
   60     172       1
   60     177       1
   60     238       1
   61     154       1
   61     193       1
   61     229       1
   61     254       1
   61     264       1
   62      71       1
   62     123       1
   62     133       1
   62     136       1
   62     199       1
   63     212       1
   65      81       1
   65     108       1
   65     160       1
   65     167       1
   65     248       1
   67      80       1
   67      81       1
   67     238       1
   67     262       1
   68     102       1
   68     253       1
   68     292       1
   69     218       1
   70      74       1
   70     138       1
   70     254       1
   72     266       1
   72     270       1
   73     131       1
   75     195       1
   76     147       1
   77      81       1
   77     132       1
   77     255       1
   77     272       1
   78     191       1
   79     221       1
   79     272       1
   80     130       1
   80     235       1
   81     100       1
   81     118       1
   81     147       1
   81     155       1
   81     207       1
   81     234       1
   81     235       1
   81     237       1
   81     278       1
   81     285       1
   81     300       1
   82     131       1
   82     137       1
   82     212       1
   82     289       1
   82     291       1
   83     156       1
   84     196       1
   84     228       1
   84     229       1
   86     167       1
   87     160       1
   87     219       1
   88     192       1
   89     167       1
   90     116       1
   90     188       1
   90     226       1
   90     251       1
   91     173       1
   91     278       1
   92     200       1
   92     226       1
   93     263       1
   94     228       1
   96     196       1
   97     165       1
   97     250       1
   98     169       1
   98     291       1
   99     213       1
  101     166       1
  101     254       1
  103     175       1
  104     216       1
  104     290       1
  107     164       1
  107     188       1
  107     215       1
  109     168       1
  109     192       1
  110     258       1
  110     272       1
  111     145       1
  111     253       1
  112     234       1
  113     295       1
  114     291       1
  115     270       1
  117     171       1
  118     139       1
  118     227       1
  118     236       1
  120     184       1
  122     194       1
  122     250       1
  123     158       1
  123     253       1
  123     279       1
  123     281       1
  125     130       1
  126     172       1
  127     208       1
  127     255       1
  128     148       1
  128     150       1
  128     234       1
  129     157       1
  129     181       1
  129     223       1
  134     185       1
  136     179       1
  140     243       1
  142     266       1
  144     253       1
  145     250       1
  146     148       1
  147     187       1
  147     213       1
  148     153       1
  148     206       1
  149     281       1
  152     175       1
  152     278       1
  153     246       1
  154     174       1
  154     299       1
  155     156       1
  155     250       1
  157     213       1
  161     216       1
  161     218       1
  161     261       1
  162     202       1
  162     226       1
  163     294       1
  170     186       1
  170     215       1
  171     217       1
  171     298       1
  174     253       1
  174     294       1
  175     244       1
  176     270       1
  177     182       1
  178     228       1
  180     264       1
  183     234       1
  184     215       1
  186     263       1
  187     189       1
  187     292       1
  188     200       1
  190     194       1
  190     241       1
  191     285       1
  192     272       1
  194     269       1
  194     286       1
  195     255       1
  196     261       1
  196     267       1
  197     298       1
  198     263       1
  201     250       1
  202     299       1
  203     213       1
  204     207       1
  204     222       1
  204     224       1
  204     283       1
  204     290       1
  205     263       1
  205     279       1
  206     254       1
  207     275       1
  207     298       1
  209     233       1
  210     225       1
  210     239       1
  211     260       1
  213     270       1
  215     255       1
  220     288       1
  226     272       1
  232     260       1
  232     282       1
  235     271       1
  237     247       1
  237     276       1
  239     255       1
  240     278       1
  242     257       1
  247     293       1
  253     285       1
  256     272       1
  267     281       1
  268     269       1
  268     281       1
  270     280       1
  272     291       1
  277     286       1
  282     285       1
  288     294       1
  295     297       1
