  800     842
    1     649       1
    1     704       1
    2     636       1
    3      79       1
    4     107       1
    5     140       1
    6     576       1
    6     710       1
    7     265       1
    7     486       1
    7     511       1
    7     680       1
    8      10       1
    8      99       1
    8     150       1
    8     176       1
    8     232       1
    8     446       1
    8     527       1
    8     593       1
    8     622       1
    8     632       1
    9     199       1
   10     183       1
   10     224       1
   10     279       1
   10     369       1
   10     459       1
   10     475       1
   10     635       1
   11      64       1
   11     479       1
   12     453       1
   13      47       1
   14     446       1
   15     499       1
   15     718       1
   16     110       1
   16     534       1
   17     184       1
   17     413       1
   17     578       1
   18     303       1
   18     711       1
   18     735       1
   19     473       1
   20      78       1
   21     618       1
   22     278       1
   23     357       1
   23     747       1
   24      69       1
   24     669       1
   24     753       1
   25     316       1
   25     788       1
   26     605       1
   27     450       1
   28     388       1
   28     394       1
   28     488       1
   29      96       1
   29     663       1
   30     193       1
   30     369       1
   30     437       1
   30     747       1
   31     288       1
   31     793       1
   32     250       1
   32     289       1
   32     372       1
   33      93       1
   33     731       1
   34     517       1
   35     693       1
   36     796       1
   37     176       1
   38     438       1
   38     587       1
   39     103       1
   40     108       1
   40     458       1
   40     515       1
   41     456       1
   41     609       1
   41     762       1
   42     480       1
   42     662       1
   42     785       1
   43     511       1
   44     487       1
   45     193       1
   45     671       1
   45     677       1
   46     272       1
   47     122       1
   47     289       1
   47     561       1
   47     718       1
   48     593       1
   48     758       1
   49     436       1
   50     102       1
   50     525       1
   50     770       1
   51     342       1
   51     609       1
   52     169       1
   53     517       1
   54     244       1
   54     457       1
   54     570       1
   55     317       1
   56     136       1
   56     595       1
   57     420       1
   58     120       1
   58     771       1
   59     252       1
   60     277       1
   60     798       1
   61     134       1
   61     720       1
   61     727       1
   61     761       1
   62     472       1
   62     526       1
   63     105       1
   63     277       1
   63     314       1
   64     696       1
   65     156       1
   65     396       1
   65     434       1
   66     790       1
   67     540       1
   67     688       1
   68     465       1
   68     660       1
   70     181       1
   70     352       1
   71     310       1
   71     670       1
   72     214       1
   72     345       1
   72     462       1
   72     661       1
   72     755       1
   73      80       1
   73     116       1
   73     161       1
   73     308       1
   73     655       1
   74     113       1
   74     698       1
   75     519       1
   76     413       1
   77     228       1
   78     237       1
   79     311       1
   79     612       1
   79     626       1
   80     267       1
   80     435       1
   81     520       1
   81     560       1
   82     196       1
   82     599       1
   82     792       1
   83     716       1
   84     342       1
   85     149       1
   86     212       1
   86     220       1
   86     535       1
   87     169       1
   88     222       1
   88     389       1
   88     689       1
   89     567       1
   90     146       1
   90     148       1
   90     436       1
   91     651       1
   92     264       1
   93     192       1
   93     338       1
   93     638       1
   94     549       1
   95     777       1
   96     405       1
   96     698       1
   97     298       1
   98     583       1
   99     764       1
  100     375       1
  101     150       1
  101     351       1
  103     392       1
  104     698       1
  106     209       1
  106     452       1
  107     324       1
  107     413       1
  108     207       1
  109     386       1
  109     444       1
  109     644       1
  109     659       1
  110     211       1
  110     242       1
  110     690       1
  111     453       1
  112     414       1
  113     146       1
  114     739       1
  115     436       1
  115     591       1
  115     721       1
  116     168       1
  117     467       1
  118     538       1
  119     352       1
  120     287       1
  120     294       1
  120     369       1
  120     647       1
  120     648       1
  120     695       1
  120     783       1
  121     515       1
  123     438       1
  124     144       1
  124     450       1
  124     525       1
  124     610       1
  124     713       1
  125     279       1
  126     342       1
  126     631       1
  126     633       1
  126     686       1
  126     712       1
  127     444       1
  128     711       1
  129     307       1
  130     574       1
  131     353       1
  132     699       1
  133     698       1
  134     189       1
  134     263       1
  134     599       1
  134     776       1
  135     324       1
  135     592       1
  136     641       1
  136     794       1
  137     476       1
  137     604       1
  138     210       1
  138     791       1
  139     171       1
  140     341       1
  140     422       1
  141     623       1
  142     664       1
  143     585       1
  145     217       1
  146     446       1
  147     473       1
  149     491       1
  149     536       1
  151     215       1
  152     228       1
  152     511       1
  153     263       1
  154     494       1
  155     396       1
  156     165       1
  156     254       1
  156     418       1
  156     538       1
  156     565       1
  157     298       1
  158     262       1
  158     648       1
  159     193       1
  160     191       1
  160     532       1
  160     643       1
  162     321       1
  162     470       1
  163     755       1
  164     284       1
  165     387       1
  166     193       1
  166     441       1
  166     496       1
  166     602       1
  166     678       1
  167     750       1
  168     510       1
  168     741       1
  169     313       1
  169     434       1
  170     524       1
  170     622       1
  171     238       1
  171     333       1
  172     311       1
  172     641       1
  172     760       1
  173     277       1
  173     584       1
  174     489       1
  174     654       1
  175     181       1
  175     446       1
  175     720       1
  176     491       1
  176     653       1
  177     605       1
  178     542       1
  179     292       1
  179     444       1
  180     229       1
  182     477       1
  183     212       1
  183     696       1
  183     705       1
  184     775       1
  185     264       1
  185     390       1
  185     466       1
  185     547       1
  185     628       1
  186     313       1
  186     478       1
  187     576       1
  188     261       1
  189     196       1
  190     313       1
  190     439       1
  190     603       1
  192     293       1
  193     564       1
  193     728       1
  193     797       1
  194     653       1
  195     438       1
  196     354       1
  197     239       1
  197     357       1
  198     538       1
  199     226       1
  200     258       1
  201     755       1
  202     281       1
  202     648       1
  203     313       1
  204     281       1
  205     374       1
  206     436       1
  208     411       1
  209     615       1
  209     731       1
  210     377       1
  212     217       1
  212     277       1
  212     415       1
  212     468       1
  213     300       1
  213     301       1
  214     332       1
  215     447       1
  215     693       1
  216     462       1
  217     473       1
  218     573       1
  218     634       1
  219     546       1
  219     590       1
  221     446       1
  223     721       1
  225     376       1
  225     469       1
  225     576       1
  225     733       1
  226     657       1
  226     695       1
  227     300       1
  227     488       1
  229     241       1
  229     573       1
  229     582       1
  230     289       1
  231     509       1
  231     523       1
  231     748       1
  232     378       1
  232     662       1
  233     276       1
  233     404       1
  233     627       1
  234     710       1
  235     625       1
  236     763       1
  237     693       1
  238     668       1
  239     432       1
  239     454       1
  240     698       1
  242     305       1
  243     350       1
  243     537       1
  243     791       1
  244     642       1
  245     718       1
  246     559       1
  246     724       1
  247     397       1
  247     616       1
  248     448       1
  249     651       1
  251     446       1
  252     334       1
  253     354       1
  255     643       1
  256     643       1
  257     761       1
  258     650       1
  259     611       1
  259     772       1
  260     459       1
  261     488       1
  261     544       1
  262     412       1
  262     678       1
  264     401       1
  264     539       1
  264     542       1
  264     667       1
  266     416       1
  268     485       1
  269     684       1
  270     527       1
  270     563       1
  270     623       1
  271     361       1
  271     410       1
  271     489       1
  271     701       1
  272     330       1
  273     451       1
  273     643       1
  274     672       1
  275     279       1
  276     767       1
  277     523       1
  278     347       1
  278     637       1
  278     658       1
  278     668       1
  279     306       1
  279     494       1
  279     579       1
  279     633       1
  280     510       1
  282     411       1
  283     384       1
  284     317       1
  284     368       1
  284     444       1
  284     630       1
  285     420       1
  286     450       1
  286     639       1
  288     527       1
  289     302       1
  289     641       1
  290     313       1
  290     417       1
  291     309       1
  291     646       1
  291     703       1
  295     718       1
  296     411       1
  297     342       1
  298     576       1
  299     431       1
  300     333       1
  300     518       1
  300     587       1
  300     695       1
  301     609       1
  301     797       1
  302     750       1
  303     759       1
  304     641       1
  305     423       1
  306     464       1
  307     348       1
  307     512       1
  310     432       1
  310     473       1
  311     344       1
  312     762       1
  313     369       1
  313     738       1
  315     505       1
  316     325       1
  317     336       1
  317     751       1
  318     447       1
  319     420       1
  320     455       1
  320     473       1
  322     569       1
  323     508       1
  323     543       1
  324     406       1
  324     719       1
  324     756       1
  326     622       1
  327     460       1
  327     724       1
  328     557       1
  329     426       1
  329     693       1
  330     331       1
  330     413       1
  332     497       1
  333     503       1
  333     563       1
  333     676       1
  333     704       1
  334     524       1
  335     794       1
  336     345       1
  336     706       1
  337     710       1
  339     653       1
  340     503       1
  340     750       1
  342     638       1
  343     750       1
  344     556       1
  345     531       1
  345     695       1
  346     513       1
  346     632       1
  349     683       1
  350     741       1
  351     589       1
  353     446       1
  353     576       1
  353     672       1
  354     397       1
  355     783       1
  356     618       1
  358     607       1
  358     734       1
  359     720       1
  360     468       1
  361     471       1
  361     505       1
  362     672       1
  362     682       1
  363     726       1
  364     688       1
  364     749       1
  365     466       1
  366     625       1
  367     472       1
  367     577       1
  369     511       1
  370     425       1
  370     555       1
  371     755       1
  373     610       1
  373     652       1
  374     720       1
  375     557       1
  375     684       1
  377     664       1
  379     536       1
  380     498       1
  381     574       1
  381     617       1
  382     616       1
  383     480       1
  384     679       1
  385     438       1
  385     467       1
  388     564       1
  388     773       1
  391     569       1
  391     624       1
  391     656       1
  391     659       1
  391     726       1
  391     760       1
  392     714       1
  392     794       1
  393     461       1
  393     518       1
  393     682       1
  395     506       1
  395     574       1
  395     653       1
  396     708       1
  397     546       1
  398     413       1
  398     678       1
  398     720       1
  398     770       1
  399     711       1
  400     401       1
  402     719       1
  403     433       1
  403     577       1
  406     666       1
  407     422       1
  407     516       1
  408     739       1
  409     643       1
  409     749       1
  411     664       1
  412     466       1
  412     679       1
  413     482       1
  413     609       1
  414     473       1
  415     515       1
  415     625       1
  416     591       1
  416     611       1
  419     745       1
  420     552       1
  420     785       1
  421     703       1
  422     573       1
  424     538       1
  425     756       1
  427     622       1
  428     488       1
  429     598       1
  430     643       1
  431     716       1
  433     726       1
  434     548       1
  434     697       1
  434     698       1
  437     455       1
  437     562       1
  438     446       1
  438     646       1
  438     655       1
  439     781       1
  440     663       1
  441     614       1
  442     603       1
  443     503       1
  445     665       1
  445     694       1
  446     641       1
  446     679       1
  446     711       1
  447     691       1
  447     766       1
  448     528       1
  448     636       1
  448     660       1
  448     662       1
  448     722       1
  449     607       1
  453     718       1
  454     551       1
  458     740       1
  459     489       1
  459     627       1
  462     535       1
  463     729       1
  470     585       1
  472     768       1
  472     776       1
  473     557       1
  473     571       1
  473     604       1
  473     743       1
  474     614       1
  474     707       1
  477     783       1
  478     495       1
  478     520       1
  479     488       1
  480     581       1
  481     586       1
  481     641       1
  481     643       1
  482     575       1
  482     786       1
  483     725       1
  483     736       1
  484     636       1
  485     696       1
  487     591       1
  488     716       1
  489     519       1
  490     716       1
  491     681       1
  492     638       1
  492     695       1
  493     597       1
  493     624       1
  494     554       1
  498     682       1
  498     742       1
  500     776       1
  501     679       1
  502     786       1
  504     572       1
  504     655       1
  504     740       1
  507     606       1
  508     545       1
  511     689       1
  512     529       1
  512     641       1
  512     739       1
  514     724       1
  514     737       1
  515     575       1
  517     787       1
  521     679       1
  521     741       1
  522     588       1
  522     686       1
  525     598       1
  527     724       1
  527     788       1
  529     692       1
  530     696       1
  533     710       1
  534     784       1
  536     782       1
  540     732       1
  541     760       1
  545     679       1
  546     609       1
  549     720       1
  550     793       1
  553     640       1
  553     648       1
  554     559       1
  555     700       1
  558     666       1
  559     649       1
  561     779       1
  566     694       1
  567     647       1
  568     795       1
  569     777       1
  570     610       1
  573     662       1
  573     790       1
  574     613       1
  580     654       1
  580     722       1
  583     717       1
  583     791       1
  585     700       1
  585     738       1
  585     757       1
  586     606       1
  589     609       1
  594     764       1
  596     770       1
  598     791       1
  600     782       1
  601     626       1
  603     664       1
  604     796       1
  605     760       1
  607     711       1
  608     681       1
  609     690       1
  609     695       1
  609     799       1
  610     687       1
  613     709       1
  615     652       1
  616     635       1
  617     768       1
  618     786       1
  619     787       1
  620     776       1
  621     721       1
  624     650       1
  624     683       1
  629     659       1
  631     642       1
  635     715       1
  635     766       1
  638     744       1
  641     765       1
  645     719       1
  651     720       1
  655     786       1
  658     738       1
  662     723       1
  665     669       1
  665     741       1
  672     699       1
  672     778       1
  673     757       1
  674     698       1
  675     703       1
  682     745       1
  685     723       1
  688     788       1
  691     702       1
  693     774       1
  695     736       1
  704     795       1
  706     800       1
  707     762       1
  713     736       1
  718     784       1
  727     754       1
  729     730       1
  729     785       1
  738     741       1
  738     787       1
  746     783       1
  752     765       1
  763     795       1
  769     788       1
  775     789       1
  780     785       1
