  300     326
    1      81       1
    1      88       1
    2     235       1
    3      11       1
    3     126       1
    3     140       1
    3     202       1
    3     236       1
    3     259       1
    3     266       1
    4      14       1
    4      16       1
    4      43       1
    4      70       1
    4      90       1
    4     220       1
    5      47       1
    5     231       1
    5     266       1
    6     298       1
    7      39       1
    7     124       1
    7     173       1
    7     220       1
    7     255       1
    8      72       1
    9     130       1
    9     199       1
   10     104       1
   10     151       1
   11      73       1
   11     109       1
   11     134       1
   11     185       1
   12      67       1
   12     110       1
   12     218       1
   13      21       1
   13     133       1
   13     243       1
   14      26       1
   14     159       1
   15      99       1
   17      90       1
   17     164       1
   18      71       1
   18      85       1
   18     138       1
   19     247       1
   20      67       1
   20     121       1
   20     298       1
   21     252       1
   21     264       1
   22      59       1
   23      99       1
   23     217       1
   24     117       1
   24     204       1
   24     253       1
   24     265       1
   25     111       1
   25     132       1
   26     143       1
   26     250       1
   27      52       1
   27     187       1
   27     209       1
   28     107       1
   28     132       1
   28     148       1
   28     172       1
   28     183       1
   28     248       1
   29     283       1
   30     199       1
   31     134       1
   32      53       1
   33     106       1
   33     247       1
   33     296       1
   34     263       1
   35      86       1
   36     103       1
   36     238       1
   36     268       1
   37     263       1
   38      60       1
   38     100       1
   38     292       1
   39      91       1
   39     130       1
   39     199       1
   39     243       1
   40     224       1
   41     187       1
   42     220       1
   43     289       1
   43     297       1
   44     271       1
   45      68       1
   45      90       1
   45     135       1
   45     167       1
   46     287       1
   48     126       1
   48     201       1
   49     189       1
   50     208       1
   51     272       1
   52      75       1
   52     112       1
   52     178       1
   52     232       1
   52     299       1
   53     120       1
   54     153       1
   55     230       1
   55     266       1
   56     106       1
   57     253       1
   58      71       1
   59      79       1
   59     160       1
   59     267       1
   60     102       1
   60     274       1
   61      69       1
   61     292       1
   62     202       1
   62     249       1
   63     131       1
   63     140       1
   64      68       1
   64     120       1
   65     275       1
   66     120       1
   66     140       1
   67     122       1
   68     275       1
   69     198       1
   70      76       1
   70     234       1
   70     241       1
   72     129       1
   74      77       1
   74      98       1
   75      91       1
   77     105       1
   77     210       1
   77     293       1
   78     127       1
   80     183       1
   81     111       1
   81     148       1
   81     250       1
   82     222       1
   83     260       1
   84     156       1
   85     127       1
   86     100       1
   86     213       1
   87     105       1
   87     125       1
   88     168       1
   89     187       1
   90     123       1
   90     272       1
   91     145       1
   91     176       1
   92      94       1
   92     161       1
   92     254       1
   93     162       1
   93     235       1
   95     175       1
   95     249       1
   96     262       1
   97     101       1
   97     138       1
   97     211       1
   97     215       1
   98     108       1
   98     237       1
   99     264       1
  100     191       1
  103     285       1
  104     139       1
  105     194       1
  105     279       1
  106     244       1
  109     116       1
  109     208       1
  112     270       1
  113     231       1
  113     265       1
  114     134       1
  114     233       1
  115     181       1
  116     273       1
  117     229       1
  118     213       1
  119     243       1
  119     258       1
  122     221       1
  123     251       1
  123     272       1
  125     126       1
  125     285       1
  126     178       1
  126     180       1
  127     171       1
  127     230       1
  128     155       1
  128     219       1
  129     203       1
  129     220       1
  130     182       1
  130     239       1
  130     292       1
  131     277       1
  132     147       1
  132     166       1
  132     296       1
  133     222       1
  133     256       1
  134     189       1
  134     242       1
  135     154       1
  136     173       1
  136     260       1
  137     157       1
  137     271       1
  139     144       1
  139     178       1
  139     295       1
  140     171       1
  140     291       1
  140     293       1
  141     171       1
  141     214       1
  142     294       1
  145     196       1
  146     300       1
  149     171       1
  150     163       1
  152     158       1
  153     293       1
  155     179       1
  156     257       1
  156     268       1
  157     165       1
  157     243       1
  158     244       1
  163     171       1
  165     174       1
  166     177       1
  168     295       1
  169     235       1
  170     284       1
  171     184       1
  171     195       1
  171     220       1
  171     233       1
  172     213       1
  172     267       1
  173     254       1
  173     287       1
  181     263       1
  183     203       1
  185     217       1
  185     294       1
  186     226       1
  188     295       1
  189     218       1
  190     244       1
  190     251       1
  192     266       1
  193     249       1
  197     275       1
  197     282       1
  199     288       1
  200     241       1
  201     207       1
  202     228       1
  204     227       1
  204     283       1
  205     212       1
  206     296       1
  207     234       1
  211     293       1
  212     220       1
  212     277       1
  215     223       1
  215     295       1
  216     254       1
  218     284       1
  218     291       1
  219     262       1
  219     291       1
  222     280       1
  224     234       1
  225     291       1
  226     272       1
  226     280       1
  234     240       1
  235     291       1
  236     274       1
  243     261       1
  245     286       1
  246     268       1
  250     286       1
  254     268       1
  254     276       1
  261     277       1
  263     276       1
  265     278       1
  265     290       1
  265     292       1
  269     293       1
  273     287       1
  275     281       1
  280     289       1
  292     300       1
  293     296       1
  296     298       1
