  800     842
    1     537       1
    2     584       1
    2     712       1
    2     723       1
    3     119       1
    3     151       1
    3     248       1
    3     434       1
    3     513       1
    3     632       1
    4     158       1
    4     703       1
    5     145       1
    6     536       1
    7     509       1
    8      30       1
    9      28       1
    9      71       1
    9     200       1
    9     583       1
    9     676       1
   10     113       1
   10     138       1
   10     590       1
   11     337       1
   12     413       1
   12     680       1
   13     180       1
   13     355       1
   13     440       1
   13     678       1
   14     556       1
   15      78       1
   16     242       1
   16     277       1
   16     563       1
   16     565       1
   17      36       1
   17     386       1
   18     262       1
   18     351       1
   19     116       1
   20     301       1
   20     401       1
   20     761       1
   21      48       1
   21     525       1
   22     387       1
   23     601       1
   24     169       1
   24     650       1
   25     133       1
   25     536       1
   26      65       1
   26      77       1
   26     179       1
   26     702       1
   27     344       1
   29     213       1
   29     264       1
   29     273       1
   29     342       1
   29     511       1
   29     603       1
   30     253       1
   30     365       1
   31     163       1
   32     408       1
   32     736       1
   33     163       1
   34     159       1
   34     710       1
   35     180       1
   35     377       1
   35     568       1
   37     164       1
   37     325       1
   37     500       1
   37     549       1
   38     122       1
   38     536       1
   39      94       1
   39     645       1
   40     140       1
   40     560       1
   41      54       1
   41      99       1
   41     743       1
   42     310       1
   43     110       1
   43     287       1
   44     130       1
   45     428       1
   46     324       1
   46     376       1
   47      52       1
   48     432       1
   48     635       1
   49     772       1
   50     232       1
   50     270       1
   50     563       1
   51     360       1
   52     178       1
   52     397       1
   52     486       1
   52     737       1
   53     298       1
   53     375       1
   53     694       1
   54     248       1
   55     186       1
   55     374       1
   55     553       1
   56     157       1
   57     399       1
   58     385       1
   58     769       1
   59     527       1
   60     213       1
   61     555       1
   61     666       1
   62      80       1
   62     300       1
   63     370       1
   63     537       1
   63     587       1
   63     796       1
   64     146       1
   64     335       1
   66     307       1
   67     275       1
   67     488       1
   67     785       1
   68     708       1
   69     183       1
   70     650       1
   71      87       1
   71     509       1
   71     610       1
   72     411       1
   72     694       1
   73     280       1
   73     485       1
   74     275       1
   74     561       1
   75     217       1
   75     504       1
   76     360       1
   77     538       1
   77     704       1
   78     356       1
   78     702       1
   78     795       1
   79     797       1
   80     477       1
   81     144       1
   81     169       1
   81     548       1
   82     682       1
   83     764       1
   84     254       1
   85     193       1
   85     379       1
   86     394       1
   87     208       1
   88     114       1
   88     239       1
   88     280       1
   88     506       1
   89     326       1
   89     622       1
   90     320       1
   91     215       1
   91     285       1
   91     337       1
   92     770       1
   93     142       1
   93     217       1
   95     311       1
   95     546       1
   96     233       1
   96     441       1
   96     738       1
   96     769       1
   97     301       1
   97     345       1
   97     400       1
   98     233       1
   98     439       1
   98     613       1
   98     643       1
   99     284       1
  100     154       1
  100     594       1
  101     324       1
  101     395       1
  101     669       1
  102     159       1
  102     218       1
  102     752       1
  103     107       1
  103     438       1
  104     292       1
  104     480       1
  105     129       1
  106     439       1
  107     584       1
  108     123       1
  108     444       1
  108     577       1
  109     505       1
  109     519       1
  111     527       1
  111     740       1
  112     233       1
  112     708       1
  115     186       1
  115     459       1
  116     206       1
  117     280       1
  117     327       1
  118     261       1
  118     280       1
  118     655       1
  119     661       1
  120     295       1
  121     279       1
  121     373       1
  121     472       1
  122     685       1
  122     715       1
  123     747       1
  124     730       1
  125     768       1
  126     777       1
  127     440       1
  127     466       1
  127     668       1
  128     180       1
  128     206       1
  128     401       1
  129     175       1
  129     273       1
  129     292       1
  130     137       1
  131     449       1
  132     606       1
  133     159       1
  133     339       1
  133     617       1
  134     257       1
  135     334       1
  136     478       1
  136     500       1
  136     642       1
  137     460       1
  137     647       1
  139     412       1
  140     367       1
  141     309       1
  143     279       1
  143     347       1
  143     467       1
  143     550       1
  143     581       1
  144     322       1
  144     556       1
  145     756       1
  146     177       1
  146     280       1
  146     531       1
  146     555       1
  146     624       1
  147     347       1
  148     689       1
  149     268       1
  149     359       1
  149     547       1
  149     647       1
  149     782       1
  150     310       1
  150     465       1
  150     686       1
  152     387       1
  153     226       1
  154     770       1
  155     225       1
  155     286       1
  156     265       1
  156     417       1
  156     450       1
  157     275       1
  158     489       1
  158     691       1
  159     330       1
  159     443       1
  159     490       1
  159     563       1
  159     679       1
  160     507       1
  160     698       1
  161     191       1
  162     228       1
  162     275       1
  162     623       1
  163     171       1
  163     697       1
  165     431       1
  166     762       1
  167     533       1
  167     695       1
  168     222       1
  169     205       1
  170     193       1
  171     679       1
  171     716       1
  172     382       1
  173     212       1
  173     400       1
  173     741       1
  174     266       1
  174     279       1
  176     735       1
  176     787       1
  177     404       1
  178     782       1
  180     591       1
  180     717       1
  180     734       1
  180     791       1
  181     209       1
  181     248       1
  182     615       1
  182     670       1
  183     211       1
  183     457       1
  183     547       1
  183     699       1
  184     634       1
  185     708       1
  186     222       1
  186     537       1
  186     574       1
  186     763       1
  187     785       1
  188     402       1
  188     759       1
  189     334       1
  189     341       1
  189     356       1
  190     352       1
  191     337       1
  192     480       1
  193     313       1
  193     440       1
  193     457       1
  193     602       1
  193     645       1
  193     735       1
  193     763       1
  193     772       1
  193     784       1
  194     626       1
  195     380       1
  195     656       1
  196     254       1
  196     693       1
  197     491       1
  198     225       1
  198     294       1
  198     451       1
  198     457       1
  199     442       1
  199     529       1
  201     427       1
  202     558       1
  203     323       1
  203     590       1
  204     294       1
  205     284       1
  205     471       1
  206     479       1
  206     652       1
  207     219       1
  210     271       1
  210     394       1
  211     288       1
  211     557       1
  211     596       1
  211     657       1
  212     238       1
  213     570       1
  213     728       1
  214     259       1
  216     434       1
  217     340       1
  217     450       1
  219     406       1
  219     543       1
  219     597       1
  219     699       1
  220     330       1
  220     722       1
  221     290       1
  221     405       1
  221     420       1
  222     502       1
  223     671       1
  224     236       1
  224     237       1
  224     362       1
  224     475       1
  224     537       1
  226     570       1
  227     259       1
  227     383       1
  229     304       1
  229     664       1
  230     632       1
  231     327       1
  231     379       1
  231     762       1
  233     310       1
  233     320       1
  233     449       1
  233     582       1
  233     628       1
  233     781       1
  233     788       1
  234     768       1
  235     463       1
  235     710       1
  237     748       1
  240     419       1
  240     533       1
  241     457       1
  243     618       1
  244     526       1
  245     279       1
  246     279       1
  247     434       1
  248     347       1
  248     423       1
  248     528       1
  248     542       1
  248     612       1
  249     461       1
  250     383       1
  251     473       1
  251     590       1
  252     752       1
  254     524       1
  255     699       1
  256     503       1
  257     330       1
  257     616       1
  257     711       1
  258     492       1
  259     538       1
  260     288       1
  263     400       1
  264     414       1
  265     564       1
  265     746       1
  266     338       1
  267     550       1
  269     403       1
  270     593       1
  272     425       1
  272     763       1
  274     513       1
  275     563       1
  275     663       1
  275     726       1
  276     518       1
  277     707       1
  278     688       1
  279     707       1
  279     750       1
  280     382       1
  280     468       1
  280     544       1
  280     570       1
  280     576       1
  280     598       1
  280     625       1
  280     629       1
  280     699       1
  281     599       1
  282     700       1
  283     612       1
  284     405       1
  287     365       1
  287     510       1
  289     435       1
  289     468       1
  291     426       1
  291     518       1
  292     296       1
  292     563       1
  293     407       1
  293     782       1
  294     348       1
  295     556       1
  297     717       1
  299     369       1
  300     488       1
  300     491       1
  300     747       1
  301     626       1
  302     457       1
  303     338       1
  303     751       1
  304     366       1
  304     602       1
  305     492       1
  305     523       1
  306     557       1
  307     739       1
  308     589       1
  308     605       1
  309     738       1
  310     337       1
  310     382       1
  310     607       1
  310     621       1
  310     640       1
  311     468       1
  312     450       1
  313     634       1
  314     737       1
  315     482       1
  315     593       1
  315     663       1
  316     729       1
  317     469       1
  318     410       1
  319     634       1
  319     691       1
  320     392       1
  320     784       1
  321     454       1
  321     730       1
  321     745       1
  321     768       1
  322     800       1
  325     539       1
  327     667       1
  328     467       1
  329     535       1
  330     391       1
  330     494       1
  331     423       1
  332     422       1
  332     457       1
  333     721       1
  336     751       1
  338     428       1
  338     569       1
  338     646       1
  338     648       1
  343     459       1
  344     464       1
  346     415       1
  346     450       1
  346     599       1
  347     356       1
  348     487       1
  349     430       1
  350     422       1
  351     430       1
  351     659       1
  352     619       1
  353     696       1
  354     356       1
  355     673       1
  355     749       1
  356     382       1
  356     393       1
  356     523       1
  357     654       1
  358     570       1
  359     622       1
  359     793       1
  360     400       1
  360     508       1
  360     710       1
  361     640       1
  362     525       1
  363     760       1
  364     533       1
  364     619       1
  365     512       1
  365     695       1
  366     585       1
  367     724       1
  368     525       1
  369     447       1
  370     651       1
  370     766       1
  371     446       1
  372     528       1
  373     584       1
  374     461       1
  374     671       1
  376     562       1
  377     618       1
  378     413       1
  378     628       1
  378     779       1
  381     447       1
  382     563       1
  383     576       1
  383     688       1
  383     689       1
  384     745       1
  385     637       1
  386     412       1
  386     686       1
  387     611       1
  388     389       1
  388     634       1
  390     621       1
  390     630       1
  392     484       1
  392     744       1
  394     669       1
  396     461       1
  398     517       1
  398     710       1
  399     769       1
  400     576       1
  403     424       1
  403     563       1
  403     794       1
  404     604       1
  405     670       1
  408     691       1
  409     636       1
  409     670       1
  410     427       1
  410     501       1
  410     616       1
  412     677       1
  416     576       1
  418     752       1
  420     701       1
  421     546       1
  427     685       1
  428     453       1
  428     529       1
  428     629       1
  428     714       1
  429     752       1
  430     679       1
  430     684       1
  430     778       1
  431     602       1
  431     709       1
  432     452       1
  432     528       1
  433     710       1
  434     541       1
  436     506       1
  437     564       1
  437     593       1
  437     800       1
  439     701       1
  445     581       1
  446     457       1
  446     583       1
  446     586       1
  447     584       1
  448     509       1
  448     760       1
  449     462       1
  450     641       1
  450     703       1
  453     579       1
  454     758       1
  455     611       1
  455     777       1
  456     567       1
  456     788       1
  457     663       1
  458     645       1
  462     788       1
  464     583       1
  465     776       1
  468     771       1
  469     699       1
  470     517       1
  470     559       1
  473     653       1
  474     657       1
  476     593       1
  477     753       1
  478     663       1
  481     570       1
  482     525       1
  483     692       1
  483     718       1
  485     551       1
  489     570       1
  491     545       1
  491     608       1
  492     721       1
  493     634       1
  493     683       1
  493     792       1
  494     516       1
  494     558       1
  495     532       1
  496     513       1
  497     679       1
  498     558       1
  499     694       1
  500     683       1
  503     700       1
  505     629       1
  505     757       1
  506     720       1
  507     643       1
  509     604       1
  509     675       1
  510     529       1
  510     657       1
  514     527       1
  514     530       1
  514     531       1
  515     745       1
  517     700       1
  517     742       1
  517     779       1
  517     799       1
  518     719       1
  520     785       1
  521     759       1
  522     644       1
  523     532       1
  523     552       1
  524     535       1
  525     669       1
  526     689       1
  526     774       1
  530     571       1
  532     578       1
  532     644       1
  534     702       1
  534     786       1
  535     553       1
  536     614       1
  537     785       1
  539     617       1
  540     706       1
  543     706       1
  544     739       1
  547     685       1
  548     627       1
  548     649       1
  554     736       1
  555     797       1
  556     570       1
  556     638       1
  557     681       1
  558     577       1
  562     621       1
  563     574       1
  563     633       1
  563     745       1
  564     608       1
  564     645       1
  565     592       1
  566     752       1
  567     613       1
  569     609       1
  570     729       1
  572     718       1
  573     618       1
  574     764       1
  575     768       1
  577     674       1
  580     628       1
  580     656       1
  583     694       1
  586     769       1
  588     699       1
  589     619       1
  589     784       1
  590     606       1
  590     647       1
  590     693       1
  591     733       1
  594     752       1
  595     652       1
  598     798       1
  600     724       1
  600     745       1
  600     756       1
  601     750       1
  602     654       1
  603     682       1
  606     725       1
  611     670       1
  611     674       1
  611     735       1
  620     637       1
  627     798       1
  628     759       1
  631     707       1
  637     785       1
  639     694       1
  645     705       1
  647     783       1
  650     772       1
  654     660       1
  658     707       1
  659     767       1
  662     797       1
  665     786       1
  672     763       1
  685     718       1
  687     748       1
  690     771       1
  691     709       1
  696     761       1
  699     765       1
  701     731       1
  705     780       1
  713     741       1
  719     760       1
  727     787       1
  732     749       1
  735     773       1
  738     775       1
  740     756       1
  747     777       1
  754     762       1
  755     769       1
  772     789       1
  790     792       1
