  400     429
    1     168       1
    1     282       1
    2      36       1
    2     201       1
    3      10       1
    3     338       1
    4      90       1
    4     161       1
    4     180       1
    5     387       1
    6     267       1
    7     287       1
    8      80       1
    8     295       1
    9     247       1
   10      79       1
   10     200       1
   10     343       1
   11      27       1
   11      39       1
   11     127       1
   11     222       1
   11     351       1
   12      15       1
   12     217       1
   12     305       1
   13     115       1
   14     165       1
   14     375       1
   15      32       1
   15      96       1
   15     132       1
   15     145       1
   15     208       1
   15     223       1
   15     260       1
   16     149       1
   16     303       1
   17     163       1
   17     211       1
   17     359       1
   18     364       1
   19     350       1
   20     208       1
   21      37       1
   21      46       1
   21     120       1
   22     102       1
   22     328       1
   23      82       1
   23     101       1
   24     129       1
   25     213       1
   25     263       1
   25     289       1
   26     192       1
   27      29       1
   27      37       1
   27     141       1
   27     225       1
   27     279       1
   27     283       1
   27     350       1
   28      92       1
   28     122       1
   28     317       1
   29     104       1
   29     391       1
   30      41       1
   30     221       1
   30     264       1
   30     315       1
   30     323       1
   31      35       1
   31      47       1
   31     241       1
   31     283       1
   32      90       1
   32      99       1
   32     103       1
   32     214       1
   32     262       1
   33      55       1
   34     100       1
   34     355       1
   37     204       1
   37     326       1
   38      44       1
   39     256       1
   40     151       1
   42      52       1
   42     186       1
   42     249       1
   42     280       1
   42     282       1
   43      62       1
   43     196       1
   43     270       1
   43     393       1
   44     157       1
   44     211       1
   45     268       1
   46     177       1
   46     271       1
   46     275       1
   48     111       1
   48     216       1
   48     248       1
   49      71       1
   49     292       1
   50      90       1
   51      54       1
   51     129       1
   51     137       1
   51     318       1
   52     210       1
   53     265       1
   54      83       1
   54     177       1
   54     300       1
   55     325       1
   56     250       1
   56     361       1
   57      91       1
   57     266       1
   57     289       1
   57     328       1
   57     353       1
   58     286       1
   59     360       1
   60     134       1
   61     192       1
   61     259       1
   62      89       1
   62     367       1
   63     340       1
   63     350       1
   64     173       1
   64     211       1
   65     205       1
   66     309       1
   67      86       1
   67     194       1
   67     368       1
   68     251       1
   69     215       1
   69     325       1
   69     369       1
   70     138       1
   70     253       1
   70     386       1
   71      80       1
   71     197       1
   71     242       1
   71     394       1
   72     215       1
   73     236       1
   74     106       1
   75      87       1
   75     288       1
   75     309       1
   76     111       1
   76     204       1
   76     396       1
   77     290       1
   78     126       1
   78     342       1
   79     123       1
   79     248       1
   80     144       1
   80     167       1
   80     230       1
   80     252       1
   80     276       1
   81     227       1
   81     264       1
   81     269       1
   83     286       1
   84     207       1
   85     186       1
   86     400       1
   87     199       1
   87     239       1
   88     298       1
   89     235       1
   92     165       1
   93     162       1
   94     102       1
   95     368       1
   96     114       1
   96     122       1
   96     258       1
   97     142       1
   97     178       1
   97     341       1
   97     362       1
   98     372       1
   98     379       1
  101     165       1
  102     215       1
  102     230       1
  102     279       1
  102     289       1
  105     124       1
  105     350       1
  106     243       1
  106     356       1
  107     194       1
  108     195       1
  109     201       1
  110     339       1
  111     137       1
  112     251       1
  113     306       1
  114     275       1
  115     257       1
  116     250       1
  117     133       1
  118     189       1
  119     314       1
  119     346       1
  120     189       1
  120     398       1
  121     170       1
  122     236       1
  122     389       1
  125     304       1
  127     190       1
  127     209       1
  128     164       1
  128     181       1
  129     174       1
  129     267       1
  129     364       1
  130     201       1
  131     166       1
  132     201       1
  132     251       1
  132     368       1
  132     385       1
  133     348       1
  134     177       1
  135     234       1
  136     246       1
  137     212       1
  138     145       1
  138     254       1
  138     304       1
  138     350       1
  139     264       1
  140     179       1
  141     356       1
  142     224       1
  143     264       1
  144     268       1
  145     387       1
  146     280       1
  146     291       1
  147     350       1
  148     220       1
  148     222       1
  149     192       1
  149     193       1
  149     248       1
  150     223       1
  151     316       1
  152     201       1
  152     336       1
  153     215       1
  154     185       1
  155     280       1
  156     278       1
  158     291       1
  159     190       1
  159     380       1
  160     192       1
  160     344       1
  161     314       1
  162     293       1
  162     318       1
  163     364       1
  164     255       1
  165     302       1
  166     284       1
  166     389       1
  168     324       1
  169     226       1
  170     246       1
  171     200       1
  172     283       1
  172     312       1
  173     330       1
  175     334       1
  176     179       1
  177     251       1
  178     355       1
  179     248       1
  179     308       1
  182     364       1
  183     191       1
  184     397       1
  185     211       1
  185     248       1
  185     388       1
  186     357       1
  187     278       1
  188     383       1
  190     289       1
  191     228       1
  191     306       1
  191     371       1
  191     392       1
  194     277       1
  195     208       1
  195     347       1
  197     211       1
  197     234       1
  197     270       1
  197     385       1
  198     297       1
  199     368       1
  200     322       1
  200     358       1
  202     386       1
  203     204       1
  203     343       1
  205     375       1
  206     319       1
  207     244       1
  208     210       1
  209     399       1
  211     247       1
  211     264       1
  211     350       1
  213     385       1
  214     329       1
  214     384       1
  217     370       1
  218     326       1
  219     308       1
  221     278       1
  221     287       1
  221     346       1
  222     334       1
  224     259       1
  225     373       1
  226     299       1
  226     350       1
  227     333       1
  227     342       1
  227     375       1
  229     283       1
  230     232       1
  231     350       1
  233     243       1
  235     247       1
  237     283       1
  238     398       1
  240     242       1
  241     387       1
  243     377       1
  244     246       1
  245     273       1
  245     372       1
  246     251       1
  247     290       1
  247     392       1
  248     282       1
  248     287       1
  248     381       1
  248     383       1
  248     393       1
  251     301       1
  255     260       1
  255     319       1
  256     365       1
  257     297       1
  257     368       1
  259     316       1
  259     340       1
  260     288       1
  260     311       1
  261     269       1
  263     354       1
  264     361       1
  264     366       1
  265     272       1
  265     382       1
  267     298       1
  272     314       1
  272     375       1
  273     393       1
  274     357       1
  276     374       1
  277     313       1
  278     348       1
  278     352       1
  280     319       1
  280     372       1
  281     286       1
  282     337       1
  282     356       1
  283     350       1
  283     363       1
  285     356       1
  293     367       1
  294     356       1
  296     355       1
  297     321       1
  298     355       1
  298     385       1
  302     394       1
  304     331       1
  307     385       1
  309     390       1
  310     381       1
  320     342       1
  327     351       1
  332     335       1
  335     399       1
  336     354       1
  337     397       1
  339     399       1
  345     368       1
  349     366       1
  360     382       1
  376     387       1
  378     390       1
  379     395       1
