  300     326
    1     157       1
    2      64       1
    2     225       1
    3      39       1
    3     263       1
    4     170       1
    5      12       1
    5     202       1
    5     208       1
    6      16       1
    7       8       1
    7     221       1
    8     167       1
    8     255       1
    9      38       1
   10      65       1
   10     180       1
   10     235       1
   10     248       1
   10     277       1
   11     112       1
   12      65       1
   13     116       1
   13     193       1
   14     114       1
   14     189       1
   14     289       1
   15     146       1
   15     154       1
   15     204       1
   15     219       1
   16     233       1
   17     104       1
   18     201       1
   19      20       1
   19      56       1
   19      60       1
   19      97       1
   19     105       1
   19     109       1
   19     148       1
   19     164       1
   21     141       1
   21     250       1
   22      51       1
   23     193       1
   24     181       1
   24     261       1
   25     162       1
   25     258       1
   26     224       1
   27     297       1
   28      48       1
   28      72       1
   28      80       1
   29     221       1
   30     139       1
   30     197       1
   31      54       1
   31     188       1
   31     294       1
   32     261       1
   32     263       1
   33      68       1
   33     193       1
   33     198       1
   33     254       1
   34      86       1
   35     223       1
   36     145       1
   37     138       1
   37     153       1
   38     173       1
   38     225       1
   38     259       1
   39      68       1
   39      85       1
   39     123       1
   39     183       1
   39     220       1
   40     129       1
   41      59       1
   41     130       1
   41     142       1
   42      97       1
   42     167       1
   43     141       1
   44     219       1
   45      97       1
   46      93       1
   46     156       1
   46     201       1
   47     267       1
   49     186       1
   49     224       1
   49     230       1
   50     285       1
   51      56       1
   51     120       1
   51     276       1
   52     157       1
   52     161       1
   53     251       1
   55     134       1
   55     147       1
   56      92       1
   56     173       1
   56     272       1
   57     156       1
   58      85       1
   60     214       1
   61      90       1
   61     188       1
   62      89       1
   62     209       1
   63     110       1
   63     140       1
   64     173       1
   65     171       1
   65     191       1
   65     233       1
   66     129       1
   67     131       1
   68     150       1
   69     241       1
   70      80       1
   70     112       1
   71     180       1
   73     142       1
   74     170       1
   74     213       1
   75     161       1
   76     188       1
   77     223       1
   78     205       1
   78     217       1
   78     224       1
   79     242       1
   80     149       1
   80     166       1
   80     172       1
   81     124       1
   81     203       1
   82     177       1
   83     145       1
   83     283       1
   84     195       1
   85     112       1
   85     200       1
   85     275       1
   86     161       1
   86     171       1
   86     281       1
   87      94       1
   87     268       1
   88     281       1
   89     161       1
   90     251       1
   90     253       1
   91     190       1
   92     282       1
   93     104       1
   93     140       1
   93     167       1
   94     234       1
   94     240       1
   95     284       1
   95     291       1
   96     224       1
   98     112       1
   99     183       1
   99     185       1
  100     176       1
  101     269       1
  102     127       1
  102     140       1
  102     260       1
  103     230       1
  103     272       1
  104     107       1
  104     132       1
  104     251       1
  106     221       1
  106     300       1
  108     199       1
  108     222       1
  108     290       1
  109     134       1
  109     206       1
  109     215       1
  109     271       1
  110     118       1
  110     259       1
  111     231       1
  111     277       1
  112     182       1
  112     227       1
  112     267       1
  113     238       1
  114     129       1
  114     209       1
  114     292       1
  115     165       1
  115     203       1
  116     221       1
  117     119       1
  118     125       1
  119     254       1
  120     210       1
  121     125       1
  122     274       1
  123     190       1
  124     206       1
  125     143       1
  125     258       1
  126     148       1
  127     218       1
  127     219       1
  128     257       1
  129     139       1
  130     238       1
  131     199       1
  132     177       1
  132     264       1
  133     274       1
  134     137       1
  134     159       1
  135     146       1
  136     281       1
  137     233       1
  139     192       1
  140     141       1
  140     153       1
  140     173       1
  140     245       1
  140     268       1
  141     152       1
  141     191       1
  141     299       1
  143     239       1
  144     189       1
  148     175       1
  148     283       1
  150     277       1
  151     282       1
  155     172       1
  156     293       1
  158     223       1
  159     194       1
  160     223       1
  163     205       1
  165     223       1
  165     237       1
  167     287       1
  168     181       1
  168     215       1
  169     226       1
  170     173       1
  170     184       1
  170     187       1
  170     222       1
  171     242       1
  173     274       1
  174     223       1
  176     252       1
  176     270       1
  176     285       1
  176     286       1
  177     268       1
  178     271       1
  179     184       1
  183     293       1
  186     271       1
  188     194       1
  188     228       1
  188     292       1
  191     195       1
  191     196       1
  191     207       1
  191     258       1
  191     292       1
  193     196       1
  193     221       1
  193     247       1
  195     256       1
  197     262       1
  198     238       1
  207     261       1
  211     280       1
  212     279       1
  216     228       1
  218     239       1
  221     243       1
  222     232       1
  223     226       1
  223     235       1
  224     299       1
  226     269       1
  227     296       1
  229     274       1
  232     280       1
  234     288       1
  235     241       1
  235     261       1
  236     253       1
  238     299       1
  239     298       1
  241     279       1
  244     268       1
  245     253       1
  246     259       1
  248     265       1
  248     288       1
  249     262       1
  249     278       1
  249     291       1
  257     274       1
  259     268       1
  265     268       1
  265     297       1
  266     295       1
  266     297       1
  270     274       1
  273     276       1
  277     284       1
  285     292       1
