  200     221
    1      81       1
    1     173       1
    1     199       1
    2      36       1
    3     153       1
    4     137       1
    4     168       1
    4     193       1
    5      52       1
    6      80       1
    6     105       1
    6     129       1
    6     167       1
    6     177       1
    7      22       1
    7      61       1
    8     106       1
    9     123       1
   10     154       1
   11     160       1
   12      61       1
   12     196       1
   13      65       1
   13     167       1
   14      54       1
   15      64       1
   15     169       1
   16     190       1
   17     194       1
   18      67       1
   18     172       1
   19      85       1
   19     124       1
   20     123       1
   21     180       1
   23      25       1
   23      27       1
   23     134       1
   24     189       1
   26      95       1
   26     108       1
   26     113       1
   26     135       1
   27     106       1
   27     143       1
   27     148       1
   27     157       1
   27     178       1
   28      82       1
   28     164       1
   29     181       1
   30      81       1
   30     130       1
   31      36       1
   31      91       1
   31     122       1
   32     126       1
   33      40       1
   34     118       1
   34     152       1
   34     167       1
   35      68       1
   36      64       1
   36     189       1
   37     110       1
   37     185       1
   38     141       1
   39      75       1
   39      93       1
   39     136       1
   39     194       1
   40      67       1
   41      71       1
   41     178       1
   42      51       1
   42      73       1
   43     106       1
   44      72       1
   45     112       1
   45     114       1
   45     144       1
   46      68       1
   46      83       1
   46     127       1
   46     148       1
   46     175       1
   46     181       1
   46     182       1
   46     184       1
   47      60       1
   47     200       1
   48     115       1
   48     126       1
   48     189       1
   49     170       1
   50      95       1
   51      96       1
   51     159       1
   52     189       1
   53      75       1
   53      76       1
   53     131       1
   54     161       1
   55     112       1
   56     136       1
   56     171       1
   57      78       1
   57     146       1
   58      80       1
   58     179       1
   58     182       1
   59      83       1
   60     128       1
   61     141       1
   62     122       1
   63     120       1
   66     179       1
   66     193       1
   67     196       1
   68      70       1
   68     122       1
   69     164       1
   70     146       1
   71     148       1
   72      79       1
   72     148       1
   72     162       1
   73     163       1
   73     171       1
   74      94       1
   76     103       1
   76     145       1
   76     154       1
   76     161       1
   76     184       1
   76     189       1
   77     177       1
   78     118       1
   78     176       1
   79     117       1
   84     110       1
   85      97       1
   86     101       1
   86     124       1
   86     147       1
   87     164       1
   87     193       1
   88     115       1
   88     117       1
   89     182       1
   90     161       1
   92     120       1
   92     140       1
   92     161       1
   92     200       1
   93     114       1
   93     151       1
   94     188       1
   95      98       1
   95     155       1
   95     180       1
   96     132       1
   96     149       1
   97     159       1
   97     162       1
   98     146       1
   99     194       1
  100     109       1
  100     155       1
  101     164       1
  101     170       1
  101     176       1
  102     175       1
  104     123       1
  105     154       1
  105     199       1
  107     159       1
  109     200       1
  110     151       1
  110     200       1
  111     141       1
  114     184       1
  115     183       1
  116     199       1
  119     121       1
  121     175       1
  122     150       1
  123     175       1
  125     129       1
  125     139       1
  133     142       1
  135     176       1
  136     192       1
  138     184       1
  140     164       1
  140     197       1
  142     189       1
  142     190       1
  145     196       1
  148     164       1
  148     192       1
  151     177       1
  153     157       1
  153     189       1
  154     165       1
  154     175       1
  154     198       1
  156     198       1
  158     196       1
  159     166       1
  160     181       1
  162     179       1
  164     195       1
  172     182       1
  172     188       1
  174     183       1
  175     186       1
  176     187       1
  177     188       1
  181     200       1
  191     199       1
