   50      61
    1       6       1
    1      18       1
    1      23       1
    2      23       1
    2      43       1
    3      44       1
    4      26       1
    4      46       1
    5      42       1
    7      23       1
    8      27       1
    8      38       1
    9      12       1
    9      35       1
   10      14       1
   10      31       1
   11      40       1
   12      44       1
   12      49       1
   13      27       1
   14      16       1
   14      21       1
   14      33       1
   14      42       1
   15      39       1
   16      18       1
   16      32       1
   17      18       1
   17      37       1
   17      42       1
   17      47       1
   18      26       1
   18      40       1
   19      20       1
   19      42       1
   19      43       1
   19      48       1
   20      22       1
   20      26       1
   20      28       1
   20      34       1
   20      37       1
   24      39       1
   24      41       1
   24      44       1
   25      30       1
   25      42       1
   25      45       1
   26      28       1
   27      31       1
   29      40       1
   31      46       1
   33      35       1
   36      38       1
   36      44       1
   37      44       1
   40      47       1
   40      50       1
   42      44       1
   43      47       1
   45      46       1
