  400     429
    1      59       1
    1     263       1
    1     275       1
    2     290       1
    3       7       1
    4     137       1
    5      68       1
    5     193       1
    5     264       1
    6     290       1
    7     118       1
    8     224       1
    9     136       1
    9     388       1
   10      24       1
   10     196       1
   10     199       1
   10     305       1
   11      68       1
   11     317       1
   12      23       1
   12      66       1
   12     243       1
   12     335       1
   13     222       1
   13     301       1
   14     115       1
   14     388       1
   15     190       1
   15     302       1
   16      33       1
   16     369       1
   17     395       1
   18      47       1
   18     113       1
   18     196       1
   18     322       1
   19      63       1
   19     242       1
   19     254       1
   20     305       1
   21     180       1
   22     151       1
   24     150       1
   24     262       1
   24     298       1
   25      99       1
   26      83       1
   27     208       1
   28      65       1
   28     295       1
   28     373       1
   29     107       1
   30      31       1
   30     231       1
   30     395       1
   31     173       1
   32     220       1
   32     252       1
   32     335       1
   33     178       1
   33     349       1
   34      37       1
   35     196       1
   35     222       1
   35     307       1
   35     341       1
   36      52       1
   36     249       1
   36     281       1
   36     318       1
   37     115       1
   37     141       1
   37     214       1
   38     316       1
   39      84       1
   39     177       1
   39     279       1
   40      60       1
   41      57       1
   41      76       1
   41     295       1
   42     129       1
   42     363       1
   43      48       1
   44     133       1
   45     243       1
   46     348       1
   47      49       1
   47     124       1
   47     127       1
   47     164       1
   47     221       1
   48      73       1
   48     183       1
   48     292       1
   50      95       1
   51     218       1
   51     263       1
   51     280       1
   53     335       1
   54     110       1
   54     313       1
   55     163       1
   55     356       1
   56      93       1
   56     274       1
   57     136       1
   57     188       1
   57     196       1
   58     289       1
   59     122       1
   59     332       1
   59     380       1
   60     269       1
   60     286       1
   60     320       1
   60     393       1
   61     134       1
   62      67       1
   62     378       1
   63     146       1
   63     184       1
   63     201       1
   64     107       1
   64     145       1
   65     250       1
   66     140       1
   67     161       1
   67     372       1
   68     147       1
   68     291       1
   68     323       1
   69     157       1
   69     222       1
   70     170       1
   70     207       1
   70     229       1
   70     239       1
   71     136       1
   72     102       1
   73     231       1
   73     233       1
   73     312       1
   73     360       1
   74     308       1
   75     190       1
   76      88       1
   76     151       1
   77     294       1
   78     246       1
   79     169       1
   79     181       1
   79     187       1
   79     265       1
   80     128       1
   80     132       1
   80     180       1
   80     204       1
   80     263       1
   80     340       1
   81     154       1
   81     394       1
   82     183       1
   83     323       1
   84     304       1
   84     352       1
   85     137       1
   86     388       1
   87     294       1
   89     250       1
   90     137       1
   90     345       1
   90     367       1
   90     370       1
   90     378       1
   91     343       1
   91     379       1
   92     119       1
   92     158       1
   92     349       1
   93     184       1
   94     167       1
   94     194       1
   94     223       1
   95     168       1
   95     326       1
   95     335       1
   95     350       1
   96     144       1
   96     279       1
   96     288       1
   97     165       1
   98     239       1
   99     308       1
  100     308       1
  101     213       1
  101     261       1
  101     312       1
  102     177       1
  103     113       1
  104     138       1
  104     221       1
  104     233       1
  105     224       1
  106     135       1
  107     280       1
  107     339       1
  108     137       1
  108     165       1
  109     351       1
  110     181       1
  110     214       1
  110     328       1
  111     206       1
  111     248       1
  112     210       1
  113     117       1
  113     259       1
  114     155       1
  115     212       1
  116     284       1
  116     300       1
  116     324       1
  117     261       1
  118     281       1
  118     295       1
  120     130       1
  120     214       1
  120     379       1
  121     319       1
  122     290       1
  123     226       1
  125     205       1
  126     133       1
  127     334       1
  129     153       1
  130     316       1
  130     319       1
  131     327       1
  132     203       1
  132     228       1
  133     162       1
  133     272       1
  133     316       1
  133     329       1
  134     208       1
  134     361       1
  135     208       1
  136     142       1
  136     153       1
  136     377       1
  137     239       1
  138     347       1
  139     286       1
  143     391       1
  145     286       1
  148     214       1
  148     342       1
  149     315       1
  150     231       1
  151     303       1
  152     200       1
  152     366       1
  153     160       1
  154     240       1
  154     375       1
  155     359       1
  156     341       1
  159     359       1
  160     387       1
  162     202       1
  162     379       1
  164     189       1
  166     358       1
  167     268       1
  168     237       1
  168     365       1
  171     388       1
  171     389       1
  172     252       1
  174     197       1
  174     303       1
  175     192       1
  175     224       1
  175     299       1
  176     298       1
  177     323       1
  178     268       1
  178     373       1
  179     198       1
  180     335       1
  182     342       1
  182     399       1
  183     205       1
  183     299       1
  183     368       1
  184     211       1
  185     290       1
  186     367       1
  190     199       1
  191     302       1
  195     345       1
  196     215       1
  196     226       1
  196     384       1
  198     375       1
  201     342       1
  201     375       1
  201     400       1
  205     206       1
  205     260       1
  205     263       1
  205     274       1
  205     300       1
  205     323       1
  205     372       1
  206     208       1
  206     238       1
  206     382       1
  207     397       1
  208     235       1
  209     318       1
  209     345       1
  210     301       1
  210     358       1
  210     359       1
  210     367       1
  211     251       1
  212     396       1
  213     246       1
  213     363       1
  214     338       1
  214     383       1
  215     223       1
  215     278       1
  215     308       1
  215     367       1
  215     375       1
  216     274       1
  217     232       1
  217     337       1
  217     355       1
  219     339       1
  219     364       1
  221     256       1
  223     281       1
  225     323       1
  226     263       1
  227     325       1
  228     336       1
  228     398       1
  230     273       1
  234     265       1
  234     276       1
  236     306       1
  236     310       1
  237     247       1
  237     361       1
  239     267       1
  241     374       1
  243     304       1
  244     387       1
  245     339       1
  246     283       1
  248     250       1
  253     305       1
  254     294       1
  255     355       1
  257     268       1
  258     291       1
  262     310       1
  263     288       1
  263     346       1
  263     349       1
  263     355       1
  263     393       1
  264     344       1
  265     358       1
  266     331       1
  268     282       1
  268     287       1
  268     351       1
  270     305       1
  270     321       1
  271     362       1
  273     287       1
  274     316       1
  276     339       1
  277     323       1
  277     368       1
  281     386       1
  285     368       1
  288     354       1
  289     359       1
  290     374       1
  293     337       1
  295     330       1
  295     356       1
  296     313       1
  297     395       1
  298     351       1
  298     359       1
  303     333       1
  306     344       1
  308     392       1
  309     381       1
  310     390       1
  311     381       1
  314     379       1
  315     357       1
  317     355       1
  318     395       1
  320     376       1
  325     386       1
  327     359       1
  331     379       1
  340     383       1
  345     357       1
  348     372       1
  353     365       1
  359     371       1
  359     388       1
  362     388       1
  365     381       1
  366     386       1
  367     400       1
  379     385       1
  391     393       1
