  200     221
    1      95       1
    1     103       1
    1     184       1
    2      34       1
    2     199       1
    3     133       1
    3     181       1
    4     141       1
    4     163       1
    5     185       1
    6     197       1
    7     120       1
    8      15       1
    8      28       1
    9     137       1
   10      49       1
   10     114       1
   10     192       1
   11      41       1
   11      45       1
   11     136       1
   12      32       1
   12      35       1
   12      90       1
   13      16       1
   13      18       1
   14     162       1
   15     161       1
   15     171       1
   17     155       1
   18     119       1
   19      85       1
   19      90       1
   19      97       1
   20     133       1
   21      62       1
   22      36       1
   22     142       1
   23     177       1
   23     178       1
   24      53       1
   25      78       1
   25     142       1
   26      36       1
   26      99       1
   27      58       1
   28     154       1
   29      91       1
   29     144       1
   30      41       1
   30      70       1
   30      72       1
   31     170       1
   33      40       1
   33      52       1
   33     153       1
   33     166       1
   34     112       1
   34     169       1
   36      89       1
   36     129       1
   36     167       1
   37     179       1
   38     200       1
   39      46       1
   39     126       1
   41      61       1
   42     151       1
   42     177       1
   43      92       1
   43     157       1
   43     164       1
   44      63       1
   44     125       1
   45      61       1
   46     105       1
   46     130       1
   47     110       1
   48      56       1
   48     156       1
   49     155       1
   49     182       1
   50      80       1
   51      75       1
   51      88       1
   51     128       1
   51     184       1
   52     111       1
   52     122       1
   53     111       1
   53     113       1
   53     119       1
   53     139       1
   54     170       1
   55     140       1
   56     166       1
   57      66       1
   58      60       1
   58     177       1
   58     193       1
   59      66       1
   61      77       1
   61     161       1
   61     185       1
   62      64       1
   62      75       1
   62     144       1
   62     150       1
   63     135       1
   63     153       1
   65     152       1
   65     184       1
   66     175       1
   67      70       1
   68      93       1
   69     186       1
   69     200       1
   70     197       1
   71      76       1
   73     134       1
   74     111       1
   74     194       1
   75     147       1
   76      93       1
   76     177       1
   78     137       1
   78     151       1
   79     127       1
   80     133       1
   80     163       1
   81     161       1
   82     134       1
   83     108       1
   83     116       1
   83     132       1
   84     132       1
   86     141       1
   87     146       1
   89     159       1
   90     146       1
   92      94       1
   92     101       1
   96     152       1
   96     195       1
   97     176       1
   97     190       1
   97     192       1
   98     133       1
  100     124       1
  100     146       1
  101     115       1
  101     127       1
  102     175       1
  104     145       1
  106     109       1
  106     121       1
  107     130       1
  107     131       1
  107     167       1
  108     180       1
  109     193       1
  110     143       1
  111     174       1
  112     117       1
  112     149       1
  115     117       1
  115     132       1
  115     161       1
  115     163       1
  115     188       1
  115     194       1
  115     196       1
  118     133       1
  120     175       1
  121     165       1
  122     150       1
  123     131       1
  123     166       1
  125     160       1
  126     129       1
  126     134       1
  126     140       1
  127     148       1
  127     175       1
  127     186       1
  128     198       1
  132     140       1
  132     181       1
  135     190       1
  136     168       1
  138     188       1
  140     142       1
  142     150       1
  142     177       1
  143     192       1
  144     192       1
  145     158       1
  145     191       1
  146     162       1
  146     193       1
  149     170       1
  152     173       1
  154     161       1
  156     194       1
  157     166       1
  158     162       1
  158     172       1
  162     188       1
  162     189       1
  163     200       1
  164     174       1
  169     193       1
  170     194       1
  171     184       1
  171     187       1
  179     192       1
  180     198       1
  183     187       1
  188     189       1
  188     192       1
  192     195       1
