  200     221
    1     138       1
    1     163       1
    2      59       1
    3      13       1
    3      25       1
    4     122       1
    4     123       1
    5      11       1
    5     131       1
    5     180       1
    6      31       1
    6      92       1
    6     147       1
    7      70       1
    7     113       1
    7     119       1
    7     137       1
    7     138       1
    8      61       1
    8     101       1
    9      41       1
    9     144       1
    9     195       1
   10      91       1
   10     194       1
   12     179       1
   13      73       1
   14     107       1
   15      64       1
   15      75       1
   15     122       1
   16      45       1
   16      74       1
   16     121       1
   16     173       1
   17     152       1
   17     168       1
   18      89       1
   18     104       1
   19     124       1
   19     156       1
   19     190       1
   20     136       1
   20     137       1
   20     161       1
   20     190       1
   21      27       1
   21     163       1
   22      90       1
   22      96       1
   22     126       1
   23      58       1
   23     185       1
   24      55       1
   24     178       1
   25      59       1
   25     197       1
   26      34       1
   26      41       1
   26      46       1
   26      88       1
   26     137       1
   26     177       1
   26     179       1
   27      47       1
   27      76       1
   28      40       1
   28      84       1
   28     142       1
   29      33       1
   30      37       1
   30     134       1
   31      86       1
   31      97       1
   31     148       1
   32      41       1
   32     133       1
   32     149       1
   32     160       1
   32     198       1
   33      89       1
   33     101       1
   34     103       1
   34     189       1
   35     198       1
   36     112       1
   36     176       1
   37     164       1
   37     182       1
   37     183       1
   38      59       1
   38      67       1
   38     174       1
   38     183       1
   39      85       1
   40     152       1
   41     111       1
   42      99       1
   43     104       1
   43     199       1
   44     107       1
   44     119       1
   44     123       1
   45      51       1
   45      58       1
   45      99       1
   45     127       1
   46     194       1
   48     140       1
   49      57       1
   50     114       1
   50     165       1
   52      53       1
   53      57       1
   53      79       1
   53      97       1
   53     167       1
   54     117       1
   54     129       1
   54     146       1
   55      63       1
   56     137       1
   57     106       1
   58      76       1
   58     155       1
   59      95       1
   59      97       1
   59     101       1
   59     127       1
   59     154       1
   59     165       1
   60      94       1
   60     150       1
   61      82       1
   61     200       1
   62     122       1
   63     159       1
   64     112       1
   65     131       1
   66     104       1
   66     171       1
   67     192       1
   68      85       1
   69      71       1
   69     107       1
   69     154       1
   69     170       1
   72     114       1
   73     129       1
   74     128       1
   75     179       1
   77      85       1
   77     166       1
   78     158       1
   80     199       1
   81     120       1
   81     139       1
   81     181       1
   83     139       1
   84     126       1
   84     137       1
   86     161       1
   87     197       1
   88     143       1
   88     187       1
   89     169       1
   90     193       1
   91     137       1
   92     110       1
   93      94       1
   94     184       1
   95     112       1
   97     117       1
   97     158       1
   97     188       1
   98     160       1
  100     147       1
  101     132       1
  101     137       1
  102     188       1
  104     125       1
  104     168       1
  104     174       1
  105     132       1
  105     150       1
  106     172       1
  108     154       1
  109     188       1
  110     148       1
  110     162       1
  114     129       1
  114     199       1
  115     131       1
  116     156       1
  116     191       1
  117     157       1
  117     163       1
  118     184       1
  122     186       1
  123     130       1
  123     169       1
  123     175       1
  126     149       1
  126     186       1
  126     191       1
  130     131       1
  130     173       1
  130     196       1
  131     139       1
  131     167       1
  135     181       1
  140     169       1
  141     186       1
  145     159       1
  148     182       1
  151     158       1
  153     179       1
  157     173       1
  159     165       1
  165     166       1
  166     178       1
