  300     326
    1     148       1
    1     155       1
    2      30       1
    2      71       1
    2     286       1
    3     135       1
    3     152       1
    3     165       1
    3     194       1
    3     297       1
    4      58       1
    4     103       1
    4     169       1
    5      15       1
    5     241       1
    5     253       1
    6      14       1
    6      22       1
    6     287       1
    7      32       1
    8     234       1
    9     140       1
    9     200       1
    9     221       1
    9     252       1
   10      22       1
   10      41       1
   10      61       1
   10     131       1
   10     147       1
   10     192       1
   11      79       1
   11     190       1
   12      31       1
   12      36       1
   12     165       1
   13     107       1
   13     252       1
   13     264       1
   16      17       1
   16      31       1
   16     146       1
   18     193       1
   19      76       1
   19     181       1
   19     235       1
   20     142       1
   20     175       1
   21     138       1
   22      59       1
   22      80       1
   22     133       1
   22     215       1
   22     279       1
   22     283       1
   23      55       1
   23     148       1
   23     177       1
   24      96       1
   24     128       1
   25     268       1
   26     129       1
   26     186       1
   26     191       1
   27      40       1
   27     232       1
   28     285       1
   29     133       1
   32     123       1
   32     184       1
   32     291       1
   33      60       1
   33     148       1
   34     107       1
   34     136       1
   34     149       1
   34     202       1
   35     229       1
   36     269       1
   37      71       1
   37     115       1
   37     118       1
   37     215       1
   37     275       1
   38     257       1
   39     206       1
   39     251       1
   40      79       1
   42     278       1
   43     270       1
   44      79       1
   44      93       1
   44     148       1
   44     161       1
   44     166       1
   44     223       1
   45     192       1
   46      73       1
   46     254       1
   47      95       1
   47     138       1
   48     215       1
   48     230       1
   49      98       1
   50     212       1
   51      89       1
   52     284       1
   53      62       1
   53      78       1
   53      90       1
   53     106       1
   54     166       1
   54     201       1
   56     213       1
   57      73       1
   58     174       1
   59     166       1
   59     171       1
   59     180       1
   59     191       1
   59     211       1
   59     238       1
   59     239       1
   61      78       1
   63     163       1
   63     281       1
   64     122       1
   64     191       1
   64     246       1
   65     160       1
   65     217       1
   65     292       1
   66     131       1
   67     175       1
   67     242       1
   68     173       1
   69      88       1
   69     117       1
   69     215       1
   70     169       1
   70     288       1
   71      96       1
   71     212       1
   72     204       1
   73     148       1
   73     194       1
   73     206       1
   74      84       1
   74     250       1
   74     266       1
   75     265       1
   75     278       1
   76     270       1
   77      79       1
   77      97       1
   77     119       1
   77     139       1
   77     207       1
   77     270       1
   77     300       1
   79     163       1
   79     294       1
   80     157       1
   80     183       1
   81     127       1
   81     227       1
   82     103       1
   83      88       1
   83     158       1
   84     169       1
   84     260       1
   85     260       1
   86     162       1
   86     274       1
   87     282       1
   88     248       1
   88     299       1
   89     264       1
   90      92       1
   90     120       1
   91     156       1
   92     134       1
   93     100       1
   93     257       1
   94     247       1
   95     107       1
   95     178       1
   95     233       1
   95     284       1
   96      99       1
   96     134       1
   96     211       1
   96     276       1
   96     282       1
   96     298       1
   97     144       1
   98     194       1
   98     288       1
   99     137       1
   99     153       1
  101     243       1
  102     182       1
  103     177       1
  103     252       1
  104     137       1
  104     157       1
  104     237       1
  105     148       1
  105     159       1
  105     199       1
  107     160       1
  107     166       1
  107     169       1
  107     196       1
  108     110       1
  108     218       1
  109     213       1
  110     171       1
  110     189       1
  111     139       1
  112     201       1
  113     263       1
  114     126       1
  115     291       1
  116     158       1
  116     214       1
  121     284       1
  123     195       1
  123     256       1
  124     189       1
  125     261       1
  126     181       1
  126     189       1
  127     244       1
  127     260       1
  128     139       1
  130     229       1
  131     274       1
  132     243       1
  133     228       1
  138     191       1
  138     198       1
  141     166       1
  141     187       1
  142     272       1
  143     195       1
  143     259       1
  145     201       1
  146     201       1
  149     251       1
  150     153       1
  151     172       1
  151     199       1
  153     164       1
  154     178       1
  155     231       1
  156     207       1
  157     208       1
  160     182       1
  160     280       1
  161     231       1
  161     272       1
  165     175       1
  165     236       1
  165     265       1
  165     296       1
  166     167       1
  166     173       1
  166     245       1
  166     258       1
  167     218       1
  168     253       1
  169     213       1
  170     231       1
  171     225       1
  172     207       1
  173     206       1
  176     298       1
  179     204       1
  179     298       1
  182     193       1
  182     292       1
  185     255       1
  188     226       1
  189     255       1
  189     293       1
  192     205       1
  195     213       1
  197     206       1
  199     262       1
  201     209       1
  203     238       1
  204     218       1
  205     273       1
  206     262       1
  206     281       1
  210     271       1
  211     263       1
  212     267       1
  213     277       1
  215     216       1
  215     247       1
  217     270       1
  218     240       1
  219     264       1
  219     290       1
  220     273       1
  222     223       1
  222     289       1
  224     263       1
  226     263       1
  229     253       1
  230     271       1
  234     252       1
  243     273       1
  243     282       1
  249     252       1
  253     261       1
  253     298       1
  266     268       1
  268     280       1
  268     295       1
  272     285       1
  282     300       1
  288     290       1
  294     300       1
