  600     636
    1     351       1
    2     430       1
    2     494       1
    3     463       1
    4     409       1
    5      57       1
    5     110       1
    5     114       1
    5     134       1
    5     201       1
    5     352       1
    5     421       1
    5     510       1
    5     595       1
    6      53       1
    6     106       1
    6     112       1
    6     172       1
    6     230       1
    6     266       1
    6     398       1
    6     479       1
    6     522       1
    6     598       1
    7     579       1
    8     159       1
    8     266       1
    9     575       1
   10     127       1
   10     184       1
   10     211       1
   10     448       1
   11     318       1
   11     325       1
   11     354       1
   11     481       1
   12     285       1
   12     516       1
   13      74       1
   13     372       1
   13     540       1
   14     572       1
   15     574       1
   16     279       1
   16     364       1
   17     349       1
   17     493       1
   18     100       1
   18     268       1
   19      38       1
   19     139       1
   19     193       1
   19     289       1
   19     301       1
   19     407       1
   19     461       1
   19     490       1
   20     215       1
   20     487       1
   21     164       1
   21     311       1
   22     445       1
   22     479       1
   23     239       1
   24     177       1
   25     443       1
   26     228       1
   27     540       1
   28     259       1
   29     582       1
   29     583       1
   30     265       1
   30     371       1
   31     390       1
   32     285       1
   33     249       1
   33     263       1
   34     211       1
   35      71       1
   36     334       1
   37     346       1
   38      84       1
   38      96       1
   38     108       1
   38     262       1
   38     290       1
   38     513       1
   39     422       1
   39     557       1
   40     421       1
   41      85       1
   41     225       1
   41     564       1
   42     109       1
   43      64       1
   43     212       1
   44     353       1
   45     200       1
   45     243       1
   45     420       1
   46     112       1
   46     355       1
   46     370       1
   47     130       1
   47     381       1
   47     516       1
   47     530       1
   47     570       1
   47     586       1
   48     432       1
   48     569       1
   49     380       1
   50     394       1
   51     579       1
   52      91       1
   52     402       1
   53      56       1
   53     194       1
   53     250       1
   53     384       1
   54     133       1
   54     147       1
   55     299       1
   56      99       1
   57      87       1
   57     484       1
   58     104       1
   58     563       1
   59     207       1
   60     279       1
   61      85       1
   61     330       1
   61     563       1
   61     600       1
   62     400       1
   62     436       1
   63     321       1
   64     344       1
   65     298       1
   66      84       1
   66     317       1
   66     522       1
   67     113       1
   68     455       1
   69     486       1
   70     288       1
   70     474       1
   71     312       1
   71     377       1
   72     207       1
   73      86       1
   75     144       1
   76     428       1
   77     118       1
   78     145       1
   78     318       1
   79     444       1
   79     446       1
   79     536       1
   80     118       1
   80     239       1
   80     335       1
   80     455       1
   80     461       1
   80     561       1
   81     347       1
   82     290       1
   83     222       1
   85     161       1
   85     335       1
   85     503       1
   85     582       1
   86     509       1
   87     467       1
   87     497       1
   88     421       1
   89     350       1
   89     383       1
   90     290       1
   90     352       1
   90     363       1
   90     367       1
   90     474       1
   91     162       1
   92     453       1
   93     162       1
   93     571       1
   94     175       1
   94     333       1
   95     276       1
   95     516       1
   97     103       1
   97     105       1
   97     117       1
   98     499       1
   99     236       1
  100     505       1
  101     206       1
  101     511       1
  102     316       1
  102     495       1
  103     222       1
  103     357       1
  105     335       1
  106     107       1
  108     162       1
  108     175       1
  108     212       1
  108     409       1
  108     578       1
  109     215       1
  109     269       1
  110     195       1
  111     156       1
  111     458       1
  113     175       1
  115     163       1
  115     304       1
  115     379       1
  115     381       1
  115     489       1
  115     580       1
  116     245       1
  116     423       1
  117     355       1
  118     148       1
  118     152       1
  118     288       1
  118     380       1
  119     142       1
  119     485       1
  120     133       1
  121     182       1
  122     406       1
  123     570       1
  124     549       1
  125     373       1
  125     553       1
  126     164       1
  126     372       1
  128     277       1
  128     340       1
  128     595       1
  129     272       1
  129     486       1
  130     592       1
  131     593       1
  132     489       1
  133     343       1
  133     351       1
  133     440       1
  134     393       1
  134     549       1
  135     238       1
  136     351       1
  136     547       1
  137     256       1
  137     289       1
  137     562       1
  138     270       1
  140     281       1
  141     473       1
  142     233       1
  143     316       1
  144     169       1
  144     357       1
  145     174       1
  146     337       1
  146     499       1
  147     260       1
  148     508       1
  149     249       1
  150     461       1
  150     533       1
  150     599       1
  151     291       1
  153     335       1
  153     480       1
  153     505       1
  153     537       1
  154     573       1
  155     353       1
  156     234       1
  156     404       1
  156     431       1
  156     461       1
  157     495       1
  158     302       1
  159     384       1
  159     488       1
  160     476       1
  162     190       1
  162     392       1
  163     218       1
  164     168       1
  165     248       1
  166     534       1
  167     385       1
  167     397       1
  168     414       1
  168     514       1
  170     599       1
  171     275       1
  171     561       1
  172     335       1
  173     459       1
  175     544       1
  176     346       1
  177     503       1
  177     589       1
  178     267       1
  178     281       1
  178     407       1
  178     534       1
  179     214       1
  180     439       1
  180     596       1
  181     434       1
  182     183       1
  182     415       1
  183     486       1
  184     232       1
  185     314       1
  185     324       1
  186     193       1
  187     447       1
  188     477       1
  188     484       1
  189     380       1
  191     299       1
  191     300       1
  192     581       1
  194     565       1
  196     328       1
  197     307       1
  197     510       1
  198     569       1
  199     430       1
  202     211       1
  202     226       1
  202     516       1
  203     353       1
  204     254       1
  205     537       1
  205     551       1
  207     214       1
  208     284       1
  209     438       1
  209     527       1
  210     263       1
  210     433       1
  211     418       1
  211     462       1
  212     296       1
  212     548       1
  212     593       1
  213     327       1
  214     465       1
  215     348       1
  216     304       1
  217     293       1
  217     426       1
  217     440       1
  218     570       1
  219     297       1
  219     524       1
  220     324       1
  220     434       1
  221     271       1
  223     553       1
  224     292       1
  225     464       1
  225     499       1
  225     568       1
  226     473       1
  226     543       1
  227     391       1
  228     433       1
  229     573       1
  230     538       1
  231     456       1
  232     310       1
  233     522       1
  234     411       1
  234     424       1
  234     436       1
  235     309       1
  237     543       1
  238     507       1
  239     313       1
  239     318       1
  239     353       1
  239     381       1
  239     421       1
  239     509       1
  239     574       1
  240     518       1
  241     464       1
  242     258       1
  242     549       1
  244     328       1
  246     437       1
  247     345       1
  247     486       1
  248     413       1
  251     360       1
  252     417       1
  252     432       1
  253     396       1
  253     423       1
  253     515       1
  254     430       1
  254     518       1
  255     364       1
  257     396       1
  258     435       1
  259     289       1
  259     374       1
  259     587       1
  260     360       1
  261     353       1
  261     461       1
  262     470       1
  262     527       1
  263     306       1
  264     298       1
  264     407       1
  264     410       1
  264     430       1
  268     347       1
  269     335       1
  270     551       1
  270     552       1
  271     461       1
  273     416       1
  273     457       1
  273     540       1
  274     553       1
  278     382       1
  279     315       1
  279     486       1
  280     557       1
  281     594       1
  282     594       1
  283     381       1
  284     331       1
  286     470       1
  287     352       1
  287     387       1
  287     427       1
  289     322       1
  289     385       1
  289     489       1
  291     356       1
  292     575       1
  293     332       1
  294     524       1
  295     571       1
  298     441       1
  298     519       1
  298     535       1
  299     366       1
  299     378       1
  299     542       1
  301     419       1
  302     584       1
  303     598       1
  304     451       1
  305     376       1
  306     407       1
  308     372       1
  308     458       1
  309     331       1
  309     573       1
  311     325       1
  311     532       1
  312     436       1
  314     573       1
  316     440       1
  317     453       1
  318     394       1
  318     486       1
  318     491       1
  318     541       1
  319     381       1
  320     544       1
  321     380       1
  321     482       1
  322     364       1
  322     476       1
  322     560       1
  323     407       1
  323     558       1
  324     569       1
  324     595       1
  326     328       1
  326     389       1
  326     542       1
  327     406       1
  327     428       1
  327     472       1
  328     359       1
  328     421       1
  329     420       1
  331     381       1
  331     524       1
  331     579       1
  332     480       1
  334     372       1
  334     443       1
  335     525       1
  335     566       1
  336     410       1
  338     390       1
  338     573       1
  339     574       1
  340     407       1
  341     483       1
  341     595       1
  342     401       1
  345     400       1
  345     463       1
  346     409       1
  347     394       1
  348     559       1
  349     420       1
  350     421       1
  350     596       1
  352     361       1
  354     456       1
  354     488       1
  356     409       1
  356     425       1
  357     358       1
  357     555       1
  360     394       1
  362     459       1
  364     550       1
  365     436       1
  366     503       1
  366     567       1
  368     395       1
  369     375       1
  369     486       1
  371     581       1
  372     421       1
  372     486       1
  373     429       1
  374     506       1
  375     525       1
  376     479       1
  378     400       1
  381     531       1
  382     472       1
  382     555       1
  386     431       1
  388     417       1
  388     595       1
  391     574       1
  391     585       1
  393     539       1
  393     591       1
  394     454       1
  395     413       1
  397     415       1
  398     412       1
  399     550       1
  399     584       1
  401     419       1
  403     567       1
  405     443       1
  407     501       1
  408     557       1
  408     570       1
  409     442       1
  413     420       1
  413     489       1
  413     520       1
  423     507       1
  423     575       1
  423     599       1
  425     471       1
  426     460       1
  427     594       1
  428     437       1
  430     468       1
  430     590       1
  437     469       1
  439     466       1
  440     465       1
  440     492       1
  441     588       1
  444     496       1
  444     578       1
  447     516       1
  447     529       1
  449     522       1
  450     463       1
  452     589       1
  453     521       1
  454     573       1
  459     504       1
  459     516       1
  461     511       1
  464     585       1
  465     524       1
  470     551       1
  475     596       1
  476     546       1
  477     517       1
  477     573       1
  478     489       1
  481     487       1
  484     502       1
  488     514       1
  490     545       1
  491     498       1
  496     528       1
  496     574       1
  497     556       1
  500     525       1
  503     581       1
  509     553       1
  510     577       1
  512     570       1
  518     566       1
  522     554       1
  523     557       1
  526     549       1
  532     579       1
  555     574       1
  555     597       1
  570     573       1
  571     592       1
  572     596       1
  576     579       1
