  100     114
    1      23       1
    2      42       1
    2      79       1
    3      35       1
    3      74       1
    4      70       1
    4      80       1
    4      81       1
    5       7       1
    5      53       1
    5      83       1
    6      15       1
    6      39       1
    6      42       1
    6      48       1
    6      58       1
    6      60       1
    6      91       1
    7      73       1
    8      10       1
    8      41       1
    9      31       1
    9      85       1
    9      86       1
    9      94       1
   10      27       1
   10      55       1
   10      65       1
   11      64       1
   11      67       1
   12      28       1
   12      74       1
   12      75       1
   12      92       1
   12      99       1
   13      19       1
   13      33       1
   14      27       1
   16      34       1
   16      90       1
   17      52       1
   18      39       1
   18      51       1
   19      58       1
   20      67       1
   21      60       1
   22      49       1
   22      92       1
   23      59       1
   23      68       1
   24      86       1
   25      33       1
   26      34       1
   27      34       1
   27      36       1
   27      69       1
   27      89       1
   28      64       1
   29      30       1
   29      69       1
   29      88       1
   29      90       1
   30      47       1
   30      99       1
   31      36       1
   31      63       1
   32      62       1
   32      74       1
   32      95       1
   33      93       1
   35      42       1
   35      94       1
   36      58       1
   36      68       1
   36      80       1
   37      40       1
   37      74       1
   38      80       1
   39      76       1
   40      49       1
   41      57       1
   43      61       1
   43      78       1
   44      99       1
   45      68       1
   46      57       1
   48      61       1
   50      72       1
   52      77       1
   53      72       1
   53      74       1
   54      72       1
   55      87       1
   56      94       1
   58      78       1
   58      82       1
   65      72       1
   66      88       1
   66      99       1
   67      80       1
   69      89       1
   71      85       1
   72      80       1
   72      87       1
   73      75       1
   76      84       1
   76      98       1
   77      86       1
   80      84       1
   86      97       1
   91      99       1
   96     100       1
   97      98       1
   99     100       1
