  500     533
    1     136       1
    1     279       1
    1     283       1
    1     295       1
    1     387       1
    1     419       1
    1     489       1
    2     140       1
    2     407       1
    3      37       1
    3      73       1
    3      86       1
    3      88       1
    3     465       1
    4      27       1
    4      46       1
    4      59       1
    4     245       1
    5      31       1
    6      11       1
    6      53       1
    6     393       1
    7      25       1
    7     238       1
    7     257       1
    8     192       1
    8     223       1
    9      84       1
    9     159       1
    9     232       1
    9     391       1
    9     479       1
   10     146       1
   11     416       1
   12     252       1
   12     275       1
   12     335       1
   12     376       1
   12     409       1
   13     454       1
   13     495       1
   13     496       1
   14     391       1
   15     273       1
   15     364       1
   16      20       1
   16     166       1
   17     103       1
   17     408       1
   18      86       1
   18     238       1
   19     413       1
   20      29       1
   20      39       1
   20      99       1
   20     164       1
   20     225       1
   20     377       1
   20     387       1
   20     409       1
   21     148       1
   22     464       1
   23     207       1
   23     261       1
   23     302       1
   23     322       1
   23     362       1
   24     264       1
   24     448       1
   25     445       1
   26     376       1
   26     392       1
   27     125       1
   28      31       1
   28     240       1
   29     160       1
   29     211       1
   29     274       1
   30     196       1
   30     244       1
   30     424       1
   31      49       1
   31     325       1
   31     411       1
   31     414       1
   31     429       1
   31     497       1
   32     132       1
   33      53       1
   33     127       1
   33     143       1
   33     494       1
   34     354       1
   35     178       1
   36     329       1
   36     448       1
   37      59       1
   37      66       1
   37     334       1
   37     345       1
   37     387       1
   37     423       1
   37     443       1
   37     459       1
   38     402       1
   39     280       1
   39     298       1
   39     433       1
   40     199       1
   41      46       1
   41     108       1
   42     202       1
   42     299       1
   42     431       1
   43     276       1
   43     402       1
   44     125       1
   44     339       1
   44     436       1
   45     325       1
   46     284       1
   46     449       1
   47     100       1
   47     112       1
   47     137       1
   47     267       1
   47     304       1
   47     367       1
   48      85       1
   48     208       1
   49     484       1
   50     153       1
   51     251       1
   51     355       1
   51     490       1
   52     170       1
   52     413       1
   54     391       1
   55     107       1
   56     343       1
   57      67       1
   57     100       1
   57     234       1
   57     265       1
   57     307       1
   57     410       1
   57     468       1
   58     424       1
   59      65       1
   59      90       1
   59     440       1
   60     334       1
   61     107       1
   61     119       1
   61     193       1
   61     378       1
   61     409       1
   62     354       1
   63     387       1
   64     353       1
   66     117       1
   66     336       1
   66     389       1
   66     494       1
   67     268       1
   68     179       1
   68     192       1
   68     203       1
   68     256       1
   68     416       1
   69     306       1
   70     154       1
   70     227       1
   70     368       1
   71     113       1
   71     294       1
   72     126       1
   74     363       1
   74     483       1
   75     325       1
   75     354       1
   76     253       1
   76     421       1
   77     158       1
   78     125       1
   79     324       1
   80     453       1
   81     253       1
   82     443       1
   83     256       1
   83     432       1
   84     363       1
   85     259       1
   87     132       1
   87     398       1
   87     460       1
   89     370       1
   90     379       1
   90     411       1
   91     176       1
   91     337       1
   92     438       1
   93     132       1
   93     186       1
   93     347       1
   94     170       1
   95     102       1
   95     184       1
   96     371       1
   96     375       1
   96     413       1
   97     170       1
   97     239       1
   97     489       1
   98     192       1
   98     262       1
   98     341       1
   98     375       1
   98     454       1
   99     276       1
  100     244       1
  100     258       1
  100     366       1
  100     372       1
  101     162       1
  101     434       1
  101     441       1
  104     445       1
  105     438       1
  106     367       1
  107     437       1
  108     246       1
  109     172       1
  109     399       1
  110     500       1
  111     169       1
  111     411       1
  113     119       1
  114     184       1
  114     291       1
  114     329       1
  115     329       1
  116     299       1
  116     488       1
  118     192       1
  118     212       1
  118     314       1
  119     226       1
  119     348       1
  120     302       1
  120     375       1
  121     452       1
  122     317       1
  123     190       1
  123     262       1
  124     411       1
  126     307       1
  127     180       1
  127     231       1
  128     399       1
  129     344       1
  129     433       1
  129     477       1
  130     202       1
  130     407       1
  130     428       1
  131     411       1
  132     152       1
  132     217       1
  132     408       1
  133     490       1
  134     451       1
  135     144       1
  135     153       1
  135     247       1
  135     341       1
  135     475       1
  136     171       1
  138     142       1
  139     307       1
  140     365       1
  140     391       1
  141     466       1
  142     305       1
  144     204       1
  145     453       1
  146     497       1
  147     254       1
  147     448       1
  148     169       1
  148     497       1
  149     188       1
  150     466       1
  151     377       1
  155     203       1
  156     262       1
  157     315       1
  158     329       1
  159     466       1
  160     218       1
  160     430       1
  161     183       1
  161     201       1
  161     301       1
  163     167       1
  163     173       1
  163     272       1
  164     360       1
  165     342       1
  168     403       1
  168     429       1
  172     174       1
  173     493       1
  175     274       1
  175     377       1
  175     386       1
  176     226       1
  177     285       1
  178     216       1
  178     262       1
  178     306       1
  178     397       1
  178     455       1
  181     235       1
  181     369       1
  182     224       1
  182     324       1
  182     329       1
  183     208       1
  184     480       1
  185     209       1
  185     292       1
  185     493       1
  186     332       1
  186     472       1
  187     324       1
  188     493       1
  189     490       1
  191     432       1
  192     374       1
  192     396       1
  192     426       1
  192     463       1
  192     485       1
  193     255       1
  193     491       1
  194     442       1
  194     462       1
  195     229       1
  195     269       1
  195     463       1
  196     271       1
  196     462       1
  197     329       1
  198     368       1
  199     307       1
  200     277       1
  200     485       1
  201     290       1
  202     429       1
  203     248       1
  204     241       1
  205     340       1
  206     396       1
  207     309       1
  208     265       1
  209     486       1
  210     445       1
  213     437       1
  214     299       1
  215     359       1
  215     467       1
  217     310       1
  217     328       1
  219     344       1
  220     264       1
  220     383       1
  221     317       1
  221     472       1
  222     337       1
  225     436       1
  226     303       1
  226     359       1
  226     409       1
  227     404       1
  227     453       1
  227     484       1
  228     443       1
  230     361       1
  231     352       1
  233     381       1
  235     282       1
  235     302       1
  236     492       1
  237     474       1
  238     326       1
  240     435       1
  241     466       1
  242     243       1
  243     370       1
  244     276       1
  246     322       1
  249     274       1
  249     379       1
  249     388       1
  249     407       1
  250     413       1
  251     459       1
  253     260       1
  253     417       1
  255     447       1
  256     305       1
  256     384       1
  256     387       1
  256     444       1
  256     500       1
  261     286       1
  261     391       1
  262     271       1
  262     285       1
  262     493       1
  263     313       1
  266     384       1
  267     301       1
  267     338       1
  269     327       1
  270     276       1
  270     470       1
  275     415       1
  278     342       1
  278     398       1
  280     312       1
  280     447       1
  281     326       1
  281     471       1
  282     284       1
  287     450       1
  288     412       1
  289     429       1
  290     351       1
  293     357       1
  294     411       1
  296     364       1
  297     304       1
  297     451       1
  298     330       1
  299     357       1
  300     455       1
  301     446       1
  303     381       1
  303     382       1
  305     470       1
  306     370       1
  308     466       1
  310     320       1
  311     469       1
  313     448       1
  315     424       1
  315     463       1
  316     380       1
  316     431       1
  316     499       1
  317     416       1
  318     354       1
  318     488       1
  319     373       1
  321     364       1
  321     420       1
  322     340       1
  323     425       1
  324     353       1
  325     361       1
  325     498       1
  326     328       1
  326     423       1
  329     408       1
  329     469       1
  329     485       1
  331     433       1
  333     341       1
  337     373       1
  337     425       1
  337     485       1
  340     346       1
  341     406       1
  342     374       1
  342     412       1
  342     418       1
  343     389       1
  349     469       1
  349     482       1
  350     395       1
  350     424       1
  356     384       1
  358     360       1
  359     381       1
  360     374       1
  364     366       1
  364     390       1
  365     497       1
  366     429       1
  368     464       1
  374     453       1
  376     452       1
  377     394       1
  379     458       1
  380     481       1
  383     475       1
  385     474       1
  387     401       1
  387     429       1
  387     474       1
  391     401       1
  393     456       1
  395     427       1
  397     476       1
  399     494       1
  400     401       1
  405     408       1
  411     439       1
  417     450       1
  417     493       1
  422     431       1
  424     479       1
  431     432       1
  438     470       1
  440     492       1
  441     459       1
  452     478       1
  457     463       1
  461     492       1
  473     497       1
  478     487       1
