  800     842
    1     436       1
    1     444       1
    2     222       1
    2     461       1
    2     702       1
    3     508       1
    4     205       1
    4     354       1
    5      51       1
    5      64       1
    5     743       1
    6     471       1
    7     281       1
    7     560       1
    8     245       1
    8     266       1
    8     347       1
    8     362       1
    8     479       1
    8     554       1
    8     691       1
    9     255       1
   10      72       1
   11     126       1
   12     602       1
   12     604       1
   13     752       1
   14     142       1
   14     379       1
   14     382       1
   14     583       1
   15     260       1
   15     345       1
   16      85       1
   16     382       1
   16     751       1
   17     397       1
   17     477       1
   18     419       1
   19     272       1
   19     730       1
   19     793       1
   20     133       1
   21      60       1
   21     153       1
   21     166       1
   21     326       1
   21     471       1
   21     711       1
   22     128       1
   22     193       1
   23      74       1
   24     344       1
   24     459       1
   24     571       1
   25     408       1
   26     253       1
   26     453       1
   26     650       1
   26     756       1
   27     504       1
   28     472       1
   28     761       1
   29     313       1
   30     795       1
   31     657       1
   31     682       1
   32     186       1
   33     626       1
   34     617       1
   34     776       1
   34     786       1
   35     554       1
   35     641       1
   36     370       1
   36     703       1
   37     272       1
   37     692       1
   38     689       1
   39     228       1
   39     440       1
   40      58       1
   41     321       1
   41     406       1
   41     516       1
   42     631       1
   43     269       1
   44     153       1
   44     489       1
   45     317       1
   46     248       1
   46     470       1
   46     573       1
   47      97       1
   48     584       1
   49     419       1
   49     669       1
   50     245       1
   50     414       1
   50     621       1
   50     705       1
   51     389       1
   52     488       1
   52     603       1
   53     158       1
   53     213       1
   53     536       1
   54     463       1
   54     519       1
   55     257       1
   55     374       1
   56     445       1
   57     442       1
   57     743       1
   58      62       1
   59     220       1
   59     438       1
   59     661       1
   60     308       1
   60     629       1
   60     772       1
   61     142       1
   61     267       1
   61     663       1
   61     720       1
   62     391       1
   62     797       1
   63     688       1
   64     337       1
   64     385       1
   64     458       1
   64     526       1
   64     669       1
   65     371       1
   66     663       1
   67     443       1
   68     180       1
   68     226       1
   68     337       1
   69     741       1
   70     340       1
   70     394       1
   71     376       1
   72     529       1
   72     556       1
   72     610       1
   73     351       1
   74      84       1
   74     397       1
   74     660       1
   74     703       1
   75     143       1
   76     260       1
   76     346       1
   77     187       1
   77     361       1
   78     736       1
   79     312       1
   80     395       1
   81     118       1
   82     240       1
   82     296       1
   83     323       1
   84     153       1
   84     285       1
   84     316       1
   84     342       1
   84     391       1
   84     537       1
   84     780       1
   86     292       1
   86     491       1
   86     492       1
   87     216       1
   87     355       1
   88     581       1
   88     623       1
   89     309       1
   89     371       1
   89     727       1
   90     491       1
   90     596       1
   91     534       1
   92     391       1
   92     782       1
   93     571       1
   94     211       1
   94     423       1
   94     540       1
   94     605       1
   94     664       1
   95     118       1
   95     393       1
   95     508       1
   96     440       1
   96     779       1
   97     521       1
   97     789       1
   98     507       1
   99     390       1
  100     131       1
  101     469       1
  102     501       1
  102     755       1
  103     463       1
  104     184       1
  105     304       1
  106     664       1
  107     314       1
  107     785       1
  108     123       1
  108     235       1
  108     564       1
  108     677       1
  108     746       1
  109     301       1
  109     424       1
  110     462       1
  110     558       1
  111     571       1
  112     799       1
  113     187       1
  113     426       1
  114     467       1
  115     550       1
  116     281       1
  117     314       1
  118     139       1
  118     142       1
  118     320       1
  118     431       1
  118     509       1
  119     349       1
  119     496       1
  119     776       1
  120     717       1
  121     514       1
  122     176       1
  123     133       1
  124     747       1
  125     246       1
  125     307       1
  125     385       1
  126     440       1
  127     304       1
  128     182       1
  129     132       1
  130     138       1
  130     283       1
  130     761       1
  131     746       1
  132     631       1
  133     265       1
  134     649       1
  135     151       1
  136     282       1
  137     339       1
  138     416       1
  138     443       1
  139     253       1
  139     456       1
  139     635       1
  140     237       1
  140     438       1
  141     142       1
  141     510       1
  142     435       1
  142     581       1
  143     290       1
  143     783       1
  144     277       1
  145     511       1
  146     243       1
  147     511       1
  147     525       1
  147     703       1
  147     722       1
  148     449       1
  148     680       1
  149     561       1
  150     294       1
  150     310       1
  150     520       1
  150     609       1
  150     741       1
  151     308       1
  151     412       1
  151     417       1
  151     723       1
  151     770       1
  152     185       1
  152     478       1
  153     284       1
  153     405       1
  153     647       1
  153     761       1
  154     481       1
  154     498       1
  155     719       1
  156     492       1
  157     573       1
  159     488       1
  159     742       1
  160     432       1
  160     672       1
  161     215       1
  162     551       1
  163     406       1
  163     455       1
  164     238       1
  165     463       1
  166     263       1
  167     257       1
  168     193       1
  169     544       1
  169     604       1
  170     205       1
  171     241       1
  171     738       1
  172     256       1
  172     388       1
  173     387       1
  174     205       1
  175     739       1
  176     251       1
  176     429       1
  176     468       1
  176     545       1
  176     678       1
  177     268       1
  178     365       1
  179     515       1
  180     217       1
  181     193       1
  181     276       1
  181     774       1
  183     425       1
  184     440       1
  184     712       1
  185     302       1
  185     320       1
  186     218       1
  186     285       1
  187     527       1
  187     557       1
  187     715       1
  188     243       1
  189     491       1
  189     530       1
  190     242       1
  190     312       1
  191     295       1
  192     323       1
  193     289       1
  193     342       1
  193     468       1
  193     571       1
  193     603       1
  193     737       1
  194     311       1
  194     678       1
  195     487       1
  195     614       1
  196     387       1
  196     520       1
  196     631       1
  197     235       1
  197     467       1
  197     708       1
  197     763       1
  198     583       1
  198     699       1
  199     335       1
  200     450       1
  200     557       1
  200     795       1
  201     518       1
  202     537       1
  203     621       1
  204     655       1
  205     571       1
  206     764       1
  207     321       1
  207     533       1
  208     302       1
  208     330       1
  208     660       1
  209     518       1
  210     338       1
  210     405       1
  210     416       1
  210     467       1
  211     437       1
  212     602       1
  213     390       1
  213     678       1
  214     450       1
  215     383       1
  216     465       1
  216     655       1
  217     532       1
  218     502       1
  218     665       1
  219     316       1
  219     595       1
  220     506       1
  220     614       1
  220     723       1
  221     559       1
  223     438       1
  223     570       1
  224     259       1
  224     437       1
  224     482       1
  224     539       1
  224     577       1
  225     288       1
  225     540       1
  227     240       1
  227     761       1
  229     559       1
  230     791       1
  231     536       1
  232     438       1
  233     725       1
  234     581       1
  235     410       1
  235     425       1
  235     484       1
  235     569       1
  235     706       1
  236     399       1
  236     669       1
  237     293       1
  237     482       1
  237     796       1
  238     342       1
  238     498       1
  239     251       1
  241     268       1
  241     271       1
  241     480       1
  241     584       1
  243     367       1
  243     396       1
  243     405       1
  243     586       1
  244     671       1
  244     705       1
  247     490       1
  247     520       1
  249     764       1
  250     653       1
  250     667       1
  250     690       1
  250     765       1
  251     337       1
  251     400       1
  252     375       1
  252     489       1
  254     405       1
  254     528       1
  255     336       1
  255     530       1
  256     520       1
  257     551       1
  257     654       1
  258     573       1
  260     424       1
  260     504       1
  260     625       1
  260     639       1
  260     781       1
  261     670       1
  262     310       1
  262     566       1
  263     402       1
  264     583       1
  265     582       1
  266     796       1
  267     419       1
  267     616       1
  268     297       1
  268     389       1
  269     379       1
  270     543       1
  271     380       1
  271     509       1
  272     304       1
  272     316       1
  272     445       1
  272     739       1
  272     745       1
  273     454       1
  274     601       1
  275     555       1
  275     654       1
  277     513       1
  278     306       1
  278     741       1
  279     560       1
  280     366       1
  281     411       1
  281     429       1
  282     325       1
  284     325       1
  284     424       1
  284     661       1
  284     688       1
  285     736       1
  286     485       1
  286     681       1
  286     754       1
  287     423       1
  287     701       1
  288     635       1
  288     693       1
  289     493       1
  290     353       1
  291     558       1
  294     323       1
  294     533       1
  295     373       1
  297     717       1
  298     789       1
  299     692       1
  300     341       1
  300     494       1
  301     640       1
  303     633       1
  305     499       1
  305     785       1
  307     522       1
  308     676       1
  308     791       1
  312     537       1
  312     675       1
  312     682       1
  313     463       1
  313     572       1
  314     503       1
  315     357       1
  315     550       1
  316     321       1
  316     343       1
  316     557       1
  317     467       1
  318     344       1
  318     457       1
  319     567       1
  321     733       1
  322     573       1
  323     332       1
  323     438       1
  324     600       1
  325     403       1
  325     422       1
  325     542       1
  325     648       1
  327     715       1
  328     420       1
  329     386       1
  329     654       1
  330     373       1
  331     747       1
  333     657       1
  334     374       1
  335     482       1
  337     641       1
  337     731       1
  337     749       1
  338     440       1
  339     677       1
  340     377       1
  340     449       1
  340     719       1
  341     427       1
  342     655       1
  344     600       1
  345     441       1
  345     789       1
  348     562       1
  348     799       1
  350     524       1
  350     704       1
  351     365       1
  351     654       1
  352     523       1
  352     576       1
  352     739       1
  353     468       1
  353     496       1
  353     559       1
  356     392       1
  356     767       1
  357     587       1
  358     664       1
  359     483       1
  360     580       1
  360     780       1
  361     685       1
  362     695       1
  363     535       1
  363     631       1
  364     490       1
  365     769       1
  366     776       1
  368     473       1
  368     672       1
  369     483       1
  371     531       1
  371     544       1
  371     587       1
  371     690       1
  372     384       1
  373     466       1
  373     534       1
  373     762       1
  373     787       1
  376     379       1
  377     472       1
  377     563       1
  378     438       1
  381     790       1
  382     668       1
  383     529       1
  383     661       1
  384     679       1
  387     436       1
  391     463       1
  391     493       1
  391     494       1
  391     626       1
  394     712       1
  395     615       1
  395     688       1
  396     451       1
  397     517       1
  397     710       1
  398     667       1
  400     518       1
  400     697       1
  400     726       1
  401     609       1
  402     486       1
  403     597       1
  404     752       1
  405     482       1
  405     500       1
  405     509       1
  405     520       1
  407     539       1
  407     619       1
  407     713       1
  408     749       1
  409     548       1
  409     620       1
  409     741       1
  411     627       1
  413     670       1
  414     729       1
  415     508       1
  416     550       1
  417     589       1
  417     777       1
  418     689       1
  420     568       1
  421     530       1
  424     724       1
  425     464       1
  425     585       1
  428     494       1
  428     502       1
  429     573       1
  429     789       1
  430     646       1
  431     469       1
  433     676       1
  434     683       1
  435     752       1
  439     573       1
  439     718       1
  439     798       1
  440     509       1
  440     594       1
  440     690       1
  443     792       1
  445     601       1
  446     662       1
  446     688       1
  447     667       1
  448     568       1
  449     548       1
  449     628       1
  452     586       1
  454     622       1
  454     759       1
  456     547       1
  458     553       1
  458     686       1
  459     524       1
  459     783       1
  460     518       1
  460     766       1
  467     508       1
  468     551       1
  468     608       1
  470     750       1
  474     481       1
  475     541       1
  476     654       1
  482     495       1
  482     513       1
  482     561       1
  482     790       1
  482     798       1
  483     758       1
  487     494       1
  487     694       1
  489     599       1
  489     701       1
  494     683       1
  494     740       1
  494     779       1
  497     529       1
  498     700       1
  501     698       1
  505     647       1
  505     680       1
  505     703       1
  506     730       1
  507     746       1
  509     549       1
  509     702       1
  510     598       1
  512     572       1
  513     714       1
  514     526       1
  515     644       1
  515     724       1
  518     699       1
  520     632       1
  520     687       1
  528     588       1
  528     631       1
  530     592       1
  532     655       1
  534     666       1
  535     764       1
  536     659       1
  536     709       1
  538     746       1
  539     646       1
  541     714       1
  543     767       1
  546     606       1
  550     762       1
  551     696       1
  552     767       1
  554     565       1
  556     651       1
  558     702       1
  559     611       1
  560     605       1
  561     607       1
  566     775       1
  567     719       1
  568     642       1
  568     661       1
  568     725       1
  572     612       1
  574     676       1
  575     689       1
  577     636       1
  578     654       1
  578     738       1
  579     746       1
  586     587       1
  586     602       1
  586     690       1
  587     588       1
  589     757       1
  590     758       1
  591     783       1
  592     631       1
  592     749       1
  593     628       1
  603     606       1
  613     732       1
  614     673       1
  614     760       1
  618     665       1
  623     624       1
  624     711       1
  625     755       1
  626     758       1
  630     747       1
  633     749       1
  634     719       1
  637     655       1
  638     646       1
  641     657       1
  641     679       1
  643     688       1
  645     766       1
  649     772       1
  652     795       1
  653     670       1
  653     735       1
  656     710       1
  658     732       1
  658     755       1
  661     771       1
  664     745       1
  672     688       1
  672     773       1
  674     677       1
  677     800       1
  684     719       1
  689     748       1
  692     716       1
  699     767       1
  702     785       1
  707     777       1
  711     794       1
  714     768       1
  715     719       1
  721     789       1
  722     778       1
  724     753       1
  726     754       1
  728     754       1
  731     734       1
  731     737       1
  736     759       1
  739     788       1
  743     799       1
  744     779       1
  747     754       1
  747     761       1
  748     762       1
  755     784       1
