  400     429
    1       6       1
    1     273       1
    1     318       1
    2     322       1
    3     400       1
    4     183       1
    4     207       1
    4     210       1
    4     378       1
    5     319       1
    6     205       1
    7     101       1
    8     210       1
    9     191       1
    9     244       1
   10     203       1
   10     336       1
   11     102       1
   12      52       1
   13     121       1
   13     188       1
   14      76       1
   14     329       1
   15     291       1
   16      51       1
   16     111       1
   16     270       1
   16     312       1
   17      39       1
   17      85       1
   17     266       1
   17     397       1
   18      35       1
   18     178       1
   19     198       1
   19     384       1
   20     196       1
   21      69       1
   21     167       1
   21     225       1
   21     231       1
   21     292       1
   22     252       1
   22     400       1
   23     380       1
   24     380       1
   25     241       1
   25     265       1
   26     392       1
   27     361       1
   28      84       1
   29     222       1
   30     180       1
   31     233       1
   32      83       1
   32     105       1
   32     280       1
   33     202       1
   33     204       1
   33     284       1
   33     342       1
   33     381       1
   34     130       1
   34     149       1
   35     323       1
   36     223       1
   37     152       1
   38     141       1
   38     160       1
   38     232       1
   38     272       1
   38     297       1
   40     163       1
   40     285       1
   41     381       1
   42      92       1
   42     280       1
   42     374       1
   43     341       1
   44     314       1
   44     358       1
   45      46       1
   45      93       1
   45     207       1
   45     308       1
   45     322       1
   46     179       1
   46     238       1
   46     301       1
   46     307       1
   47     101       1
   48     214       1
   48     281       1
   49      55       1
   50      91       1
   50     230       1
   50     279       1
   50     286       1
   50     294       1
   50     312       1
   50     324       1
   50     347       1
   50     379       1
   51      65       1
   51      84       1
   51     161       1
   51     237       1
   51     396       1
   52     267       1
   52     368       1
   52     396       1
   53     140       1
   53     156       1
   54     213       1
   54     217       1
   54     379       1
   55     344       1
   56     174       1
   56     356       1
   57     182       1
   57     192       1
   57     213       1
   57     224       1
   57     376       1
   58     222       1
   58     340       1
   59     157       1
   59     178       1
   60      63       1
   60     383       1
   61     219       1
   61     335       1
   61     374       1
   62      70       1
   62     196       1
   62     372       1
   62     388       1
   64     153       1
   65     235       1
   66     278       1
   67     245       1
   67     369       1
   68     117       1
   68     145       1
   69     207       1
   70     298       1
   71     133       1
   72     197       1
   73     148       1
   73     303       1
   73     360       1
   74     147       1
   74     272       1
   75      88       1
   75     113       1
   76     397       1
   77     114       1
   78     393       1
   79     194       1
   79     237       1
   80      86       1
   80      87       1
   80      96       1
   80     290       1
   81     336       1
   81     361       1
   82     271       1
   83     169       1
   84     158       1
   85     272       1
   85     283       1
   85     357       1
   89     372       1
   90     215       1
   93     173       1
   94     115       1
   94     249       1
   94     332       1
   95     271       1
   97     179       1
   98     153       1
   98     235       1
   99     144       1
  100     330       1
  100     333       1
  101     107       1
  101     123       1
  102     264       1
  103     148       1
  103     387       1
  104     113       1
  104     127       1
  104     358       1
  104     386       1
  105     240       1
  105     365       1
  106     240       1
  107     207       1
  107     241       1
  107     337       1
  107     389       1
  108     287       1
  108     347       1
  108     390       1
  109     214       1
  110     289       1
  112     332       1
  113     128       1
  113     207       1
  114     210       1
  114     345       1
  115     311       1
  116     272       1
  116     274       1
  117     327       1
  118     176       1
  118     265       1
  119     323       1
  120     146       1
  121     262       1
  121     332       1
  121     375       1
  121     380       1
  122     305       1
  122     348       1
  124     387       1
  125     370       1
  126     167       1
  126     178       1
  127     149       1
  129     307       1
  130     325       1
  130     363       1
  131     379       1
  132     389       1
  133     137       1
  133     337       1
  134     196       1
  134     229       1
  134     308       1
  135     180       1
  135     244       1
  135     372       1
  136     300       1
  138     387       1
  139     345       1
  141     185       1
  142     167       1
  142     254       1
  142     295       1
  143     361       1
  144     291       1
  146     367       1
  146     395       1
  147     377       1
  148     242       1
  148     296       1
  149     347       1
  149     348       1
  150     316       1
  151     228       1
  152     197       1
  152     280       1
  153     308       1
  154     312       1
  155     176       1
  156     318       1
  157     164       1
  159     296       1
  162     180       1
  162     236       1
  162     304       1
  162     350       1
  165     277       1
  166     278       1
  167     282       1
  167     296       1
  167     346       1
  167     385       1
  168     368       1
  169     261       1
  170     372       1
  171     311       1
  172     204       1
  173     175       1
  173     359       1
  175     360       1
  176     373       1
  177     196       1
  177     323       1
  180     198       1
  180     220       1
  180     233       1
  180     324       1
  181     195       1
  181     324       1
  182     294       1
  184     230       1
  186     252       1
  186     304       1
  187     244       1
  187     327       1
  189     219       1
  190     380       1
  190     393       1
  191     273       1
  192     331       1
  193     285       1
  193     334       1
  196     288       1
  196     301       1
  196     383       1
  197     394       1
  198     277       1
  199     275       1
  200     293       1
  200     321       1
  201     342       1
  202     223       1
  202     338       1
  205     227       1
  206     274       1
  207     310       1
  207     324       1
  207     341       1
  207     396       1
  208     372       1
  209     298       1
  211     260       1
  212     259       1
  214     258       1
  214     290       1
  215     352       1
  216     232       1
  218     272       1
  221     274       1
  221     300       1
  221     326       1
  222     351       1
  223     355       1
  226     227       1
  227     272       1
  227     369       1
  228     303       1
  228     376       1
  230     257       1
  230     268       1
  234     297       1
  235     311       1
  236     364       1
  239     288       1
  241     316       1
  241     382       1
  242     340       1
  243     371       1
  244     285       1
  245     278       1
  246     319       1
  247     278       1
  248     319       1
  249     320       1
  250     397       1
  251     258       1
  252     339       1
  252     374       1
  252     384       1
  253     388       1
  255     385       1
  256     335       1
  258     280       1
  258     290       1
  258     354       1
  259     335       1
  260     322       1
  262     305       1
  263     294       1
  264     368       1
  265     299       1
  269     328       1
  269     337       1
  269     352       1
  271     380       1
  272     296       1
  272     324       1
  272     367       1
  272     398       1
  274     293       1
  275     374       1
  276     374       1
  277     313       1
  278     291       1
  278     379       1
  280     283       1
  282     391       1
  283     332       1
  287     390       1
  288     349       1
  288     362       1
  289     344       1
  292     310       1
  293     326       1
  295     309       1
  301     327       1
  301     333       1
  302     349       1
  306     325       1
  309     324       1
  312     317       1
  314     341       1
  315     390       1
  318     353       1
  318     379       1
  318     392       1
  319     347       1
  324     374       1
  324     381       1
  325     399       1
  330     352       1
  332     373       1
  335     371       1
  336     374       1
  339     359       1
  341     359       1
  343     367       1
  344     360       1
  356     381       1
  366     396       1
  367     396       1
  370     372       1
