  800     842
    1     510       1
    2     488       1
    3     393       1
    4     309       1
    4     487       1
    5     298       1
    5     720       1
    6     252       1
    7     234       1
    8      90       1
    9     258       1
    9     289       1
    9     421       1
    9     630       1
    9     759       1
   10      71       1
   10      78       1
   10     153       1
   11     477       1
   12     731       1
   13     487       1
   13     650       1
   14      62       1
   15     270       1
   16     127       1
   16     409       1
   16     454       1
   16     594       1
   17     328       1
   18     300       1
   18     335       1
   19      93       1
   19     420       1
   19     491       1
   19     586       1
   20     241       1
   20     724       1
   21     250       1
   22     458       1
   22     483       1
   22     619       1
   23     113       1
   24      36       1
   24     332       1
   24     416       1
   25     248       1
   26      56       1
   26     546       1
   26     682       1
   26     711       1
   27     386       1
   27     403       1
   27     414       1
   28      74       1
   29     589       1
   30     467       1
   31     329       1
   32      64       1
   33     567       1
   34     100       1
   34     625       1
   35     701       1
   36     354       1
   37     670       1
   38     466       1
   39     425       1
   39     738       1
   39     748       1
   40     399       1
   40     540       1
   40     784       1
   41     208       1
   41     337       1
   41     773       1
   42     345       1
   42     766       1
   43      73       1
   43     297       1
   44      56       1
   45     566       1
   45     723       1
   46     405       1
   46     537       1
   46     573       1
   46     609       1
   47      90       1
   47     202       1
   47     712       1
   48     502       1
   49     368       1
   49     381       1
   50     137       1
   50     221       1
   51      69       1
   51     466       1
   52     595       1
   53      99       1
   53     310       1
   53     321       1
   53     364       1
   53     373       1
   53     764       1
   53     774       1
   54     248       1
   55     603       1
   56     116       1
   56     274       1
   56     722       1
   56     732       1
   56     786       1
   57      93       1
   58      72       1
   58     210       1
   58     502       1
   58     732       1
   59      77       1
   59     747       1
   59     798       1
   60     139       1
   60     352       1
   60     373       1
   61     124       1
   61     373       1
   61     753       1
   62      67       1
   62     144       1
   62     607       1
   63     247       1
   64     472       1
   65     212       1
   65     623       1
   66     653       1
   68     140       1
   69     373       1
   69     428       1
   70     127       1
   72     367       1
   72     662       1
   73     108       1
   73     158       1
   73     499       1
   74     595       1
   74     623       1
   75     597       1
   76     411       1
   77     575       1
   77     692       1
   78     586       1
   78     769       1
   79     103       1
   80     125       1
   80     213       1
   81     473       1
   81     711       1
   82     690       1
   83     453       1
   84     312       1
   84     368       1
   85     609       1
   86     225       1
   87     257       1
   87     449       1
   87     610       1
   88     410       1
   88     737       1
   89      93       1
   89     121       1
   89     317       1
   89     572       1
   89     759       1
   90     333       1
   90     651       1
   90     722       1
   91     152       1
   91     370       1
   92     793       1
   93     106       1
   93     450       1
   93     509       1
   94     157       1
   95     266       1
   96     237       1
   97     800       1
   98     195       1
  100     181       1
  101     265       1
  102     755       1
  103     164       1
  104     491       1
  105     344       1
  105     599       1
  105     613       1
  105     661       1
  106     308       1
  106     326       1
  107     786       1
  109     127       1
  109     169       1
  109     260       1
  110     603       1
  111     484       1
  112     790       1
  113     198       1
  113     452       1
  113     461       1
  113     767       1
  114     576       1
  115     418       1
  115     767       1
  116     646       1
  117     633       1
  118     162       1
  119     735       1
  120     465       1
  120     468       1
  120     504       1
  120     511       1
  120     664       1
  121     291       1
  121     487       1
  122     565       1
  123     335       1
  123     690       1
  124     524       1
  125     203       1
  125     517       1
  126     499       1
  127     426       1
  127     561       1
  128     702       1
  129     298       1
  130     408       1
  131     265       1
  132     164       1
  132     339       1
  133     645       1
  134     354       1
  134     411       1
  134     615       1
  134     716       1
  134     800       1
  135     217       1
  135     365       1
  135     653       1
  135     770       1
  135     797       1
  136     289       1
  137     324       1
  137     348       1
  137     368       1
  137     377       1
  138     233       1
  138     552       1
  138     722       1
  139     555       1
  140     171       1
  140     232       1
  140     284       1
  140     354       1
  141     399       1
  141     605       1
  142     370       1
  143     313       1
  143     730       1
  144     642       1
  144     790       1
  145     207       1
  145     587       1
  145     772       1
  146     695       1
  147     573       1
  148     319       1
  148     725       1
  149     172       1
  150     183       1
  150     641       1
  151     492       1
  151     547       1
  151     627       1
  152     670       1
  154     256       1
  154     354       1
  154     497       1
  154     567       1
  155     650       1
  156     752       1
  157     172       1
  157     356       1
  157     674       1
  159     274       1
  159     659       1
  160     525       1
  160     584       1
  161     344       1
  162     340       1
  162     703       1
  162     771       1
  163     692       1
  164     199       1
  164     221       1
  164     387       1
  165     700       1
  165     757       1
  166     379       1
  167     187       1
  167     673       1
  168     543       1
  170     192       1
  170     353       1
  170     514       1
  173     712       1
  174     373       1
  174     678       1
  174     710       1
  175     742       1
  176     240       1
  176     314       1
  177     735       1
  178     423       1
  179     193       1
  179     315       1
  179     430       1
  179     438       1
  179     654       1
  180     515       1
  180     532       1
  181     290       1
  182     702       1
  182     756       1
  183     649       1
  184     760       1
  185     486       1
  186     632       1
  186     741       1
  187     218       1
  187     425       1
  188     245       1
  188     271       1
  188     546       1
  189     510       1
  189     556       1
  190     746       1
  191     623       1
  191     693       1
  191     713       1
  192     302       1
  192     345       1
  192     580       1
  192     775       1
  193     379       1
  193     646       1
  193     716       1
  194     291       1
  195     277       1
  195     362       1
  195     471       1
  195     556       1
  195     580       1
  195     751       1
  196     537       1
  197     205       1
  197     502       1
  197     755       1
  198     292       1
  198     436       1
  198     718       1
  198     796       1
  199     776       1
  200     285       1
  201     348       1
  203     280       1
  203     387       1
  204     385       1
  206     214       1
  206     518       1
  207     567       1
  208     523       1
  208     780       1
  209     332       1
  211     398       1
  212     672       1
  213     269       1
  213     425       1
  213     567       1
  213     638       1
  214     663       1
  215     240       1
  216     493       1
  217     278       1
  219     404       1
  219     685       1
  220     400       1
  221     328       1
  221     388       1
  221     449       1
  221     490       1
  221     578       1
  221     622       1
  221     732       1
  222     394       1
  222     711       1
  222     725       1
  223     395       1
  223     460       1
  224     239       1
  224     384       1
  224     579       1
  225     281       1
  225     346       1
  225     625       1
  226     511       1
  227     276       1
  227     334       1
  227     538       1
  227     647       1
  228     268       1
  228     492       1
  228     685       1
  228     743       1
  229     672       1
  230     718       1
  230     791       1
  231     493       1
  233     385       1
  234     294       1
  234     334       1
  234     460       1
  234     564       1
  235     367       1
  236     619       1
  237     294       1
  238     416       1
  238     574       1
  240     315       1
  240     424       1
  241     794       1
  242     739       1
  243     762       1
  244     485       1
  244     737       1
  246     609       1
  247     296       1
  248     288       1
  248     294       1
  249     646       1
  250     695       1
  251     744       1
  252     384       1
  252     795       1
  253     307       1
  253     480       1
  253     620       1
  253     667       1
  254     672       1
  255     364       1
  258     451       1
  259     334       1
  259     439       1
  259     579       1
  261     271       1
  262     550       1
  263     372       1
  264     348       1
  265     541       1
  265     764       1
  266     454       1
  267     790       1
  268     483       1
  268     731       1
  269     563       1
  270     494       1
  270     618       1
  272     413       1
  272     585       1
  273     290       1
  273     665       1
  273     714       1
  274     319       1
  274     737       1
  275     784       1
  277     624       1
  278     499       1
  278     579       1
  278     640       1
  278     746       1
  279     716       1
  281     609       1
  281     634       1
  281     759       1
  282     600       1
  283     425       1
  284     663       1
  285     716       1
  286     374       1
  286     580       1
  287     622       1
  288     402       1
  288     409       1
  290     391       1
  290     711       1
  290     763       1
  291     686       1
  293     699       1
  294     409       1
  294     467       1
  295     602       1
  296     388       1
  298     395       1
  299     719       1
  301     348       1
  302     597       1
  302     759       1
  303     620       1
  304     455       1
  304     698       1
  305     677       1
  305     681       1
  305     796       1
  306     403       1
  308     761       1
  310     500       1
  310     749       1
  311     668       1
  312     389       1
  316     630       1
  317     479       1
  318     729       1
  318     736       1
  320     579       1
  321     720       1
  322     788       1
  323     479       1
  324     406       1
  324     545       1
  325     396       1
  325     399       1
  325     613       1
  325     626       1
  325     732       1
  326     429       1
  327     496       1
  327     526       1
  328     424       1
  328     720       1
  329     654       1
  329     752       1
  330     725       1
  331     397       1
  336     419       1
  337     435       1
  338     350       1
  338     725       1
  341     385       1
  341     605       1
  342     573       1
  343     496       1
  346     641       1
  346     776       1
  347     467       1
  348     357       1
  349     623       1
  351     766       1
  354     386       1
  354     427       1
  354     456       1
  354     660       1
  354     688       1
  354     730       1
  355     443       1
  356     640       1
  357     584       1
  357     655       1
  358     367       1
  359     452       1
  360     565       1
  361     415       1
  361     478       1
  361     646       1
  362     670       1
  363     567       1
  364     679       1
  364     687       1
  366     408       1
  366     691       1
  369     767       1
  370     482       1
  370     643       1
  371     536       1
  372     759       1
  373     465       1
  373     667       1
  375     546       1
  375     760       1
  376     703       1
  377     535       1
  378     492       1
  378     516       1
  379     576       1
  379     644       1
  380     385       1
  382     701       1
  382     727       1
  383     532       1
  384     799       1
  386     624       1
  386     717       1
  387     512       1
  387     633       1
  388     719       1
  389     592       1
  389     642       1
  390     621       1
  390     786       1
  392     483       1
  392     787       1
  393     503       1
  396     733       1
  397     459       1
  397     696       1
  398     581       1
  398     712       1
  399     527       1
  399     595       1
  400     487       1
  401     789       1
  402     408       1
  402     618       1
  406     530       1
  407     524       1
  407     554       1
  409     447       1
  409     759       1
  409     787       1
  411     742       1
  412     661       1
  413     462       1
  413     601       1
  415     608       1
  415     652       1
  417     682       1
  419     596       1
  420     783       1
  421     739       1
  422     424       1
  423     634       1
  428     709       1
  431     564       1
  431     566       1
  432     537       1
  433     701       1
  433     762       1
  434     503       1
  435     557       1
  435     625       1
  435     758       1
  437     773       1
  440     557       1
  440     569       1
  440     707       1
  441     461       1
  442     678       1
  443     700       1
  444     732       1
  445     616       1
  445     670       1
  446     618       1
  447     457       1
  448     660       1
  449     493       1
  451     489       1
  451     498       1
  452     719       1
  453     789       1
  456     681       1
  457     577       1
  461     709       1
  463     795       1
  464     773       1
  465     567       1
  465     579       1
  465     616       1
  465     685       1
  465     765       1
  465     767       1
  465     777       1
  469     490       1
  470     516       1
  472     746       1
  473     484       1
  473     723       1
  474     476       1
  475     548       1
  475     693       1
  476     721       1
  477     632       1
  477     740       1
  477     790       1
  478     565       1
  479     489       1
  480     529       1
  481     580       1
  483     791       1
  485     736       1
  486     658       1
  487     505       1
  488     579       1
  490     699       1
  495     684       1
  495     759       1
  496     668       1
  497     721       1
  497     745       1
  501     646       1
  503     704       1
  503     711       1
  503     762       1
  506     515       1
  507     519       1
  507     759       1
  508     598       1
  508     800       1
  509     639       1
  510     656       1
  512     734       1
  513     703       1
  515     567       1
  519     528       1
  520     782       1
  521     567       1
  522     759       1
  523     534       1
  523     562       1
  527     726       1
  530     578       1
  531     560       1
  533     698       1
  536     569       1
  537     614       1
  537     660       1
  537     694       1
  537     788       1
  539     619       1
  540     750       1
  542     762       1
  542     777       1
  543     726       1
  544     615       1
  545     680       1
  546     568       1
  547     670       1
  547     693       1
  549     613       1
  549     635       1
  550     612       1
  551     681       1
  553     744       1
  558     580       1
  559     589       1
  560     654       1
  565     645       1
  566     631       1
  569     586       1
  570     747       1
  571     695       1
  573     593       1
  575     723       1
  578     707       1
  579     672       1
  579     680       1
  579     732       1
  579     759       1
  580     690       1
  580     792       1
  582     745       1
  583     765       1
  585     702       1
  585     770       1
  587     726       1
  588     734       1
  589     701       1
  589     800       1
  590     780       1
  591     718       1
  595     606       1
  595     631       1
  596     633       1
  600     743       1
  602     718       1
  602     773       1
  603     671       1
  604     687       1
  604     715       1
  604     746       1
  607     798       1
  609     648       1
  611     770       1
  612     646       1
  612     695       1
  616     735       1
  616     789       1
  616     790       1
  617     642       1
  619     778       1
  625     676       1
  628     737       1
  629     767       1
  630     728       1
  632     657       1
  632     666       1
  636     730       1
  637     785       1
  644     689       1
  646     649       1
  646     800       1
  647     726       1
  658     730       1
  664     708       1
  668     711       1
  669     722       1
  671     681       1
  673     754       1
  675     728       1
  678     779       1
  683     699       1
  688     744       1
  690     743       1
  692     710       1
  693     768       1
  693     785       1
  696     777       1
  697     729       1
  698     796       1
  700     731       1
  703     759       1
  705     784       1
  706     753       1
  732     773       1
  739     782       1
  750     791       1
  773     794       1
  781     786       1
  787     793       1
