  800     842
    1      50       1
    1     540       1
    2     393       1
    2     631       1
    3     419       1
    3     572       1
    3     605       1
    4     137       1
    5     155       1
    6     183       1
    7      66       1
    8     409       1
    8     678       1
    9     503       1
    9     719       1
   10     225       1
   11      81       1
   12     730       1
   13     224       1
   13     454       1
   13     458       1
   14     111       1
   14     609       1
   15     197       1
   16     263       1
   16     647       1
   17     406       1
   18      62       1
   19     235       1
   19     792       1
   20     115       1
   20     272       1
   20     435       1
   20     458       1
   20     545       1
   20     602       1
   20     759       1
   21     301       1
   22     489       1
   22     524       1
   23     614       1
   24     404       1
   24     661       1
   25     114       1
   26     101       1
   27     151       1
   27     164       1
   27     400       1
   27     421       1
   28      59       1
   29     311       1
   30     112       1
   30     161       1
   30     515       1
   31     415       1
   31     616       1
   32     589       1
   32     673       1
   33     152       1
   33     414       1
   33     645       1
   34     256       1
   35     267       1
   35     561       1
   35     614       1
   35     724       1
   36     557       1
   37     203       1
   37     310       1
   38     292       1
   38     383       1
   39     543       1
   40     693       1
   41     410       1
   42     316       1
   42     393       1
   43     655       1
   44      62       1
   44     195       1
   45     195       1
   46     557       1
   46     688       1
   47     786       1
   48     581       1
   49     578       1
   50     664       1
   51     265       1
   52     592       1
   53     135       1
   53     598       1
   53     764       1
   54     201       1
   54     420       1
   54     559       1
   55     645       1
   56      95       1
   56     293       1
   56     324       1
   56     456       1
   56     640       1
   57     774       1
   58     751       1
   59     134       1
   59     275       1
   59     423       1
   59     673       1
   60     294       1
   61     232       1
   63     276       1
   63     346       1
   63     380       1
   63     743       1
   63     759       1
   64     247       1
   64     269       1
   64     494       1
   64     511       1
   64     644       1
   65      71       1
   65     167       1
   66     214       1
   66     264       1
   67     202       1
   67     367       1
   68     307       1
   68     589       1
   69      93       1
   69     238       1
   69     503       1
   69     697       1
   70     601       1
   71     126       1
   72     780       1
   73     634       1
   73     660       1
   73     694       1
   74     113       1
   74     347       1
   74     666       1
   75     318       1
   76     793       1
   77     193       1
   78     275       1
   79      91       1
   79     658       1
   80     183       1
   81     202       1
   81     585       1
   82     560       1
   82     749       1
   83     457       1
   83     580       1
   83     620       1
   84     581       1
   85     154       1
   85     201       1
   85     522       1
   86     193       1
   86     206       1
   86     490       1
   86     637       1
   86     712       1
   86     759       1
   86     787       1
   87     342       1
   88     299       1
   88     325       1
   88     381       1
   88     510       1
   88     692       1
   89     377       1
   89     513       1
   89     772       1
   90     108       1
   90     766       1
   91     168       1
   91     236       1
   92     209       1
   93     132       1
   93     339       1
   93     361       1
   94     480       1
   94     649       1
   95     130       1
   95     477       1
   95     681       1
   95     730       1
   96     123       1
   96     634       1
   96     713       1
   97     132       1
   98     155       1
   98     333       1
   98     445       1
   98     551       1
   98     610       1
   99     374       1
  100     246       1
  100     627       1
  101     208       1
  101     386       1
  102     255       1
  103     519       1
  104     173       1
  105     284       1
  105     474       1
  105     789       1
  106     474       1
  107     151       1
  108     439       1
  109     575       1
  110     214       1
  111     219       1
  112     151       1
  112     187       1
  112     349       1
  113     637       1
  114     405       1
  114     436       1
  114     514       1
  115     741       1
  116     231       1
  117     227       1
  117     235       1
  117     368       1
  118     575       1
  119     361       1
  120     410       1
  120     451       1
  120     497       1
  121     472       1
  122     482       1
  124     262       1
  125     378       1
  125     772       1
  126     502       1
  127     505       1
  127     784       1
  128     476       1
  128     593       1
  129     404       1
  131     433       1
  133     651       1
  134     287       1
  134     340       1
  134     635       1
  135     419       1
  136     189       1
  136     693       1
  137     493       1
  137     531       1
  138     755       1
  139     308       1
  140     179       1
  141     775       1
  142     362       1
  142     481       1
  143     344       1
  144     456       1
  145     449       1
  145     484       1
  145     744       1
  146     647       1
  147     682       1
  148     756       1
  149     276       1
  150     279       1
  151     366       1
  151     639       1
  151     675       1
  151     750       1
  151     759       1
  152     542       1
  152     779       1
  153     399       1
  153     581       1
  154     211       1
  155     353       1
  155     605       1
  156     532       1
  157     502       1
  158     159       1
  158     432       1
  158     797       1
  159     364       1
  160     268       1
  160     422       1
  160     628       1
  162     536       1
  163     186       1
  163     517       1
  164     539       1
  165     421       1
  166     348       1
  166     613       1
  166     770       1
  167     278       1
  167     279       1
  167     304       1
  167     371       1
  169     266       1
  169     293       1
  169     310       1
  169     532       1
  169     615       1
  169     706       1
  169     781       1
  170     484       1
  171     351       1
  171     517       1
  172     314       1
  172     679       1
  173     528       1
  174     320       1
  174     563       1
  174     650       1
  175     493       1
  176     472       1
  177     744       1
  178     393       1
  179     365       1
  180     500       1
  180     630       1
  181     640       1
  182     313       1
  182     684       1
  182     705       1
  183     286       1
  184     737       1
  185     322       1
  186     187       1
  186     548       1
  187     336       1
  187     774       1
  188     302       1
  188     314       1
  188     320       1
  188     513       1
  188     605       1
  188     759       1
  189     384       1
  189     605       1
  189     733       1
  190     489       1
  191     197       1
  192     196       1
  192     407       1
  193     654       1
  193     655       1
  193     758       1
  194     615       1
  195     320       1
  196     672       1
  197     581       1
  198     309       1
  199     316       1
  199     600       1
  200     302       1
  201     532       1
  201     776       1
  202     206       1
  202     293       1
  202     595       1
  202     665       1
  204     516       1
  204     517       1
  205     268       1
  205     566       1
  205     742       1
  206     431       1
  206     492       1
  206     523       1
  206     593       1
  207     614       1
  207     761       1
  209     686       1
  210     670       1
  210     738       1
  212     428       1
  213     375       1
  214     465       1
  214     765       1
  215     487       1
  215     633       1
  216     734       1
  217     297       1
  217     490       1
  218     340       1
  220     658       1
  221     253       1
  222     271       1
  222     315       1
  222     514       1
  223     330       1
  225     397       1
  225     562       1
  225     666       1
  226     605       1
  226     607       1
  226     699       1
  227     532       1
  228     257       1
  228     292       1
  228     626       1
  229     357       1
  229     535       1
  230     448       1
  231     605       1
  231     613       1
  232     293       1
  232     680       1
  232     792       1
  233     452       1
  234     433       1
  234     634       1
  236     393       1
  236     410       1
  236     556       1
  237     400       1
  238     485       1
  239     430       1
  240     270       1
  241     247       1
  242     252       1
  242     531       1
  243     654       1
  244     531       1
  244     601       1
  244     800       1
  245     506       1
  248     301       1
  249     432       1
  250     291       1
  250     402       1
  250     703       1
  251     412       1
  252     376       1
  252     468       1
  252     492       1
  252     519       1
  252     527       1
  252     756       1
  252     797       1
  253     533       1
  253     576       1
  254     770       1
  255     343       1
  255     371       1
  256     717       1
  258     556       1
  259     626       1
  260     492       1
  260     780       1
  261     288       1
  262     366       1
  262     387       1
  263     341       1
  263     553       1
  263     663       1
  263     666       1
  265     528       1
  267     323       1
  267     385       1
  268     435       1
  268     723       1
  269     410       1
  269     490       1
  269     747       1
  269     783       1
  270     715       1
  272     370       1
  272     678       1
  273     736       1
  274     296       1
  277     408       1
  277     489       1
  278     604       1
  278     702       1
  279     377       1
  280     410       1
  281     498       1
  281     584       1
  282     593       1
  282     739       1
  283     729       1
  284     641       1
  284     787       1
  285     503       1
  286     287       1
  287     309       1
  287     599       1
  288     393       1
  288     786       1
  289     755       1
  290     746       1
  292     597       1
  293     308       1
  293     581       1
  294     664       1
  295     536       1
  296     770       1
  297     628       1
  298     506       1
  299     482       1
  299     720       1
  300     691       1
  301     404       1
  302     392       1
  303     556       1
  305     740       1
  306     520       1
  307     317       1
  308     318       1
  308     725       1
  309     506       1
  309     757       1
  311     389       1
  312     445       1
  313     445       1
  314     382       1
  314     525       1
  314     714       1
  315     614       1
  317     534       1
  319     623       1
  320     594       1
  320     609       1
  321     528       1
  322     638       1
  322     729       1
  323     533       1
  323     616       1
  324     752       1
  325     327       1
  325     627       1
  326     762       1
  328     398       1
  328     460       1
  328     467       1
  328     501       1
  328     522       1
  328     530       1
  328     589       1
  329     759       1
  330     565       1
  330     616       1
  330     687       1
  331     431       1
  331     579       1
  332     592       1
  333     583       1
  334     531       1
  335     710       1
  336     403       1
  337     576       1
  337     788       1
  338     442       1
  339     441       1
  340     444       1
  340     600       1
  340     605       1
  341     484       1
  341     543       1
  342     376       1
  342     756       1
  344     389       1
  344     588       1
  345     632       1
  345     720       1
  346     798       1
  349     666       1
  350     614       1
  351     573       1
  352     642       1
  353     413       1
  353     704       1
  353     738       1
  354     601       1
  355     732       1
  356     400       1
  356     471       1
  356     603       1
  357     446       1
  357     458       1
  357     469       1
  357     668       1
  358     494       1
  359     617       1
  360     680       1
  361     550       1
  363     481       1
  364     455       1
  364     558       1
  365     450       1
  369     479       1
  369     690       1
  371     675       1
  372     581       1
  373     779       1
  374     532       1
  375     434       1
  376     573       1
  376     695       1
  378     417       1
  378     608       1
  379     709       1
  381     651       1
  381     701       1
  382     520       1
  383     707       1
  385     484       1
  386     495       1
  386     727       1
  387     549       1
  387     611       1
  388     447       1
  389     689       1
  390     505       1
  390     662       1
  391     605       1
  394     559       1
  395     511       1
  396     435       1
  398     510       1
  398     657       1
  401     512       1
  401     580       1
  402     498       1
  402     507       1
  404     550       1
  404     773       1
  405     717       1
  406     657       1
  408     694       1
  410     443       1
  410     589       1
  410     787       1
  411     466       1
  411     592       1
  411     675       1
  412     675       1
  412     698       1
  414     569       1
  416     678       1
  418     661       1
  419     754       1
  422     753       1
  423     771       1
  424     622       1
  424     794       1
  425     781       1
  426     602       1
  427     587       1
  427     797       1
  428     494       1
  428     653       1
  429     572       1
  430     776       1
  434     570       1
  434     593       1
  435     472       1
  435     532       1
  436     538       1
  436     685       1
  436     751       1
  437     466       1
  437     575       1
  438     509       1
  440     714       1
  442     540       1
  442     672       1
  442     762       1
  443     588       1
  446     721       1
  447     520       1
  448     467       1
  450     591       1
  450     655       1
  450     686       1
  451     464       1
  452     487       1
  452     749       1
  453     659       1
  456     727       1
  458     567       1
  459     529       1
  459     662       1
  461     467       1
  462     703       1
  463     504       1
  463     759       1
  467     578       1
  467     597       1
  470     602       1
  472     526       1
  472     782       1
  473     633       1
  473     718       1
  474     616       1
  474     648       1
  474     715       1
  475     520       1
  475     590       1
  477     622       1
  477     737       1
  478     750       1
  479     532       1
  479     555       1
  481     648       1
  483     531       1
  483     643       1
  483     705       1
  484     564       1
  484     710       1
  486     634       1
  486     644       1
  488     581       1
  488     628       1
  490     500       1
  490     603       1
  490     676       1
  491     571       1
  492     509       1
  492     541       1
  492     776       1
  493     617       1
  494     530       1
  496     573       1
  498     766       1
  499     570       1
  503     523       1
  504     793       1
  507     629       1
  508     521       1
  511     582       1
  511     728       1
  517     788       1
  517     795       1
  518     615       1
  520     671       1
  521     522       1
  522     766       1
  522     790       1
  523     694       1
  523     726       1
  524     655       1
  527     531       1
  527     645       1
  528     778       1
  532     614       1
  536     672       1
  537     603       1
  542     691       1
  542     732       1
  544     797       1
  546     726       1
  547     612       1
  552     766       1
  554     612       1
  556     683       1
  557     678       1
  568     717       1
  571     768       1
  572     746       1
  574     707       1
  576     708       1
  577     598       1
  578     769       1
  580     669       1
  580     778       1
  584     791       1
  586     603       1
  589     737       1
  589     753       1
  592     760       1
  593     768       1
  593     775       1
  596     681       1
  596     739       1
  598     674       1
  598     698       1
  605     755       1
  605     799       1
  606     780       1
  607     737       1
  609     682       1
  610     696       1
  610     720       1
  612     672       1
  613     748       1
  615     763       1
  618     666       1
  619     628       1
  621     730       1
  622     777       1
  623     698       1
  623     700       1
  624     665       1
  625     645       1
  626     752       1
  627     702       1
  633     686       1
  634     636       1
  642     715       1
  645     796       1
  646     778       1
  649     694       1
  649     708       1
  650     711       1
  650     735       1
  651     665       1
  651     667       1
  652     678       1
  656     756       1
  659     756       1
  661     731       1
  662     778       1
  664     751       1
  665     791       1
  666     788       1
  672     787       1
  677     765       1
  679     713       1
  683     722       1
  689     715       1
  701     716       1
  703     767       1
  709     712       1
  709     729       1
  733     770       1
  734     735       1
  736     789       1
  740     768       1
  745     766       1
  749     784       1
  751     797       1
  762     769       1
  763     785       1
  765     787       1
  778     787       1
  781     799       1
  787     788       1
