  800     842
    1      36       1
    1     719       1
    2      95       1
    2     455       1
    3      31       1
    3     356       1
    4     280       1
    5      29       1
    5     321       1
    5     711       1
    6     557       1
    7      55       1
    7     318       1
    8     117       1
    8     643       1
    8     675       1
    9     402       1
   10     105       1
   10     355       1
   10     419       1
   10     433       1
   10     608       1
   10     638       1
   11     414       1
   12     195       1
   12     391       1
   13     509       1
   14     252       1
   14     299       1
   15     377       1
   15     680       1
   16      63       1
   17      55       1
   17     165       1
   17     416       1
   18     457       1
   19     716       1
   20     530       1
   21     351       1
   21     374       1
   21     602       1
   21     777       1
   22     640       1
   23     194       1
   23     687       1
   23     697       1
   24     136       1
   24     356       1
   24     505       1
   24     799       1
   25     667       1
   26     276       1
   26     338       1
   26     416       1
   26     418       1
   26     429       1
   26     601       1
   27     127       1
   27     708       1
   28      81       1
   28     460       1
   30      74       1
   31      70       1
   31     562       1
   32     701       1
   32     759       1
   33     181       1
   34     168       1
   34     367       1
   34     380       1
   34     610       1
   35     175       1
   35     675       1
   37      89       1
   37     117       1
   38     528       1
   39     442       1
   40     307       1
   40     456       1
   41     268       1
   41     528       1
   42     117       1
   42     727       1
   42     793       1
   43     242       1
   43     618       1
   44      69       1
   44      96       1
   45     245       1
   46     676       1
   47     419       1
   47     754       1
   48      90       1
   48     753       1
   49     479       1
   50     567       1
   51     105       1
   51     491       1
   52      93       1
   53     419       1
   53     773       1
   54     125       1
   54     600       1
   54     776       1
   55     184       1
   55     350       1
   55     699       1
   56     513       1
   57      93       1
   57     531       1
   58      84       1
   59     226       1
   59     414       1
   60     207       1
   60     526       1
   60     597       1
   60     682       1
   61     732       1
   62     617       1
   63     185       1
   64     192       1
   65     672       1
   66     744       1
   67     212       1
   67     393       1
   67     435       1
   67     479       1
   67     488       1
   67     611       1
   68     193       1
   68     271       1
   68     537       1
   69     238       1
   69     786       1
   71     254       1
   72     323       1
   72     357       1
   72     439       1
   73     258       1
   73     380       1
   73     778       1
   74     653       1
   75     231       1
   75     535       1
   75     547       1
   76     580       1
   76     769       1
   77     349       1
   77     676       1
   77     722       1
   77     740       1
   78      79       1
   78     368       1
   80     697       1
   81     117       1
   81     207       1
   81     561       1
   81     603       1
   82     438       1
   83     102       1
   83     384       1
   83     518       1
   83     654       1
   84     413       1
   84     504       1
   85     446       1
   86     201       1
   86     578       1
   87     152       1
   87     694       1
   88     590       1
   90     442       1
   90     654       1
   91     651       1
   92     605       1
   93     100       1
   93     397       1
   93     418       1
   93     464       1
   94     519       1
   94     664       1
   94     686       1
   97     134       1
   97     267       1
   98     171       1
   98     759       1
   99     348       1
  100     672       1
  101     768       1
  102     485       1
  103     744       1
  104     381       1
  104     610       1
  105     541       1
  106     754       1
  107     118       1
  108     155       1
  108     393       1
  109     436       1
  109     558       1
  110     738       1
  111     202       1
  112     477       1
  113     275       1
  114     166       1
  114     236       1
  114     614       1
  114     764       1
  115     275       1
  115     661       1
  116     252       1
  117     216       1
  117     269       1
  117     300       1
  117     341       1
  117     529       1
  117     566       1
  117     702       1
  118     272       1
  118     456       1
  118     616       1
  119     157       1
  120     577       1
  121     428       1
  121     724       1
  122     764       1
  123     455       1
  123     544       1
  123     689       1
  124     202       1
  124     235       1
  124     386       1
  124     400       1
  124     767       1
  125     589       1
  125     648       1
  126     657       1
  127     313       1
  127     509       1
  127     735       1
  128     192       1
  128     458       1
  128     718       1
  128     779       1
  129     768       1
  130     541       1
  131     781       1
  131     798       1
  132     334       1
  132     375       1
  132     416       1
  132     449       1
  132     629       1
  133     269       1
  133     312       1
  135     232       1
  135     298       1
  135     730       1
  136     288       1
  137     176       1
  137     419       1
  137     746       1
  138     674       1
  138     739       1
  139     800       1
  140     355       1
  140     693       1
  141     715       1
  141     785       1
  142     250       1
  143     151       1
  144     343       1
  144     412       1
  144     691       1
  145     486       1
  146     193       1
  146     228       1
  146     241       1
  146     765       1
  147     242       1
  147     251       1
  147     489       1
  147     752       1
  148     349       1
  149     456       1
  149     589       1
  149     747       1
  150     746       1
  151     154       1
  151     370       1
  151     423       1
  151     429       1
  153     359       1
  154     420       1
  154     540       1
  154     671       1
  156     484       1
  157     274       1
  157     598       1
  157     731       1
  158     417       1
  158     789       1
  159     329       1
  159     491       1
  160     458       1
  161     760       1
  162     349       1
  163     297       1
  163     408       1
  163     674       1
  164     557       1
  165     366       1
  167     517       1
  168     537       1
  168     779       1
  169     720       1
  170     204       1
  170     488       1
  172     551       1
  173     486       1
  174     526       1
  175     470       1
  176     385       1
  177     213       1
  177     489       1
  178     198       1
  178     271       1
  178     395       1
  178     668       1
  179     566       1
  180     447       1
  181     189       1
  181     370       1
  182     492       1
  182     614       1
  183     440       1
  183     686       1
  184     605       1
  185     681       1
  185     744       1
  186     487       1
  187     592       1
  187     602       1
  187     690       1
  188     389       1
  189     681       1
  190     237       1
  190     355       1
  191     630       1
  192     203       1
  192     215       1
  192     221       1
  192     326       1
  192     448       1
  192     549       1
  194     288       1
  194     322       1
  194     349       1
  194     463       1
  194     489       1
  194     570       1
  196     365       1
  196     453       1
  196     641       1
  197     352       1
  198     347       1
  198     355       1
  198     532       1
  199     356       1
  200     536       1
  200     760       1
  202     333       1
  202     584       1
  202     730       1
  202     747       1
  205     721       1
  206     493       1
  207     311       1
  207     700       1
  208     439       1
  209     588       1
  209     796       1
  210     354       1
  210     670       1
  211     214       1
  211     344       1
  211     479       1
  216     678       1
  217     620       1
  218     320       1
  218     331       1
  219     348       1
  220     505       1
  220     530       1
  222     371       1
  223     662       1
  224     321       1
  225     353       1
  226     722       1
  227     393       1
  227     618       1
  229     450       1
  229     456       1
  230     441       1
  230     674       1
  233     437       1
  234     393       1
  234     647       1
  236     260       1
  236     269       1
  236     446       1
  236     580       1
  236     636       1
  238     330       1
  238     355       1
  238     574       1
  239     451       1
  239     682       1
  240     361       1
  241     263       1
  241     269       1
  241     289       1
  241     479       1
  241     719       1
  243     416       1
  243     758       1
  244     345       1
  244     747       1
  244     748       1
  245     323       1
  246     263       1
  246     280       1
  247     597       1
  248     583       1
  248     619       1
  249     280       1
  249     423       1
  249     642       1
  250     534       1
  250     734       1
  252     437       1
  253     281       1
  254     391       1
  255     425       1
  256     684       1
  256     749       1
  257     663       1
  257     714       1
  257     751       1
  258     327       1
  258     550       1
  259     293       1
  261     730       1
  262     461       1
  263     470       1
  263     790       1
  263     791       1
  264     466       1
  265     550       1
  266     330       1
  267     602       1
  268     609       1
  269     373       1
  269     421       1
  269     493       1
  270     555       1
  270     603       1
  271     481       1
  271     582       1
  273     754       1
  276     430       1
  276     742       1
  277     724       1
  277     778       1
  278     370       1
  279     429       1
  280     317       1
  280     480       1
  281     765       1
  282     416       1
  282     626       1
  283     458       1
  284     490       1
  285     514       1
  286     622       1
  286     697       1
  287     412       1
  289     788       1
  289     797       1
  290     655       1
  290     752       1
  291     744       1
  292     344       1
  292     714       1
  292     715       1
  292     778       1
  293     565       1
  294     590       1
  295     665       1
  296     790       1
  300     560       1
  301     483       1
  302     723       1
  303     581       1
  304     676       1
  304     757       1
  305     521       1
  306     389       1
  306     783       1
  308     321       1
  309     608       1
  310     532       1
  310     646       1
  312     496       1
  312     595       1
  314     771       1
  315     493       1
  315     708       1
  316     669       1
  316     721       1
  317     441       1
  317     604       1
  319     416       1
  320     493       1
  320     501       1
  321     418       1
  321     501       1
  321     502       1
  323     650       1
  324     410       1
  324     566       1
  324     688       1
  325     577       1
  328     377       1
  328     379       1
  328     495       1
  328     721       1
  329     488       1
  330     517       1
  330     590       1
  330     658       1
  332     580       1
  335     576       1
  336     773       1
  337     489       1
  337     768       1
  339     694       1
  340     420       1
  341     424       1
  341     516       1
  342     508       1
  342     633       1
  342     650       1
  344     759       1
  346     538       1
  348     469       1
  349     417       1
  349     545       1
  350     514       1
  351     447       1
  351     475       1
  351     738       1
  352     610       1
  353     502       1
  353     512       1
  353     610       1
  353     735       1
  353     799       1
  354     650       1
  354     741       1
  355     664       1
  356     358       1
  356     500       1
  356     520       1
  356     613       1
  359     548       1
  360     606       1
  361     719       1
  362     663       1
  363     379       1
  364     370       1
  365     474       1
  365     521       1
  365     716       1
  365     735       1
  368     744       1
  369     768       1
  370     653       1
  371     487       1
  371     563       1
  371     790       1
  372     455       1
  373     689       1
  376     389       1
  377     495       1
  377     515       1
  378     621       1
  382     391       1
  383     497       1
  386     481       1
  387     677       1
  388     620       1
  389     463       1
  389     755       1
  389     789       1
  390     664       1
  391     643       1
  392     468       1
  392     538       1
  393     479       1
  393     528       1
  393     763       1
  394     598       1
  396     483       1
  398     695       1
  398     714       1
  399     500       1
  399     522       1
  400     787       1
  401     661       1
  402     457       1
  402     479       1
  403     601       1
  404     576       1
  405     643       1
  406     641       1
  407     449       1
  409     543       1
  410     691       1
  411     672       1
  412     499       1
  412     639       1
  414     431       1
  414     768       1
  415     589       1
  416     565       1
  416     652       1
  420     513       1
  422     720       1
  422     756       1
  424     539       1
  424     760       1
  425     783       1
  426     677       1
  427     662       1
  429     482       1
  429     564       1
  429     718       1
  431     497       1
  432     737       1
  434     793       1
  436     589       1
  437     538       1
  437     586       1
  437     606       1
  438     648       1
  439     610       1
  440     463       1
  440     507       1
  443     702       1
  444     697       1
  445     771       1
  449     674       1
  449     710       1
  450     732       1
  452     724       1
  454     617       1
  459     488       1
  461     518       1
  462     593       1
  462     640       1
  465     714       1
  466     789       1
  467     527       1
  469     489       1
  469     662       1
  471     799       1
  472     505       1
  473     758       1
  476     537       1
  477     578       1
  478     665       1
  479     750       1
  482     587       1
  483     536       1
  484     674       1
  486     628       1
  486     713       1
  489     495       1
  489     575       1
  489     585       1
  489     730       1
  490     554       1
  490     744       1
  493     510       1
  493     517       1
  493     650       1
  493     703       1
  493     747       1
  494     642       1
  497     520       1
  497     609       1
  498     696       1
  499     664       1
  501     556       1
  501     713       1
  503     641       1
  504     746       1
  506     525       1
  507     795       1
  508     677       1
  509     635       1
  509     749       1
  511     746       1
  512     524       1
  517     774       1
  519     767       1
  523     793       1
  525     683       1
  527     579       1
  528     602       1
  528     607       1
  530     645       1
  533     590       1
  534     610       1
  535     575       1
  535     743       1
  536     724       1
  537     784       1
  539     775       1
  540     644       1
  540     725       1
  541     764       1
  542     739       1
  543     553       1
  543     707       1
  546     749       1
  548     576       1
  551     577       1
  552     562       1
  555     577       1
  557     634       1
  559     799       1
  560     611       1
  560     619       1
  563     772       1
  564     615       1
  564     737       1
  566     654       1
  566     698       1
  567     689       1
  567     752       1
  568     575       1
  569     598       1
  571     696       1
  572     705       1
  572     778       1
  573     765       1
  575     588       1
  575     661       1
  575     696       1
  575     780       1
  576     610       1
  576     771       1
  577     581       1
  577     599       1
  578     638       1
  579     697       1
  581     650       1
  585     625       1
  587     631       1
  587     736       1
  589     617       1
  589     640       1
  590     677       1
  591     783       1
  592     726       1
  594     668       1
  596     705       1
  598     606       1
  599     733       1
  601     623       1
  606     735       1
  606     766       1
  606     782       1
  607     762       1
  610     634       1
  612     681       1
  613     668       1
  614     621       1
  617     723       1
  619     679       1
  620     724       1
  624     725       1
  627     765       1
  630     734       1
  632     730       1
  636     798       1
  637     663       1
  640     755       1
  647     694       1
  648     761       1
  649     750       1
  650     692       1
  651     704       1
  651     713       1
  653     667       1
  654     656       1
  654     800       1
  656     745       1
  657     674       1
  659     697       1
  659     785       1
  660     676       1
  661     729       1
  665     763       1
  666     673       1
  673     743       1
  675     683       1
  680     730       1
  681     745       1
  685     723       1
  693     796       1
  701     783       1
  706     786       1
  707     720       1
  707     765       1
  709     759       1
  712     752       1
  712     770       1
  712     792       1
  717     765       1
  718     735       1
  724     744       1
  727     728       1
  730     735       1
  730     749       1
  732     791       1
  747     778       1
  754     772       1
  768     794       1
  792     799       1
