  500     533
    1      49       1
    1     135       1
    1     150       1
    1     203       1
    1     309       1
    1     368       1
    1     448       1
    2      34       1
    2     167       1
    2     188       1
    2     478       1
    3     201       1
    3     234       1
    3     239       1
    3     421       1
    3     496       1
    4     291       1
    5      39       1
    5     269       1
    5     354       1
    6     400       1
    7     200       1
    7     421       1
    8     421       1
    9     146       1
    9     181       1
    9     188       1
    9     204       1
    9     246       1
    9     329       1
    9     394       1
    9     404       1
    9     416       1
    9     484       1
   10      36       1
   10     261       1
   10     267       1
   11     387       1
   12     233       1
   12     263       1
   12     321       1
   13     435       1
   14     121       1
   14     473       1
   15      23       1
   16     394       1
   17     250       1
   17     276       1
   18     498       1
   19     165       1
   20     259       1
   21     128       1
   21     414       1
   22     245       1
   22     445       1
   22     449       1
   23     497       1
   24      84       1
   24     188       1
   24     254       1
   24     306       1
   25     159       1
   26     101       1
   26     126       1
   26     135       1
   26     294       1
   27     232       1
   28     107       1
   29     171       1
   29     220       1
   30     273       1
   30     325       1
   30     328       1
   30     477       1
   31      80       1
   31     367       1
   32     335       1
   32     499       1
   33     494       1
   35      66       1
   36     106       1
   36     136       1
   36     173       1
   36     176       1
   36     393       1
   37      54       1
   37     207       1
   38     324       1
   38     375       1
   38     402       1
   38     485       1
   39      63       1
   39     160       1
   39     194       1
   40     311       1
   40     383       1
   41     133       1
   41     493       1
   42     392       1
   43     145       1
   43     257       1
   44     320       1
   44     404       1
   44     411       1
   45     167       1
   46     140       1
   46     279       1
   47     451       1
   48      70       1
   48     208       1
   48     234       1
   50     331       1
   51     278       1
   51     418       1
   52     214       1
   53      82       1
   53     159       1
   53     184       1
   54     107       1
   54     214       1
   55      60       1
   55     340       1
   56     203       1
   56     276       1
   57     410       1
   58     263       1
   59     105       1
   59     341       1
   60     330       1
   61     160       1
   61     262       1
   61     446       1
   62     457       1
   63      96       1
   63     252       1
   63     304       1
   63     422       1
   63     457       1
   64     339       1
   64     433       1
   64     466       1
   65     352       1
   66     193       1
   66     387       1
   66     426       1
   67     295       1
   67     439       1
   68     325       1
   69     191       1
   69     476       1
   70     398       1
   71     283       1
   71     345       1
   72     102       1
   72     416       1
   73     197       1
   73     263       1
   74     147       1
   74     413       1
   75     349       1
   75     381       1
   76     151       1
   76     386       1
   77     156       1
   77     416       1
   78     446       1
   79     126       1
   79     247       1
   80     246       1
   81     484       1
   82     296       1
   82     313       1
   82     336       1
   82     340       1
   83     146       1
   85     232       1
   85     253       1
   86     193       1
   87     450       1
   88     468       1
   89     439       1
   90     368       1
   91     446       1
   92     368       1
   93     159       1
   94     127       1
   94     475       1
   95     178       1
   95     185       1
   95     353       1
   96     373       1
   97     103       1
   98     213       1
   99     350       1
   99     496       1
  100     249       1
  101     152       1
  103     169       1
  103     420       1
  104     286       1
  104     347       1
  104     443       1
  105     153       1
  106     130       1
  106     140       1
  106     251       1
  108     181       1
  109     292       1
  109     368       1
  110     302       1
  110     317       1
  111     163       1
  111     402       1
  112     265       1
  112     294       1
  112     400       1
  113     304       1
  114     375       1
  115     365       1
  115     500       1
  116     255       1
  116     308       1
  117     253       1
  118     284       1
  118     404       1
  119     383       1
  120     341       1
  120     429       1
  121     146       1
  121     148       1
  121     310       1
  121     326       1
  121     401       1
  122     287       1
  122     374       1
  123     132       1
  124     132       1
  125     377       1
  125     456       1
  126     190       1
  127     153       1
  127     175       1
  128     473       1
  129     435       1
  131     496       1
  132     210       1
  133     300       1
  133     434       1
  134     154       1
  134     495       1
  136     209       1
  136     216       1
  136     361       1
  136     460       1
  137     176       1
  138     368       1
  139     300       1
  140     176       1
  140     185       1
  140     204       1
  140     277       1
  140     454       1
  141     195       1
  141     313       1
  142     206       1
  143     185       1
  144     383       1
  145     215       1
  145     281       1
  145     365       1
  145     495       1
  146     292       1
  147     450       1
  149     406       1
  151     434       1
  152     380       1
  153     278       1
  153     375       1
  155     243       1
  155     418       1
  157     313       1
  158     191       1
  158     294       1
  158     477       1
  160     224       1
  160     255       1
  160     394       1
  160     408       1
  161     176       1
  162     371       1
  163     424       1
  164     230       1
  164     331       1
  165     353       1
  165     378       1
  165     499       1
  166     199       1
  166     218       1
  167     425       1
  168     343       1
  169     267       1
  170     254       1
  172     299       1
  172     332       1
  173     272       1
  173     364       1
  174     199       1
  174     232       1
  176     248       1
  177     332       1
  179     275       1
  180     399       1
  181     282       1
  182     365       1
  183     407       1
  183     490       1
  184     217       1
  186     500       1
  187     351       1
  187     414       1
  188     206       1
  188     341       1
  188     342       1
  188     366       1
  188     380       1
  189     198       1
  189     234       1
  189     453       1
  191     205       1
  191     234       1
  192     339       1
  195     266       1
  196     325       1
  197     317       1
  198     369       1
  199     240       1
  199     341       1
  199     394       1
  199     440       1
  199     499       1
  200     461       1
  201     346       1
  202     275       1
  204     280       1
  204     290       1
  204     314       1
  204     402       1
  204     452       1
  207     494       1
  208     259       1
  208     285       1
  210     332       1
  210     395       1
  210     439       1
  211     339       1
  211     459       1
  212     238       1
  213     317       1
  214     294       1
  214     327       1
  219     228       1
  219     247       1
  219     446       1
  220     433       1
  221     234       1
  221     242       1
  221     314       1
  222     496       1
  223     444       1
  225     332       1
  226     403       1
  227     253       1
  227     337       1
  228     345       1
  228     432       1
  229     237       1
  229     314       1
  229     471       1
  229     487       1
  230     436       1
  231     312       1
  234     343       1
  235     490       1
  236     414       1
  236     465       1
  238     271       1
  238     363       1
  239     303       1
  240     326       1
  240     356       1
  240     377       1
  241     473       1
  243     435       1
  243     458       1
  244     434       1
  246     391       1
  246     407       1
  248     372       1
  249     425       1
  251     363       1
  252     459       1
  252     492       1
  253     300       1
  253     397       1
  256     351       1
  258     433       1
  259     284       1
  259     334       1
  259     451       1
  260     440       1
  263     328       1
  263     488       1
  264     454       1
  267     454       1
  268     303       1
  270     375       1
  271     293       1
  271     323       1
  271     379       1
  271     387       1
  271     404       1
  271     435       1
  273     344       1
  274     301       1
  275     313       1
  275     455       1
  275     491       1
  278     437       1
  280     307       1
  280     495       1
  283     478       1
  287     314       1
  287     403       1
  288     441       1
  289     423       1
  290     429       1
  290     474       1
  291     383       1
  293     405       1
  294     300       1
  294     439       1
  297     366       1
  298     458       1
  299     389       1
  301     395       1
  304     470       1
  305     381       1
  308     477       1
  310     451       1
  312     441       1
  313     433       1
  314     383       1
  315     443       1
  316     471       1
  316     482       1
  317     321       1
  317     433       1
  317     438       1
  318     341       1
  319     497       1
  320     359       1
  320     430       1
  322     465       1
  323     423       1
  328     370       1
  329     385       1
  330     469       1
  331     394       1
  332     445       1
  333     468       1
  334     472       1
  338     437       1
  340     410       1
  340     431       1
  343     412       1
  346     424       1
  347     371       1
  348     487       1
  351     390       1
  352     396       1
  353     358       1
  353     486       1
  354     385       1
  355     384       1
  357     476       1
  360     481       1
  362     371       1
  368     394       1
  368     399       1
  368     400       1
  368     469       1
  370     384       1
  371     435       1
  375     441       1
  376     405       1
  376     458       1
  377     490       1
  379     428       1
  379     462       1
  381     444       1
  381     485       1
  382     480       1
  384     498       1
  385     433       1
  385     467       1
  387     409       1
  388     422       1
  389     467       1
  392     426       1
  393     419       1
  394     414       1
  394     433       1
  394     481       1
  396     423       1
  400     406       1
  400     421       1
  402     444       1
  403     463       1
  404     436       1
  414     450       1
  415     430       1
  417     481       1
  424     479       1
  427     478       1
  430     497       1
  441     452       1
  442     471       1
  447     454       1
  451     483       1
  454     489       1
  464     477       1
  468     478       1
  480     491       1
