  100     114
    1       3       1
    1      41       1
    2      52       1
    2      67       1
    2      91       1
    3      36       1
    3      59       1
    3      81       1
    3      99       1
    4      17       1
    5      29       1
    5      31       1
    5      91       1
    5      98       1
    6      48       1
    6      50       1
    6      70       1
    6      81       1
    7      30       1
    7      53       1
    7      68       1
    8      40       1
    9      29       1
   10      24       1
   10      51       1
   10      79       1
   11      30       1
   12      19       1
   12      21       1
   12      34       1
   13      31       1
   13      85       1
   13      92       1
   14      93       1
   15      16       1
   15      54       1
   16      93       1
   17      27       1
   17      47       1
   17      57       1
   17      59       1
   17      98       1
   18      83       1
   18      94       1
   20      36       1
   21      49       1
   22      32       1
   22      33       1
   23      34       1
   23      58       1
   23      69       1
   25      34       1
   25      38       1
   26      38       1
   28      44       1
   29      32       1
   29      97       1
   31      32       1
   31      51       1
   31      83       1
   31      90       1
   32      34       1
   32      62       1
   34      59       1
   35      93       1
   36      49       1
   36      92       1
   37      54       1
   37      67       1
   39      51       1
   40      82       1
   42      94       1
   43      44       1
   44      51       1
   44      72       1
   45      99       1
   46      72       1
   46      80       1
   47      67       1
   47      93       1
   48      57       1
   49      77       1
   50      61       1
   50      67       1
   50      82       1
   53      65       1
   55      85       1
   56      81       1
   57      71       1
   58      68       1
   58      77       1
   58      95       1
   60      73       1
   60      78       1
   61      67       1
   62      79       1
   62      88       1
   63      72       1
   63      89       1
   64      70       1
   64      95       1
   65      84       1
   65     100       1
   66      68       1
   72      78       1
   74      78       1
   75      80       1
   76      95       1
   78      87       1
   78      95       1
   81      92       1
   82      93       1
   86      88       1
   95      96       1
