  300     326
    1     181       1
    1     237       1
    2     193       1
    3     229       1
    4      52       1
    4     105       1
    5     161       1
    5     252       1
    6     180       1
    6     251       1
    7     154       1
    7     210       1
    8     234       1
    9     216       1
    9     223       1
   10     186       1
   11     144       1
   11     242       1
   12     146       1
   12     267       1
   13      42       1
   13     266       1
   14      59       1
   15      86       1
   15     173       1
   15     264       1
   16      31       1
   16     181       1
   17     101       1
   18     183       1
   18     248       1
   19     230       1
   20      38       1
   20     289       1
   21     112       1
   22      60       1
   22      94       1
   23      59       1
   24      68       1
   25     249       1
   26      66       1
   26     113       1
   27      87       1
   28      55       1
   28     156       1
   28     158       1
   28     220       1
   28     271       1
   29     106       1
   29     236       1
   29     298       1
   30     135       1
   30     203       1
   30     216       1
   30     288       1
   30     299       1
   31      66       1
   31     152       1
   31     177       1
   32      54       1
   32     234       1
   33      58       1
   34      70       1
   34     239       1
   35     163       1
   36      59       1
   37      38       1
   37     228       1
   37     231       1
   37     254       1
   38      95       1
   38     251       1
   39      69       1
   39     148       1
   39     217       1
   39     260       1
   40      52       1
   41      84       1
   42      44       1
   42     169       1
   42     182       1
   42     223       1
   42     238       1
   43     222       1
   45     182       1
   46     157       1
   47     172       1
   47     184       1
   47     261       1
   48     104       1
   48     110       1
   48     151       1
   48     166       1
   49      54       1
   50      70       1
   50      78       1
   50     150       1
   50     252       1
   51     109       1
   51     174       1
   51     224       1
   52     101       1
   53     222       1
   54     227       1
   54     237       1
   55     174       1
   56      71       1
   56     293       1
   57     200       1
   57     299       1
   58     149       1
   58     186       1
   59     174       1
   59     241       1
   59     282       1
   60     265       1
   61     239       1
   61     263       1
   62     159       1
   63     208       1
   64     113       1
   65     174       1
   66      73       1
   66     178       1
   66     203       1
   66     289       1
   67     298       1
   68      91       1
   68     216       1
   69     239       1
   69     251       1
   72     146       1
   73     193       1
   73     291       1
   74     205       1
   75     183       1
   75     220       1
   76     173       1
   77     215       1
   78     167       1
   79     225       1
   80     130       1
   80     215       1
   80     237       1
   81     265       1
   82     144       1
   82     209       1
   82     216       1
   83      85       1
   84     253       1
   85     159       1
   85     237       1
   86     115       1
   86     236       1
   87     169       1
   87     219       1
   88     100       1
   88     248       1
   88     255       1
   88     257       1
   89     235       1
   90     193       1
   92     230       1
   92     255       1
   93     173       1
   94     239       1
   94     243       1
   94     244       1
   94     297       1
   95     256       1
   96     102       1
   96     120       1
   96     131       1
   97     114       1
   97     203       1
   98     240       1
   99     163       1
  101     210       1
  102     172       1
  102     195       1
  103     225       1
  103     293       1
  104     111       1
  104     143       1
  104     179       1
  104     190       1
  104     203       1
  104     253       1
  104     292       1
  105     205       1
  106     182       1
  106     233       1
  107     209       1
  108     210       1
  110     273       1
  111     129       1
  111     162       1
  111     165       1
  112     177       1
  112     283       1
  113     206       1
  113     220       1
  113     245       1
  113     263       1
  116     251       1
  117     132       1
  117     154       1
  117     297       1
  118     205       1
  119     238       1
  120     139       1
  120     160       1
  120     187       1
  121     190       1
  122     173       1
  122     290       1
  123     156       1
  124     172       1
  125     296       1
  126     175       1
  127     146       1
  127     299       1
  128     149       1
  128     159       1
  128     208       1
  128     218       1
  133     159       1
  133     292       1
  134     146       1
  134     264       1
  135     290       1
  136     184       1
  137     147       1
  137     284       1
  138     144       1
  140     231       1
  141     258       1
  142     204       1
  142     235       1
  142     273       1
  143     234       1
  143     240       1
  143     251       1
  143     252       1
  145     242       1
  146     206       1
  146     284       1
  151     236       1
  153     244       1
  154     281       1
  155     175       1
  157     173       1
  157     262       1
  159     193       1
  160     194       1
  160     293       1
  163     257       1
  163     267       1
  163     272       1
  164     224       1
  166     262       1
  167     279       1
  168     183       1
  170     225       1
  171     241       1
  172     299       1
  173     176       1
  174     209       1
  175     191       1
  175     205       1
  175     216       1
  175     269       1
  178     198       1
  178     222       1
  179     189       1
  181     226       1
  181     290       1
  182     285       1
  183     247       1
  184     222       1
  185     214       1
  188     222       1
  190     199       1
  190     250       1
  192     282       1
  193     214       1
  196     249       1
  197     245       1
  200     263       1
  200     277       1
  201     237       1
  202     300       1
  203     300       1
  204     222       1
  206     258       1
  206     270       1
  207     291       1
  209     280       1
  210     293       1
  211     225       1
  212     243       1
  213     251       1
  215     223       1
  215     229       1
  215     246       1
  216     249       1
  216     255       1
  216     268       1
  221     257       1
  222     275       1
  222     278       1
  229     259       1
  230     296       1
  232     258       1
  234     287       1
  240     287       1
  242     297       1
  245     294       1
  254     275       1
  257     266       1
  258     287       1
  271     276       1
  274     275       1
  286     297       1
  287     295       1
  293     299       1
