  200     221
    1      63       1
    1     116       1
    1     157       1
    1     162       1
    2     124       1
    2     195       1
    3     188       1
    4     137       1
    5      87       1
    5     112       1
    5     120       1
    5     182       1
    6      34       1
    6     120       1
    6     170       1
    6     190       1
    7     146       1
    7     161       1
    8      46       1
    8     131       1
    9      48       1
   10      14       1
   10      69       1
   11      84       1
   12      17       1
   13      22       1
   13      59       1
   13      71       1
   13     173       1
   14     136       1
   15      51       1
   15     115       1
   16      31       1
   16     152       1
   17     116       1
   17     163       1
   18      29       1
   18      64       1
   18     178       1
   19      47       1
   19     111       1
   20      28       1
   21     127       1
   21     185       1
   22      84       1
   22     106       1
   22     108       1
   23      54       1
   23     100       1
   24      56       1
   24     176       1
   25      81       1
   25     101       1
   25     111       1
   25     158       1
   26      59       1
   26      62       1
   26      69       1
   26      82       1
   26      90       1
   26     147       1
   27     132       1
   28     149       1
   29      31       1
   29      41       1
   29      77       1
   29     101       1
   30     180       1
   32     136       1
   32     138       1
   33      97       1
   33     179       1
   35      76       1
   35      87       1
   36     125       1
   36     134       1
   37      63       1
   38      56       1
   38     120       1
   39     142       1
   40     102       1
   41      42       1
   42      45       1
   42     173       1
   43     103       1
   44      99       1
   44     128       1
   45      74       1
   46     105       1
   46     109       1
   46     141       1
   46     153       1
   46     179       1
   47      55       1
   48     114       1
   48     186       1
   49     151       1
   50      82       1
   51      68       1
   51     138       1
   52     168       1
   52     169       1
   53      66       1
   53     134       1
   53     136       1
   54     164       1
   55      80       1
   56     101       1
   56     102       1
   56     195       1
   57      94       1
   57     125       1
   57     142       1
   58      85       1
   59     134       1
   59     135       1
   59     151       1
   60     133       1
   60     171       1
   61      85       1
   61      93       1
   62     102       1
   62     188       1
   62     196       1
   63     121       1
   63     139       1
   63     144       1
   65      91       1
   66     115       1
   67     106       1
   68      91       1
   68     103       1
   70     106       1
   71     113       1
   71     131       1
   72      87       1
   72     173       1
   73     172       1
   74      99       1
   74     127       1
   74     151       1
   74     200       1
   75     110       1
   75     146       1
   75     149       1
   76      77       1
   76     200       1
   77     116       1
   77     168       1
   77     189       1
   78      92       1
   78     129       1
   79     111       1
   83      85       1
   85     132       1
   85     198       1
   86     149       1
   87      88       1
   88      99       1
   89     163       1
   91      96       1
   95     148       1
   97     170       1
   98     173       1
  100     195       1
  101     107       1
  101     190       1
  101     193       1
  102     125       1
  102     166       1
  102     175       1
  102     186       1
  102     198       1
  103     151       1
  104     188       1
  107     117       1
  107     199       1
  108     133       1
  108     160       1
  108     174       1
  108     183       1
  111     129       1
  114     172       1
  116     171       1
  118     150       1
  119     195       1
  120     149       1
  120     151       1
  120     153       1
  120     154       1
  122     167       1
  122     199       1
  123     188       1
  124     190       1
  126     147       1
  128     165       1
  130     184       1
  134     181       1
  135     165       1
  137     139       1
  137     162       1
  139     155       1
  140     144       1
  141     187       1
  143     174       1
  145     163       1
  148     187       1
  150     166       1
  151     157       1
  153     197       1
  156     200       1
  157     172       1
  157     179       1
  158     184       1
  159     188       1
  160     191       1
  165     189       1
  177     179       1
  180     200       1
  190     192       1
  194     197       1
