  500     533
    1     351       1
    2      50       1
    2      63       1
    2     122       1
    2     124       1
    2     216       1
    2     218       1
    2     296       1
    3      35       1
    3     344       1
    4     494       1
    5     493       1
    6     167       1
    7      66       1
    7     104       1
    7     133       1
    7     432       1
    7     462       1
    8     311       1
    8     360       1
    9     147       1
    9     219       1
   10     143       1
   10     382       1
   11     123       1
   11     452       1
   12     443       1
   13     343       1
   14      56       1
   14     236       1
   15     424       1
   16     281       1
   17     184       1
   18     267       1
   18     276       1
   18     434       1
   19      85       1
   19     360       1
   20     106       1
   20     201       1
   20     315       1
   20     386       1
   20     443       1
   21     286       1
   21     343       1
   22     160       1
   22     438       1
   23     207       1
   23     399       1
   24     198       1
   24     278       1
   24     360       1
   24     368       1
   24     404       1
   24     478       1
   24     481       1
   25     129       1
   25     397       1
   26     223       1
   26     422       1
   27     457       1
   28     347       1
   29     196       1
   29     235       1
   29     236       1
   29     337       1
   30     249       1
   30     277       1
   30     404       1
   30     466       1
   31     291       1
   32      77       1
   33      51       1
   33      68       1
   34      44       1
   34     118       1
   34     275       1
   34     385       1
   34     449       1
   35      86       1
   36     124       1
   36     450       1
   36     467       1
   37      91       1
   37     107       1
   37     458       1
   38     208       1
   38     300       1
   38     461       1
   39     267       1
   40      43       1
   40     148       1
   41     101       1
   41     255       1
   41     453       1
   41     494       1
   42     215       1
   43     311       1
   43     489       1
   45     252       1
   45     342       1
   46     224       1
   46     262       1
   46     429       1
   47     169       1
   47     174       1
   47     349       1
   48     265       1
   48     343       1
   49     132       1
   49     191       1
   49     409       1
   49     451       1
   50     263       1
   52     301       1
   52     354       1
   53      56       1
   53     214       1
   53     354       1
   54     112       1
   55     175       1
   55     294       1
   56      99       1
   56     137       1
   56     164       1
   56     465       1
   57     388       1
   58     398       1
   58     431       1
   59     183       1
   60      63       1
   60     157       1
   60     440       1
   61     348       1
   62     247       1
   62     271       1
   63     118       1
   64     283       1
   64     449       1
   64     485       1
   65     210       1
   67     107       1
   67     230       1
   67     338       1
   68     202       1
   68     347       1
   69     208       1
   70     167       1
   70     203       1
   70     210       1
   70     267       1
   70     351       1
   70     366       1
   70     376       1
   70     407       1
   70     439       1
   71     236       1
   72     167       1
   73     318       1
   74     344       1
   75     136       1
   75     335       1
   76     464       1
   77     496       1
   78     309       1
   79     174       1
   79     344       1
   80     485       1
   81     218       1
   82     383       1
   83     311       1
   84     132       1
   84     278       1
   84     415       1
   84     462       1
   86     128       1
   86     444       1
   87     339       1
   87     487       1
   88     300       1
   89     394       1
   90     323       1
   92     279       1
   92     389       1
   92     394       1
   93     198       1
   93     231       1
   94     227       1
   94     301       1
   94     349       1
   95     130       1
   95     284       1
   95     298       1
   95     364       1
   96     266       1
   97     215       1
   97     386       1
   97     399       1
   98     155       1
   98     497       1
  100     112       1
  102     466       1
  103     146       1
  103     159       1
  103     183       1
  103     261       1
  103     278       1
  103     373       1
  103     405       1
  103     411       1
  103     420       1
  105     384       1
  106     112       1
  106     270       1
  106     449       1
  106     492       1
  108     244       1
  108     374       1
  109     231       1
  110     130       1
  111     117       1
  111     389       1
  112     128       1
  112     496       1
  113     275       1
  114     234       1
  114     461       1
  115     311       1
  116     488       1
  117     206       1
  118     392       1
  119     172       1
  119     363       1
  119     403       1
  119     464       1
  120     386       1
  121     425       1
  121     431       1
  122     210       1
  122     281       1
  122     309       1
  122     419       1
  122     431       1
  123     186       1
  123     193       1
  124     151       1
  124     177       1
  125     166       1
  125     331       1
  125     401       1
  125     435       1
  126     463       1
  127     187       1
  127     220       1
  130     336       1
  131     328       1
  131     333       1
  131     408       1
  131     490       1
  132     328       1
  134     414       1
  135     258       1
  135     427       1
  136     291       1
  136     353       1
  137     182       1
  137     303       1
  137     309       1
  138     275       1
  139     420       1
  140     203       1
  140     389       1
  141     399       1
  141     500       1
  142     160       1
  142     309       1
  142     324       1
  142     332       1
  142     342       1
  142     357       1
  143     278       1
  143     345       1
  143     402       1
  144     221       1
  144     318       1
  145     236       1
  146     155       1
  147     216       1
  147     290       1
  147     349       1
  149     474       1
  150     452       1
  151     287       1
  152     317       1
  153     155       1
  153     190       1
  153     359       1
  153     443       1
  154     271       1
  155     456       1
  156     252       1
  158     459       1
  161     224       1
  161     353       1
  162     369       1
  163     284       1
  163     436       1
  165     314       1
  167     474       1
  167     491       1
  168     280       1
  169     313       1
  170     395       1
  171     189       1
  171     222       1
  173     176       1
  174     189       1
  174     213       1
  175     180       1
  175     437       1
  176     311       1
  178     239       1
  178     379       1
  179     247       1
  179     357       1
  180     494       1
  181     188       1
  181     248       1
  182     269       1
  182     274       1
  183     391       1
  183     446       1
  183     494       1
  184     413       1
  185     215       1
  187     191       1
  187     208       1
  187     260       1
  191     476       1
  192     205       1
  192     278       1
  192     480       1
  193     442       1
  193     457       1
  194     324       1
  195     487       1
  196     354       1
  197     340       1
  197     379       1
  197     400       1
  198     250       1
  199     244       1
  200     443       1
  200     497       1
  201     302       1
  201     319       1
  202     468       1
  203     304       1
  203     447       1
  204     475       1
  207     245       1
  208     477       1
  209     445       1
  210     251       1
  210     266       1
  210     271       1
  210     499       1
  211     489       1
  212     341       1
  212     400       1
  212     479       1
  212     480       1
  213     490       1
  214     248       1
  216     445       1
  217     428       1
  222     369       1
  223     418       1
  224     324       1
  225     414       1
  226     269       1
  228     321       1
  228     406       1
  229     306       1
  229     307       1
  229     392       1
  229     436       1
  230     309       1
  230     334       1
  230     371       1
  230     389       1
  231     403       1
  232     496       1
  233     286       1
  234     292       1
  237     461       1
  238     271       1
  238     400       1
  240     253       1
  240     442       1
  241     253       1
  242     461       1
  243     343       1
  244     291       1
  244     349       1
  244     412       1
  245     308       1
  245     467       1
  246     251       1
  248     259       1
  253     273       1
  254     325       1
  256     329       1
  257     302       1
  258     314       1
  258     371       1
  261     355       1
  261     413       1
  264     316       1
  264     360       1
  264     378       1
  264     471       1
  267     441       1
  268     300       1
  270     271       1
  270     452       1
  270     488       1
  271     278       1
  271     428       1
  272     443       1
  273     293       1
  273     350       1
  273     489       1
  275     326       1
  275     418       1
  278     401       1
  278     403       1
  279     375       1
  280     387       1
  280     389       1
  281     492       1
  282     426       1
  284     369       1
  285     329       1
  287     363       1
  288     363       1
  289     399       1
  291     309       1
  291     321       1
  291     347       1
  293     489       1
  295     429       1
  296     360       1
  297     334       1
  299     312       1
  300     406       1
  302     310       1
  303     372       1
  304     469       1
  305     342       1
  306     460       1
  307     423       1
  309     390       1
  311     472       1
  312     428       1
  315     362       1
  315     455       1
  316     334       1
  317     403       1
  318     401       1
  318     495       1
  320     472       1
  322     377       1
  323     473       1
  324     393       1
  324     480       1
  325     481       1
  326     369       1
  327     403       1
  327     413       1
  329     489       1
  330     468       1
  332     480       1
  334     470       1
  335     384       1
  335     447       1
  335     475       1
  337     380       1
  339     489       1
  343     347       1
  343     417       1
  344     483       1
  346     408       1
  347     383       1
  348     373       1
  352     456       1
  353     395       1
  353     421       1
  353     422       1
  356     385       1
  357     387       1
  358     401       1
  361     466       1
  365     417       1
  367     384       1
  368     377       1
  370     489       1
  371     424       1
  371     463       1
  375     381       1
  375     439       1
  384     493       1
  388     490       1
  390     396       1
  397     473       1
  400     484       1
  402     414       1
  403     461       1
  405     433       1
  408     410       1
  413     488       1
  416     488       1
  419     498       1
  426     492       1
  430     475       1
  439     486       1
  442     483       1
  443     459       1
  443     482       1
  448     462       1
  454     499       1
  456     473       1
  460     469       1
