  600     636
    1     563       1
    2     151       1
    2     330       1
    2     549       1
    3     560       1
    4      74       1
    4     202       1
    4     287       1
    4     319       1
    4     371       1
    4     423       1
    5     149       1
    6      49       1
    7     207       1
    8     490       1
    9     121       1
   10     128       1
   11     149       1
   11     350       1
   11     569       1
   11     597       1
   12     189       1
   12     326       1
   13     264       1
   14      50       1
   14     263       1
   14     475       1
   15     355       1
   15     378       1
   16     330       1
   16     460       1
   16     494       1
   16     565       1
   17      82       1
   18     138       1
   18     168       1
   18     569       1
   19     320       1
   20     248       1
   20     371       1
   21     163       1
   21     182       1
   22     373       1
   23     156       1
   23     165       1
   23     486       1
   23     517       1
   24     143       1
   24     388       1
   24     427       1
   24     508       1
   25     403       1
   26     343       1
   26     582       1
   27     127       1
   27     320       1
   27     343       1
   27     392       1
   28     409       1
   28     484       1
   28     542       1
   29     371       1
   29     384       1
   30     142       1
   30     292       1
   30     312       1
   31     129       1
   31     377       1
   32     537       1
   33     101       1
   33     278       1
   33     301       1
   34      71       1
   34     240       1
   35     215       1
   36     497       1
   37     366       1
   38     461       1
   39     227       1
   39     280       1
   40     332       1
   41     419       1
   42      73       1
   43     195       1
   43     252       1
   43     585       1
   44     482       1
   45     112       1
   45     506       1
   46     204       1
   46     354       1
   46     425       1
   46     431       1
   46     471       1
   46     589       1
   47     115       1
   48     199       1
   48     244       1
   48     326       1
   48     536       1
   48     546       1
   48     548       1
   49     200       1
   50      63       1
   50     495       1
   51     107       1
   51     438       1
   51     447       1
   52     189       1
   53      60       1
   53     551       1
   54     407       1
   55     119       1
   55     163       1
   56     565       1
   57     315       1
   57     551       1
   58     264       1
   59     215       1
   59     324       1
   61     527       1
   61     545       1
   62     267       1
   64     300       1
   64     304       1
   64     305       1
   65     194       1
   65     583       1
   66     103       1
   66     331       1
   67     411       1
   68     246       1
   69     369       1
   70     117       1
   71     114       1
   72     494       1
   73     397       1
   73     435       1
   74     135       1
   74     220       1
   74     247       1
   74     296       1
   74     421       1
   74     489       1
   75     269       1
   76      78       1
   76     196       1
   77     268       1
   77     411       1
   78     301       1
   79     159       1
   79     314       1
   80     355       1
   81     220       1
   82     319       1
   83     325       1
   83     375       1
   84     103       1
   84     162       1
   84     518       1
   84     535       1
   84     583       1
   85     153       1
   86     252       1
   87     172       1
   87     379       1
   87     401       1
   88      92       1
   88     478       1
   89     448       1
   90     506       1
   91     198       1
   91     241       1
   91     264       1
   91     403       1
   91     438       1
   91     463       1
   92     165       1
   92     210       1
   92     452       1
   93     277       1
   94     111       1
   94     326       1
   94     528       1
   95     173       1
   96     421       1
   97     189       1
   98     217       1
   99     481       1
   99     592       1
  100     445       1
  102     244       1
  103     416       1
  104     552       1
  105     229       1
  106     354       1
  107     288       1
  107     419       1
  108     519       1
  109     307       1
  110     407       1
  112     444       1
  112     472       1
  112     576       1
  113     152       1
  114     381       1
  114     507       1
  115     373       1
  115     506       1
  116     223       1
  116     550       1
  117     265       1
  118     285       1
  118     289       1
  118     490       1
  118     563       1
  118     590       1
  118     599       1
  119     437       1
  120     207       1
  120     239       1
  120     264       1
  120     560       1
  121     363       1
  122     130       1
  123     410       1
  124     321       1
  125     460       1
  126     408       1
  126     542       1
  127     231       1
  127     354       1
  127     355       1
  127     516       1
  128     136       1
  128     181       1
  128     295       1
  128     570       1
  129     499       1
  129     570       1
  130     275       1
  130     293       1
  130     363       1
  130     376       1
  130     403       1
  130     430       1
  131     144       1
  131     202       1
  132     190       1
  132     483       1
  133     301       1
  134     548       1
  135     158       1
  135     173       1
  135     321       1
  135     374       1
  137     402       1
  138     426       1
  138     460       1
  138     515       1
  138     552       1
  139     441       1
  140     171       1
  140     504       1
  140     545       1
  141     186       1
  142     240       1
  142     391       1
  142     482       1
  143     464       1
  143     502       1
  143     540       1
  143     566       1
  144     194       1
  144     301       1
  144     349       1
  144     403       1
  145     373       1
  146     450       1
  147     404       1
  147     559       1
  147     576       1
  148     150       1
  148     184       1
  150     281       1
  150     322       1
  150     343       1
  150     446       1
  151     416       1
  152     439       1
  153     599       1
  154     205       1
  154     424       1
  155     349       1
  155     356       1
  157     308       1
  158     315       1
  159     431       1
  160     269       1
  161     178       1
  161     423       1
  163     234       1
  163     402       1
  164     211       1
  164     455       1
  165     385       1
  165     405       1
  165     504       1
  165     514       1
  166     263       1
  166     304       1
  166     387       1
  166     410       1
  167     212       1
  168     341       1
  168     428       1
  169     533       1
  170     320       1
  172     269       1
  172     303       1
  172     404       1
  173     206       1
  173     255       1
  174     332       1
  175     205       1
  175     246       1
  175     353       1
  176     422       1
  177     342       1
  178     270       1
  179     442       1
  180     587       1
  181     554       1
  182     395       1
  183     558       1
  185     460       1
  186     298       1
  186     338       1
  186     355       1
  187     595       1
  188     256       1
  188     366       1
  189     259       1
  190     220       1
  191     215       1
  191     339       1
  191     384       1
  191     422       1
  191     568       1
  192     294       1
  192     381       1
  193     571       1
  194     196       1
  194     215       1
  194     382       1
  194     402       1
  194     530       1
  194     556       1
  195     226       1
  195     511       1
  196     553       1
  197     434       1
  199     221       1
  199     382       1
  199     394       1
  200     330       1
  201     519       1
  202     253       1
  203     240       1
  204     246       1
  204     479       1
  205     437       1
  206     529       1
  208     366       1
  209     494       1
  212     297       1
  212     299       1
  212     392       1
  213     396       1
  214     372       1
  215     309       1
  215     593       1
  216     222       1
  216     585       1
  217     295       1
  217     547       1
  218     434       1
  219     490       1
  219     518       1
  221     391       1
  224     486       1
  225     399       1
  226     334       1
  226     513       1
  226     589       1
  227     349       1
  227     439       1
  227     541       1
  228     524       1
  229     236       1
  229     489       1
  230     557       1
  231     252       1
  231     426       1
  231     465       1
  232     550       1
  233     284       1
  234     359       1
  234     510       1
  235     495       1
  236     493       1
  237     256       1
  238     436       1
  240     337       1
  240     441       1
  242     347       1
  243     321       1
  243     489       1
  245     572       1
  246     391       1
  246     396       1
  247     382       1
  247     519       1
  247     522       1
  247     581       1
  248     251       1
  248     282       1
  249     354       1
  249     377       1
  250     344       1
  250     370       1
  250     377       1
  250     477       1
  251     331       1
  252     372       1
  252     419       1
  252     488       1
  252     547       1
  254     572       1
  256     571       1
  257     522       1
  258     317       1
  259     360       1
  259     423       1
  260     306       1
  261     308       1
  261     400       1
  261     533       1
  262     482       1
  263     317       1
  264     572       1
  265     522       1
  265     592       1
  266     276       1
  267     437       1
  268     320       1
  269     342       1
  271     407       1
  272     343       1
  273     583       1
  274     344       1
  275     534       1
  276     296       1
  276     543       1
  277     588       1
  278     369       1
  279     320       1
  279     498       1
  279     524       1
  279     574       1
  282     595       1
  283     365       1
  283     402       1
  284     522       1
  286     368       1
  286     381       1
  286     539       1
  289     355       1
  289     367       1
  289     377       1
  290     348       1
  291     443       1
  291     514       1
  294     507       1
  295     397       1
  298     450       1
  298     501       1
  299     340       1
  301     555       1
  302     362       1
  302     412       1
  303     367       1
  303     453       1
  303     562       1
  306     431       1
  307     351       1
  307     575       1
  309     387       1
  309     462       1
  310     598       1
  311     432       1
  313     476       1
  314     445       1
  314     567       1
  316     337       1
  318     581       1
  319     404       1
  319     467       1
  322     380       1
  322     474       1
  322     543       1
  323     566       1
  325     433       1
  325     588       1
  327     504       1
  327     563       1
  327     596       1
  328     476       1
  329     354       1
  330     413       1
  332     595       1
  333     480       1
  335     571       1
  336     386       1
  336     467       1
  342     531       1
  343     503       1
  343     557       1
  344     598       1
  345     454       1
  345     597       1
  346     359       1
  347     436       1
  348     490       1
  349     355       1
  349     571       1
  351     399       1
  352     594       1
  353     585       1
  354     406       1
  355     385       1
  355     492       1
  355     584       1
  357     443       1
  358     378       1
  358     429       1
  361     389       1
  362     595       1
  364     556       1
  366     566       1
  369     554       1
  372     373       1
  372     456       1
  375     496       1
  375     556       1
  376     491       1
  377     437       1
  380     468       1
  380     520       1
  381     437       1
  381     537       1
  383     503       1
  383     577       1
  385     485       1
  385     500       1
  388     432       1
  389     522       1
  389     536       1
  390     426       1
  390     455       1
  393     533       1
  395     434       1
  398     415       1
  398     460       1
  399     402       1
  399     448       1
  402     417       1
  404     458       1
  406     436       1
  407     461       1
  411     487       1
  414     588       1
  418     451       1
  420     537       1
  422     440       1
  426     461       1
  426     554       1
  426     580       1
  430     522       1
  434     534       1
  438     470       1
  438     564       1
  438     578       1
  439     472       1
  440     560       1
  442     449       1
  442     550       1
  447     450       1
  451     581       1
  452     467       1
  455     557       1
  457     532       1
  458     561       1
  459     520       1
  460     532       1
  464     466       1
  464     489       1
  467     509       1
  469     474       1
  470     473       1
  472     547       1
  476     530       1
  480     585       1
  481     521       1
  492     542       1
  497     498       1
  497     512       1
  497     526       1
  501     533       1
  505     527       1
  516     587       1
  519     545       1
  523     591       1
  523     594       1
  525     539       1
  525     588       1
  532     600       1
  538     580       1
  543     586       1
  544     595       1
  550     584       1
  551     569       1
  555     579       1
  558     569       1
  573     598       1
  594     598       1
