  500     533
    1     342       1
    2      38       1
    2     101       1
    2     307       1
    3      83       1
    4     453       1
    4     458       1
    5     121       1
    5     181       1
    6     412       1
    7      19       1
    7      32       1
    7     338       1
    8      14       1
    8     127       1
    8     238       1
    8     334       1
    9      57       1
   10     282       1
   10     479       1
   11     214       1
   11     338       1
   12      39       1
   12     152       1
   12     226       1
   12     454       1
   13      44       1
   15     243       1
   16      31       1
   16     231       1
   17     146       1
   17     181       1
   18     248       1
   19     250       1
   19     419       1
   19     439       1
   19     464       1
   19     497       1
   20     264       1
   20     412       1
   20     435       1
   21      56       1
   21     115       1
   21     352       1
   22      73       1
   23     255       1
   24     328       1
   24     487       1
   25     344       1
   26     483       1
   27      54       1
   27     179       1
   27     359       1
   28     110       1
   28     370       1
   29     333       1
   30      32       1
   31     183       1
   31     342       1
   32     455       1
   33      98       1
   33     115       1
   33     280       1
   33     333       1
   34     301       1
   34     496       1
   35     453       1
   36      39       1
   37     111       1
   37     127       1
   37     461       1
   38      71       1
   38     254       1
   39     108       1
   39     289       1
   39     413       1
   39     440       1
   40     226       1
   40     238       1
   40     270       1
   41     254       1
   42      90       1
   42     139       1
   42     170       1
   43      61       1
   43     275       1
   43     485       1
   44     189       1
   44     468       1
   45      80       1
   45     266       1
   45     385       1
   45     459       1
   46      66       1
   46     454       1
   47      99       1
   47     189       1
   47     197       1
   47     199       1
   47     269       1
   47     290       1
   47     338       1
   48     188       1
   48     331       1
   49     480       1
   50     375       1
   50     459       1
   51     410       1
   52      56       1
   53      54       1
   54      77       1
   54      98       1
   54     315       1
   54     319       1
   54     491       1
   55     350       1
   57      63       1
   57     163       1
   57     201       1
   57     306       1
   57     312       1
   57     343       1
   58     496       1
   59     286       1
   59     417       1
   60     105       1
   62      78       1
   62     164       1
   63     378       1
   64     326       1
   65     297       1
   65     349       1
   65     444       1
   66     277       1
   67     194       1
   67     271       1
   68     154       1
   68     246       1
   69     201       1
   69     460       1
   70     292       1
   70     335       1
   70     346       1
   72     318       1
   73      74       1
   73     181       1
   73     333       1
   73     346       1
   75     139       1
   76      79       1
   76     254       1
   76     419       1
   77     429       1
   79      82       1
   79     388       1
   80     425       1
   81     240       1
   81     479       1
   81     493       1
   83      85       1
   83     141       1
   83     161       1
   83     208       1
   83     245       1
   84     169       1
   84     259       1
   84     296       1
   84     337       1
   84     420       1
   84     460       1
   85     347       1
   86     235       1
   86     322       1
   87     428       1
   88     142       1
   88     178       1
   88     193       1
   88     245       1
   88     294       1
   88     336       1
   89     173       1
   91     332       1
   92     363       1
   93     180       1
   94     229       1
   95     283       1
   96     110       1
   97     475       1
   98     208       1
   98     255       1
   98     271       1
   98     454       1
   98     482       1
  100     158       1
  101     474       1
  102     144       1
  102     443       1
  103     470       1
  104     181       1
  105     115       1
  105     128       1
  105     247       1
  105     266       1
  105     428       1
  105     466       1
  106     308       1
  106     414       1
  107     188       1
  107     262       1
  108     211       1
  108     317       1
  108     390       1
  109     229       1
  109     244       1
  110     240       1
  110     245       1
  111     115       1
  111     241       1
  111     310       1
  111     362       1
  112     140       1
  113     228       1
  114     278       1
  115     123       1
  115     222       1
  115     304       1
  116     161       1
  116     444       1
  117     233       1
  117     354       1
  117     430       1
  118     394       1
  119     489       1
  120     259       1
  122     266       1
  123     359       1
  123     447       1
  123     453       1
  124     423       1
  125     262       1
  126     138       1
  128     180       1
  128     345       1
  129     273       1
  130     150       1
  130     473       1
  131     198       1
  132     462       1
  133     266       1
  134     232       1
  135     463       1
  136     408       1
  137     320       1
  137     461       1
  138     470       1
  139     155       1
  139     355       1
  139     482       1
  140     205       1
  140     235       1
  140     255       1
  142     393       1
  143     180       1
  144     478       1
  145     287       1
  145     480       1
  146     215       1
  147     248       1
  147     434       1
  148     386       1
  149     322       1
  149     487       1
  150     166       1
  150     219       1
  150     258       1
  150     321       1
  150     371       1
  150     431       1
  150     441       1
  151     228       1
  152     160       1
  152     198       1
  152     228       1
  152     297       1
  152     477       1
  153     300       1
  153     313       1
  155     358       1
  155     456       1
  156     197       1
  157     333       1
  158     307       1
  159     458       1
  160     176       1
  161     212       1
  162     275       1
  162     474       1
  164     435       1
  164     445       1
  165     197       1
  166     397       1
  167     356       1
  168     243       1
  168     418       1
  170     178       1
  170     246       1
  170     276       1
  170     339       1
  170     360       1
  170     465       1
  171     471       1
  172     190       1
  172     203       1
  172     210       1
  172     227       1
  172     256       1
  172     328       1
  173     470       1
  173     481       1
  174     403       1
  174     465       1
  175     383       1
  177     333       1
  179     427       1
  182     208       1
  182     273       1
  182     377       1
  182     495       1
  184     421       1
  185     410       1
  186     359       1
  187     290       1
  188     191       1
  188     253       1
  188     442       1
  188     449       1
  189     245       1
  189     326       1
  190     300       1
  191     203       1
  191     292       1
  191     305       1
  191     410       1
  192     328       1
  193     488       1
  195     453       1
  196     315       1
  197     229       1
  197     309       1
  199     343       1
  200     464       1
  201     392       1
  202     397       1
  203     343       1
  203     445       1
  203     485       1
  204     413       1
  205     432       1
  206     309       1
  206     409       1
  206     484       1
  207     372       1
  207     470       1
  208     233       1
  208     343       1
  208     435       1
  209     488       1
  213     226       1
  213     457       1
  213     469       1
  216     380       1
  217     339       1
  218     453       1
  219     256       1
  220     413       1
  221     445       1
  222     395       1
  223     399       1
  224     255       1
  224     324       1
  225     301       1
  226     267       1
  227     314       1
  227     353       1
  227     385       1
  227     391       1
  228     463       1
  229     303       1
  229     318       1
  229     389       1
  230     299       1
  232     477       1
  233     368       1
  233     398       1
  234     345       1
  235     496       1
  236     452       1
  237     258       1
  237     482       1
  239     411       1
  242     486       1
  243     325       1
  243     425       1
  243     487       1
  247     442       1
  248     449       1
  249     253       1
  251     336       1
  252     307       1
  252     366       1
  252     375       1
  254     292       1
  254     478       1
  255     299       1
  257     281       1
  257     426       1
  258     291       1
  258     424       1
  259     351       1
  260     351       1
  261     389       1
  261     407       1
  262     448       1
  262     486       1
  263     399       1
  265     427       1
  266     276       1
  266     307       1
  266     394       1
  267     278       1
  268     363       1
  268     490       1
  271     356       1
  271     487       1
  272     330       1
  273     408       1
  274     429       1
  276     462       1
  279     373       1
  280     439       1
  281     375       1
  282     342       1
  283     386       1
  283     446       1
  284     376       1
  284     399       1
  285     404       1
  288     489       1
  293     365       1
  293     438       1
  295     338       1
  296     307       1
  296     399       1
  298     428       1
  299     389       1
  300     399       1
  302     315       1
  304     400       1
  304     498       1
  305     357       1
  307     470       1
  307     500       1
  308     383       1
  308     422       1
  308     473       1
  311     374       1
  311     439       1
  314     361       1
  315     396       1
  316     445       1
  322     490       1
  323     404       1
  323     495       1
  327     378       1
  328     475       1
  329     381       1
  329     417       1
  330     421       1
  332     379       1
  332     468       1
  337     472       1
  339     348       1
  340     345       1
  341     480       1
  342     423       1
  342     436       1
  342     470       1
  344     364       1
  344     426       1
  350     462       1
  354     437       1
  354     450       1
  354     489       1
  360     451       1
  365     415       1
  367     492       1
  369     462       1
  373     393       1
  374     464       1
  375     479       1
  376     400       1
  377     487       1
  377     499       1
  380     482       1
  381     471       1
  381     485       1
  382     473       1
  384     477       1
  387     492       1
  394     433       1
  394     458       1
  395     460       1
  398     416       1
  401     482       1
  402     482       1
  405     470       1
  406     490       1
  410     452       1
  411     473       1
  411     495       1
  413     480       1
  415     485       1
  418     500       1
  421     449       1
  426     445       1
  435     446       1
  436     494       1
  444     485       1
  464     483       1
  467     477       1
  471     492       1
  476     497       1
  479     484       1
