  500     533
    1      54       1
    1     337       1
    2     327       1
    3     246       1
    3     399       1
    3     417       1
    4     496       1
    5      40       1
    5      64       1
    5      78       1
    5     177       1
    5     244       1
    5     302       1
    5     398       1
    6     145       1
    6     368       1
    7     359       1
    8     342       1
    9      69       1
    9     180       1
    9     220       1
    9     344       1
    9     429       1
   10      74       1
   10     141       1
   11     128       1
   11     382       1
   11     422       1
   11     423       1
   11     440       1
   11     496       1
   12      69       1
   12     290       1
   12     402       1
   13     389       1
   14     223       1
   14     328       1
   14     381       1
   15      37       1
   15     368       1
   16     409       1
   17     426       1
   18     194       1
   18     222       1
   19     338       1
   19     394       1
   20     226       1
   21     233       1
   21     356       1
   22     139       1
   23     164       1
   23     343       1
   24     103       1
   24     129       1
   25      75       1
   26     157       1
   27     178       1
   27     271       1
   27     281       1
   28     308       1
   28     352       1
   29     123       1
   29     144       1
   29     303       1
   29     410       1
   30     121       1
   30     144       1
   30     367       1
   31     318       1
   32      85       1
   32     439       1
   33     426       1
   34     209       1
   34     466       1
   35     134       1
   35     319       1
   36     188       1
   36     315       1
   38      95       1
   38     254       1
   38     372       1
   38     462       1
   39     247       1
   40     427       1
   41     336       1
   41     354       1
   42     212       1
   42     397       1
   43      68       1
   43     140       1
   43     147       1
   43     273       1
   44     444       1
   45      89       1
   45     289       1
   46     131       1
   46     334       1
   47     207       1
   47     335       1
   48      60       1
   48     336       1
   48     495       1
   49     126       1
   49     232       1
   49     415       1
   49     466       1
   50     301       1
   51     354       1
   52     448       1
   52     451       1
   53     169       1
   53     262       1
   53     465       1
   54     268       1
   54     292       1
   54     326       1
   54     492       1
   55     114       1
   56     420       1
   56     457       1
   56     462       1
   57     173       1
   57     237       1
   57     267       1
   57     306       1
   57     346       1
   58     116       1
   59     201       1
   59     270       1
   60     168       1
   61     230       1
   62     326       1
   63     113       1
   63     264       1
   63     351       1
   64     140       1
   64     222       1
   64     351       1
   65     383       1
   66     363       1
   67     310       1
   68     167       1
   69     236       1
   69     345       1
   70     116       1
   70     317       1
   71     451       1
   72     126       1
   72     214       1
   72     358       1
   73     160       1
   73     177       1
   75     260       1
   76     231       1
   76     394       1
   76     461       1
   77     254       1
   77     304       1
   77     312       1
   78     216       1
   78     254       1
   79     192       1
   79     260       1
   80     299       1
   80     448       1
   81     285       1
   82     265       1
   83     116       1
   83     134       1
   83     154       1
   83     196       1
   83     317       1
   83     427       1
   83     448       1
   84     153       1
   84     183       1
   84     332       1
   84     464       1
   86     290       1
   87     380       1
   88     340       1
   88     458       1
   89     321       1
   90     160       1
   91     499       1
   92     229       1
   92     329       1
   92     448       1
   93     172       1
   94     126       1
   95     198       1
   96     193       1
   96     449       1
   97     320       1
   97     389       1
   97     397       1
   98     204       1
   99     124       1
  100     161       1
  100     449       1
  101     451       1
  102     155       1
  102     322       1
  103     108       1
  104     398       1
  105     253       1
  106     216       1
  107     182       1
  107     200       1
  108     128       1
  108     389       1
  108     408       1
  109     311       1
  109     376       1
  110     431       1
  111     330       1
  111     443       1
  112     236       1
  113     172       1
  114     154       1
  114     171       1
  115     254       1
  116     348       1
  116     384       1
  116     436       1
  117     405       1
  117     489       1
  118     274       1
  118     484       1
  119     229       1
  119     479       1
  120     454       1
  122     453       1
  124     160       1
  124     185       1
  125     187       1
  125     253       1
  125     317       1
  125     318       1
  125     416       1
  126     153       1
  126     158       1
  126     159       1
  126     226       1
  126     357       1
  126     397       1
  127     437       1
  128     293       1
  129     271       1
  129     353       1
  130     463       1
  130     485       1
  131     413       1
  131     414       1
  132     162       1
  133     147       1
  133     470       1
  134     165       1
  134     226       1
  134     245       1
  135     172       1
  135     447       1
  135     455       1
  136     482       1
  137     175       1
  138     139       1
  138     219       1
  138     438       1
  139     414       1
  140     160       1
  140     206       1
  141     283       1
  141     399       1
  142     295       1
  143     221       1
  145     390       1
  146     356       1
  148     229       1
  149     273       1
  150     237       1
  151     366       1
  152     240       1
  153     161       1
  153     409       1
  153     484       1
  154     222       1
  154     336       1
  154     414       1
  154     498       1
  156     404       1
  156     465       1
  157     381       1
  157     482       1
  158     170       1
  158     326       1
  159     243       1
  159     258       1
  159     458       1
  159     459       1
  160     324       1
  162     451       1
  163     212       1
  165     247       1
  165     356       1
  165     400       1
  166     260       1
  166     364       1
  167     172       1
  167     218       1
  169     182       1
  170     493       1
  172     187       1
  172     318       1
  174     374       1
  175     339       1
  175     499       1
  176     351       1
  179     432       1
  179     451       1
  181     189       1
  182     363       1
  183     417       1
  183     471       1
  184     415       1
  186     249       1
  186     398       1
  186     489       1
  188     237       1
  188     342       1
  189     322       1
  189     386       1
  190     439       1
  191     481       1
  192     397       1
  193     445       1
  195     351       1
  196     223       1
  196     383       1
  196     421       1
  197     383       1
  199     427       1
  202     293       1
  203     394       1
  204     383       1
  205     388       1
  205     478       1
  207     373       1
  207     494       1
  208     373       1
  210     363       1
  210     399       1
  211     222       1
  212     302       1
  213     331       1
  214     330       1
  215     431       1
  217     325       1
  217     456       1
  220     347       1
  221     326       1
  221     407       1
  221     446       1
  221     483       1
  221     486       1
  222     266       1
  222     301       1
  222     480       1
  224     254       1
  225     380       1
  226     486       1
  227     394       1
  227     397       1
  228     361       1
  229     392       1
  230     277       1
  230     487       1
  234     336       1
  235     492       1
  236     249       1
  237     357       1
  238     483       1
  239     342       1
  239     366       1
  240     255       1
  240     395       1
  241     286       1
  242     361       1
  245     291       1
  245     297       1
  245     387       1
  245     425       1
  245     456       1
  247     401       1
  247     481       1
  248     275       1
  248     464       1
  250     355       1
  251     422       1
  252     254       1
  252     378       1
  253     440       1
  254     287       1
  254     410       1
  256     275       1
  256     397       1
  257     285       1
  257     305       1
  257     319       1
  257     331       1
  258     290       1
  258     300       1
  258     465       1
  259     282       1
  259     319       1
  260     322       1
  260     426       1
  261     321       1
  261     330       1
  261     475       1
  262     325       1
  263     402       1
  264     369       1
  265     342       1
  266     276       1
  266     490       1
  269     488       1
  270     351       1
  271     352       1
  271     399       1
  272     353       1
  274     374       1
  274     377       1
  276     323       1
  277     319       1
  278     373       1
  279     381       1
  280     287       1
  282     326       1
  282     372       1
  284     360       1
  284     410       1
  285     309       1
  286     316       1
  286     448       1
  288     295       1
  288     479       1
  293     477       1
  293     497       1
  294     476       1
  295     424       1
  296     309       1
  297     307       1
  298     444       1
  302     332       1
  304     431       1
  307     452       1
  308     465       1
  310     498       1
  312     385       1
  313     358       1
  314     421       1
  316     441       1
  319     359       1
  319     466       1
  322     397       1
  322     404       1
  322     469       1
  324     358       1
  327     480       1
  330     437       1
  333     370       1
  333     419       1
  339     361       1
  341     389       1
  343     406       1
  345     375       1
  345     430       1
  345     492       1
  349     418       1
  349     472       1
  350     462       1
  352     448       1
  355     413       1
  356     385       1
  356     433       1
  356     441       1
  357     365       1
  357     399       1
  358     430       1
  359     488       1
  361     458       1
  362     415       1
  363     500       1
  368     451       1
  370     498       1
  371     455       1
  376     397       1
  376     403       1
  377     442       1
  379     453       1
  380     383       1
  381     445       1
  381     463       1
  388     480       1
  389     428       1
  391     463       1
  393     492       1
  395     486       1
  396     480       1
  397     423       1
  397     439       1
  399     444       1
  401     474       1
  406     453       1
  406     467       1
  406     473       1
  411     486       1
  412     436       1
  415     453       1
  431     464       1
  434     468       1
  435     444       1
  436     454       1
  439     494       1
  444     474       1
  450     458       1
  460     493       1
  461     491       1
  468     488       1
  468     497       1
  472     497       1
  476     484       1
  491     497       1
