   50      61
    1      20       1
    1      28       1
    1      39       1
    2      10       1
    2      20       1
    3      29       1
    4      15       1
    4      43       1
    5      21       1
    5      30       1
    5      45       1
    6       8       1
    7      21       1
    8      21       1
    8      48       1
    9      17       1
    9      33       1
    9      37       1
   10      18       1
   10      26       1
   11      43       1
   12      17       1
   12      35       1
   12      36       1
   12      41       1
   12      47       1
   13      19       1
   13      29       1
   14      20       1
   15      21       1
   15      50       1
   16      26       1
   16      28       1
   17      50       1
   18      39       1
   19      32       1
   19      47       1
   20      24       1
   20      43       1
   22      27       1
   22      39       1
   22      45       1
   23      39       1
   25      43       1
   25      47       1
   26      43       1
   28      37       1
   29      31       1
   30      36       1
   30      39       1
   34      35       1
   35      36       1
   35      38       1
   35      42       1
   36      44       1
   36      49       1
   39      40       1
   40      43       1
   40      50       1
   43      46       1
   44      46       1
