   50      61
    1      11       1
    1      49       1
    2       5       1
    3      20       1
    3      28       1
    3      33       1
    3      40       1
    4       8       1
    4      22       1
    4      31       1
    5      14       1
    5      48       1
    6       8       1
    7      11       1
    7      20       1
    8      24       1
    8      41       1
    9      44       1
   10      34       1
   10      46       1
   11      12       1
   11      41       1
   12      16       1
   12      28       1
   12      47       1
   13      45       1
   13      47       1
   14      23       1
   14      24       1
   14      27       1
   15      16       1
   16      33       1
   16      38       1
   16      50       1
   17      34       1
   18      24       1
   18      29       1
   18      44       1
   18      47       1
   19      20       1
   19      38       1
   19      43       1
   19      47       1
   21      32       1
   22      25       1
   25      28       1
   25      47       1
   26      31       1
   27      35       1
   27      42       1
   27      49       1
   30      32       1
   31      32       1
   31      39       1
   31      47       1
   34      43       1
   35      49       1
   36      38       1
   37      42       1
   38      49       1
   47      48       1
