   50      61
    1      37       1
    1      41       1
    1      48       1
    2      45       1
    2      49       1
    3      13       1
    3      49       1
    4      42       1
    4      50       1
    5      19       1
    5      25       1
    6      15       1
    6      36       1
    6      50       1
    7      20       1
    7      22       1
    7      40       1
    8      16       1
    8      39       1
    9      12       1
    9      43       1
   10      28       1
   11      12       1
   11      37       1
   11      43       1
   12      23       1
   12      26       1
   12      33       1
   12      48       1
   14      49       1
   15      18       1
   16      31       1
   16      32       1
   16      37       1
   17      49       1
   18      35       1
   18      47       1
   18      48       1
   19      34       1
   19      35       1
   20      24       1
   20      39       1
   21      48       1
   21      49       1
   22      23       1
   22      31       1
   23      29       1
   23      38       1
   23      42       1
   23      46       1
   23      49       1
   24      33       1
   25      36       1
   25      49       1
   27      38       1
   27      42       1
   28      34       1
   30      31       1
   34      37       1
   40      45       1
   44      46       1
