   50      61
    1      23       1
    2       3       1
    3       4       1
    3      14       1
    3      15       1
    3      29       1
    3      30       1
    3      38       1
    3      41       1
    4      39       1
    5      12       1
    5      16       1
    6      19       1
    6      24       1
    7      26       1
    7      32       1
    7      50       1
    8      12       1
    8      21       1
    8      33       1
    9      21       1
   10      16       1
   11      14       1
   11      22       1
   11      48       1
   12      27       1
   12      43       1
   12      45       1
   13      17       1
   14      18       1
   14      30       1
   14      31       1
   14      32       1
   14      37       1
   15      34       1
   17      25       1
   19      49       1
   20      23       1
   22      28       1
   22      31       1
   23      31       1
   23      40       1
   24      28       1
   24      49       1
   25      38       1
   27      44       1
   28      34       1
   29      46       1
   30      31       1
   31      43       1
   31      46       1
   32      45       1
   33      46       1
   35      36       1
   35      47       1
   37      38       1
   37      42       1
   38      41       1
   39      47       1
   39      48       1
   41      44       1
