   50      61
    1      19       1
    1      21       1
    1      34       1
    1      41       1
    2      25       1
    2      33       1
    2      48       1
    3       6       1
    3      17       1
    3      49       1
    4      11       1
    4      29       1
    4      46       1
    5      12       1
    5      13       1
    5      26       1
    5      38       1
    7      21       1
    7      31       1
    8      48       1
    9      29       1
    9      30       1
   10      25       1
   11      12       1
   11      43       1
   12      36       1
   13      15       1
   13      17       1
   13      23       1
   13      30       1
   13      47       1
   14      21       1
   14      39       1
   15      32       1
   16      19       1
   16      34       1
   16      35       1
   17      24       1
   18      37       1
   18      44       1
   19      27       1
   20      44       1
   21      35       1
   21      42       1
   22      39       1
   22      47       1
   23      35       1
   23      44       1
   23      45       1
   23      47       1
   25      33       1
   25      35       1
   26      30       1
   27      48       1
   28      33       1
   28      43       1
   28      49       1
   36      41       1
   40      44       1
   43      48       1
   49      50       1
