  500     533
    1      23       1
    1     166       1
    2     165       1
    2     274       1
    2     357       1
    3      29       1
    3      43       1
    3      45       1
    3      90       1
    3     186       1
    3     269       1
    3     294       1
    3     350       1
    3     428       1
    3     459       1
    4     157       1
    5     313       1
    6     347       1
    7     279       1
    8     369       1
    9     431       1
   10      85       1
   10     106       1
   10     170       1
   11     356       1
   12     400       1
   12     429       1
   13     129       1
   13     352       1
   14     400       1
   14     449       1
   15     135       1
   15     192       1
   15     356       1
   16     148       1
   16     328       1
   16     456       1
   17      54       1
   17     189       1
   17     229       1
   17     381       1
   18     321       1
   18     418       1
   19     311       1
   20     280       1
   21     183       1
   21     247       1
   22     152       1
   23     238       1
   23     304       1
   23     419       1
   23     432       1
   24     195       1
   25     213       1
   25     348       1
   26     217       1
   26     299       1
   26     453       1
   27     282       1
   28     181       1
   28     325       1
   28     335       1
   30     322       1
   31      90       1
   31     318       1
   32     159       1
   32     387       1
   33     157       1
   33     275       1
   34     101       1
   35     138       1
   36     157       1
   37      53       1
   37     100       1
   37     482       1
   38      61       1
   38     283       1
   39     223       1
   39     255       1
   40     473       1
   41      90       1
   41     118       1
   41     143       1
   41     278       1
   42     464       1
   42     475       1
   43      97       1
   43     492       1
   44     170       1
   45     155       1
   46     104       1
   46     178       1
   47     200       1
   47     294       1
   47     330       1
   47     431       1
   47     454       1
   48      70       1
   48      91       1
   49     460       1
   50      87       1
   50     155       1
   50     402       1
   51      77       1
   51     220       1
   51     272       1
   51     274       1
   52      84       1
   52     120       1
   52     138       1
   52     461       1
   53     139       1
   53     295       1
   53     324       1
   54     367       1
   55      70       1
   55     116       1
   56     294       1
   56     300       1
   57     432       1
   58     116       1
   58     141       1
   59     448       1
   60     198       1
   61      70       1
   61      81       1
   61     304       1
   61     387       1
   61     471       1
   62     288       1
   63     202       1
   64     210       1
   65     456       1
   66      81       1
   67     350       1
   68     131       1
   68     162       1
   68     316       1
   68     366       1
   68     422       1
   68     435       1
   69     476       1
   70     179       1
   70     236       1
   70     322       1
   70     333       1
   70     459       1
   71     248       1
   72     271       1
   72     384       1
   73     324       1
   74     167       1
   74     335       1
   74     350       1
   74     356       1
   75     240       1
   75     277       1
   75     327       1
   76     355       1
   78     140       1
   78     353       1
   78     473       1
   79     350       1
   79     353       1
   79     371       1
   79     373       1
   80     132       1
   80     185       1
   80     210       1
   80     281       1
   81     134       1
   81     442       1
   82     233       1
   82     247       1
   82     326       1
   83     261       1
   83     364       1
   83     459       1
   83     498       1
   84     343       1
   85     125       1
   86     149       1
   86     209       1
   88     381       1
   88     447       1
   89     226       1
   89     306       1
   89     463       1
   90      95       1
   90     104       1
   90     357       1
   90     375       1
   91     243       1
   91     344       1
   92     236       1
   92     497       1
   93     225       1
   94     252       1
   94     488       1
   96     236       1
   98     139       1
   99     102       1
   99     136       1
   99     352       1
  101     276       1
  101     465       1
  102     335       1
  103     309       1
  104     184       1
  104     460       1
  105     222       1
  105     250       1
  105     319       1
  106     117       1
  106     342       1
  106     346       1
  106     499       1
  107     379       1
  108     285       1
  108     291       1
  108     294       1
  108     470       1
  109     139       1
  109     226       1
  109     264       1
  110     124       1
  110     130       1
  110     273       1
  110     320       1
  110     480       1
  111     181       1
  112     199       1
  113     127       1
  113     222       1
  114     157       1
  114     202       1
  114     355       1
  114     372       1
  114     479       1
  115     297       1
  115     349       1
  115     477       1
  117     228       1
  117     468       1
  118     180       1
  119     238       1
  120     286       1
  121     196       1
  122     428       1
  123     422       1
  124     484       1
  126     187       1
  127     219       1
  128     342       1
  129     209       1
  129     340       1
  130     164       1
  131     381       1
  132     242       1
  133     191       1
  133     385       1
  133     389       1
  134     216       1
  134     252       1
  134     379       1
  134     411       1
  134     441       1
  136     175       1
  137     145       1
  140     405       1
  142     333       1
  144     314       1
  145     434       1
  146     411       1
  147     475       1
  148     284       1
  149     171       1
  150     343       1
  151     201       1
  151     225       1
  151     346       1
  152     179       1
  152     323       1
  153     293       1
  153     394       1
  154     400       1
  155     464       1
  156     323       1
  157     204       1
  157     215       1
  157     324       1
  157     357       1
  157     418       1
  157     445       1
  158     159       1
  160     248       1
  161     244       1
  161     309       1
  161     469       1
  163     176       1
  163     179       1
  163     320       1
  165     227       1
  166     405       1
  167     211       1
  168     178       1
  168     380       1
  169     423       1
  172     212       1
  173     205       1
  173     220       1
  173     310       1
  174     432       1
  176     199       1
  177     480       1
  178     276       1
  178     303       1
  181     269       1
  182     425       1
  182     499       1
  183     317       1
  184     500       1
  185     329       1
  185     340       1
  185     368       1
  187     347       1
  188     349       1
  189     426       1
  190     440       1
  192     422       1
  193     312       1
  193     374       1
  194     274       1
  194     418       1
  195     253       1
  195     371       1
  195     409       1
  196     313       1
  197     254       1
  197     456       1
  198     415       1
  201     430       1
  203     456       1
  205     345       1
  205     427       1
  206     464       1
  207     418       1
  208     309       1
  209     455       1
  210     439       1
  211     213       1
  211     281       1
  212     314       1
  212     382       1
  213     389       1
  214     236       1
  214     417       1
  215     392       1
  217     255       1
  218     256       1
  218     258       1
  220     282       1
  220     495       1
  221     231       1
  221     302       1
  222     225       1
  222     363       1
  222     408       1
  224     331       1
  224     404       1
  225     229       1
  225     385       1
  225     412       1
  226     499       1
  229     257       1
  229     260       1
  229     459       1
  230     484       1
  232     278       1
  234     304       1
  235     341       1
  236     313       1
  236     349       1
  236     415       1
  237     413       1
  239     357       1
  240     275       1
  240     311       1
  240     400       1
  241     379       1
  242     298       1
  245     347       1
  245     357       1
  245     391       1
  246     377       1
  247     294       1
  247     400       1
  248     288       1
  248     383       1
  248     456       1
  249     270       1
  249     350       1
  250     359       1
  250     433       1
  251     267       1
  251     341       1
  251     384       1
  253     268       1
  255     279       1
  255     341       1
  255     398       1
  255     459       1
  255     473       1
  255     483       1
  256     319       1
  258     285       1
  259     425       1
  262     327       1
  263     360       1
  265     281       1
  266     459       1
  269     456       1
  269     461       1
  271     401       1
  272     292       1
  272     361       1
  272     459       1
  273     348       1
  273     402       1
  273     452       1
  273     485       1
  274     336       1
  274     423       1
  276     287       1
  276     342       1
  280     342       1
  286     315       1
  286     446       1
  286     458       1
  289     483       1
  290     355       1
  290     386       1
  291     433       1
  293     478       1
  293     490       1
  294     352       1
  295     493       1
  296     403       1
  297     332       1
  297     397       1
  298     338       1
  301     454       1
  301     473       1
  302     370       1
  304     370       1
  305     436       1
  306     468       1
  307     395       1
  308     311       1
  309     449       1
  310     490       1
  312     451       1
  312     484       1
  313     476       1
  314     338       1
  314     413       1
  315     458       1
  319     453       1
  321     437       1
  323     351       1
  323     365       1
  331     434       1
  333     440       1
  334     367       1
  337     407       1
  338     341       1
  339     407       1
  341     377       1
  342     349       1
  342     362       1
  342     366       1
  347     388       1
  347     393       1
  347     434       1
  347     450       1
  349     414       1
  350     368       1
  350     481       1
  354     371       1
  354     419       1
  354     491       1
  356     390       1
  356     462       1
  357     448       1
  358     422       1
  360     377       1
  360     438       1
  361     406       1
  361     443       1
  362     474       1
  368     420       1
  368     424       1
  369     379       1
  370     403       1
  372     378       1
  372     401       1
  374     415       1
  376     415       1
  380     415       1
  382     421       1
  382     489       1
  385     464       1
  387     407       1
  390     472       1
  391     396       1
  395     449       1
  399     475       1
  405     466       1
  410     498       1
  412     491       1
  415     457       1
  416     472       1
  427     442       1
  427     486       1
  436     459       1
  436     467       1
  442     494       1
  444     499       1
  449     461       1
  458     487       1
  469     496       1
  483     496       1
  487     494       1
