  800     886
    1     147       1
    1     341       1
    1     607       1
    1     690       1
    1     784       1
    2     452       1
    2     547       1
    2     596       1
    2     661       1
    3     332       1
    3     405       1
    3     408       1
    4     302       1
    5      44       1
    5      79       1
    5     216       1
    5     483       1
    5     560       1
    5     708       1
    6     324       1
    7      62       1
    8     453       1
    8     699       1
    9     458       1
   10     140       1
   11     611       1
   12     217       1
   12     297       1
   12     554       1
   13     356       1
   13     595       1
   13     745       1
   13     780       1
   14      15       1
   14     480       1
   14     632       1
   15      23       1
   15     128       1
   15     395       1
   15     624       1
   16      36       1
   16     148       1
   16     206       1
   17      39       1
   17     289       1
   17     457       1
   18     305       1
   18     377       1
   18     440       1
   19      78       1
   19     131       1
   19     232       1
   19     237       1
   19     332       1
   19     344       1
   19     604       1
   19     643       1
   19     664       1
   20     628       1
   21     344       1
   21     774       1
   22     319       1
   23     111       1
   23     123       1
   23     159       1
   23     212       1
   23     219       1
   23     356       1
   23     778       1
   24     233       1
   25     177       1
   25     230       1
   26     489       1
   27     228       1
   27     435       1
   28      78       1
   28     313       1
   28     343       1
   29      65       1
   29     379       1
   30     132       1
   30     370       1
   30     398       1
   31     138       1
   31     459       1
   32     305       1
   32     711       1
   32     728       1
   33     179       1
   33     291       1
   33     561       1
   33     777       1
   34     289       1
   34     613       1
   35     318       1
   35     799       1
   36     332       1
   36     573       1
   37     325       1
   38     753       1
   38     755       1
   39      71       1
   39     548       1
   40     118       1
   40     381       1
   41     155       1
   41     461       1
   42     777       1
   43     643       1
   44     566       1
   44     652       1
   45     736       1
   46     101       1
   46     792       1
   47     131       1
   47     274       1
   47     393       1
   47     503       1
   47     610       1
   48      85       1
   48     674       1
   48     687       1
   49      95       1
   50     783       1
   51     217       1
   52     572       1
   53     354       1
   53     467       1
   54     704       1
   55     569       1
   56     538       1
   56     593       1
   57     307       1
   58     122       1
   58     383       1
   58     574       1
   59      87       1
   59     111       1
   59     373       1
   59     422       1
   59     748       1
   60     300       1
   60     347       1
   61     474       1
   62     107       1
   62     178       1
   62     481       1
   62     701       1
   63     115       1
   64     230       1
   66     306       1
   66     665       1
   67      98       1
   67     317       1
   67     351       1
   67     545       1
   67     577       1
   67     587       1
   67     679       1
   68     735       1
   69     181       1
   70     699       1
   71     435       1
   72     142       1
   72     352       1
   72     510       1
   73     427       1
   73     552       1
   74     508       1
   75     270       1
   75     454       1
   76     238       1
   76     355       1
   76     791       1
   77     242       1
   77     363       1
   77     619       1
   77     771       1
   78     336       1
   78     414       1
   79     603       1
   79     659       1
   80     165       1
   80     476       1
   81     335       1
   81     608       1
   82     766       1
   83     661       1
   84     135       1
   84     736       1
   85     139       1
   86     414       1
   87     769       1
   88     448       1
   88     534       1
   89     144       1
   90     190       1
   90     257       1
   90     700       1
   91     223       1
   91     785       1
   92     209       1
   93     456       1
   94     298       1
   94     545       1
   94     750       1
   95     196       1
   95     416       1
   95     418       1
   95     432       1
   95     543       1
   95     585       1
   95     661       1
   95     699       1
   96     291       1
   96     474       1
   96     609       1
   96     623       1
   96     667       1
   96     737       1
   96     754       1
   97     136       1
   97     265       1
   97     473       1
   98     287       1
   98     355       1
   98     416       1
   98     554       1
   98     668       1
   98     795       1
   99     434       1
   99     647       1
  100     499       1
  100     508       1
  100     568       1
  100     594       1
  100     640       1
  100     643       1
  100     792       1
  102     117       1
  102     197       1
  102     204       1
  103     723       1
  104     255       1
  104     384       1
  104     586       1
  105     446       1
  105     702       1
  106     135       1
  106     222       1
  107     210       1
  107     588       1
  108     766       1
  109     178       1
  109     387       1
  110     554       1
  110     675       1
  110     766       1
  111     138       1
  111     299       1
  112     228       1
  112     555       1
  113     318       1
  113     361       1
  113     460       1
  113     773       1
  114     458       1
  115     299       1
  115     758       1
  116     792       1
  117     536       1
  118     224       1
  118     380       1
  119     717       1
  120     123       1
  120     722       1
  121     325       1
  121     528       1
  121     638       1
  123     296       1
  123     389       1
  123     643       1
  123     721       1
  123     734       1
  124     159       1
  125     308       1
  125     348       1
  126     194       1
  127     626       1
  128     556       1
  129     304       1
  129     349       1
  129     492       1
  130     235       1
  131     144       1
  131     235       1
  131     408       1
  131     454       1
  131     751       1
  132     427       1
  132     430       1
  132     497       1
  133     198       1
  133     208       1
  133     641       1
  134     715       1
  135     576       1
  136     336       1
  137     159       1
  137     239       1
  138     564       1
  139     373       1
  139     558       1
  140     158       1
  140     263       1
  140     600       1
  140     666       1
  141     434       1
  141     719       1
  141     766       1
  143     347       1
  143     690       1
  144     282       1
  144     309       1
  145     693       1
  146     789       1
  146     799       1
  147     243       1
  147     244       1
  147     612       1
  149     484       1
  149     508       1
  150     236       1
  151     720       1
  152     236       1
  152     645       1
  153     701       1
  153     749       1
  154     184       1
  154     245       1
  154     708       1
  154     715       1
  155     163       1
  155     287       1
  155     483       1
  156     574       1
  157     253       1
  157     633       1
  158     526       1
  159     333       1
  159     350       1
  159     374       1
  160     527       1
  161     196       1
  162     363       1
  162     387       1
  162     452       1
  162     581       1
  164     276       1
  164     741       1
  165     346       1
  166     522       1
  167     275       1
  167     632       1
  168     242       1
  169     450       1
  169     470       1
  169     661       1
  170     799       1
  171     236       1
  172     331       1
  173     689       1
  174     194       1
  174     646       1
  175     420       1
  176     545       1
  176     598       1
  177     336       1
  177     714       1
  179     438       1
  179     642       1
  180     309       1
  181     442       1
  181     477       1
  181     538       1
  181     619       1
  181     656       1
  182     451       1
  183     679       1
  183     787       1
  185     643       1
  186     285       1
  186     577       1
  186     727       1
  187     361       1
  188     412       1
  188     590       1
  189     495       1
  189     669       1
  189     681       1
  191     400       1
  191     651       1
  192     287       1
  192     741       1
  193     199       1
  193     711       1
  193     768       1
  194     263       1
  194     379       1
  194     436       1
  194     456       1
  194     528       1
  194     618       1
  195     771       1
  196     553       1
  197     559       1
  198     369       1
  198     488       1
  200     428       1
  200     615       1
  201     337       1
  202     300       1
  203     390       1
  204     756       1
  205     769       1
  206     344       1
  206     510       1
  206     609       1
  206     691       1
  207     572       1
  207     596       1
  209     551       1
  210     437       1
  211     618       1
  213     517       1
  213     663       1
  214     520       1
  214     583       1
  215     624       1
  216     392       1
  216     448       1
  216     786       1
  218     430       1
  218     433       1
  218     439       1
  219     599       1
  220     608       1
  221     263       1
  221     500       1
  221     695       1
  221     718       1
  221     753       1
  222     410       1
  222     464       1
  223     260       1
  223     795       1
  224     233       1
  224     480       1
  224     705       1
  224     725       1
  225     625       1
  226     401       1
  226     582       1
  227     637       1
  229     385       1
  229     408       1
  229     428       1
  229     550       1
  231     646       1
  232     334       1
  232     475       1
  232     539       1
  233     534       1
  234     375       1
  234     508       1
  235     400       1
  235     443       1
  235     554       1
  235     565       1
  236     324       1
  236     582       1
  236     676       1
  236     702       1
  237     468       1
  238     412       1
  240     388       1
  241     468       1
  242     302       1
  243     605       1
  244     345       1
  244     423       1
  244     511       1
  245     498       1
  245     551       1
  246     288       1
  246     430       1
  247     274       1
  247     309       1
  247     531       1
  247     556       1
  248     489       1
  248     628       1
  248     683       1
  249     574       1
  250     540       1
  250     553       1
  251     396       1
  252     303       1
  252     366       1
  252     478       1
  254     378       1
  254     704       1
  254     705       1
  255     420       1
  255     508       1
  255     637       1
  255     760       1
  256     425       1
  256     579       1
  256     710       1
  257     271       1
  257     702       1
  257     743       1
  258     628       1
  259     315       1
  259     508       1
  259     729       1
  260     599       1
  260     744       1
  261     303       1
  261     392       1
  261     469       1
  261     575       1
  262     265       1
  262     326       1
  262     355       1
  262     705       1
  263     368       1
  263     466       1
  264     667       1
  265     447       1
  265     583       1
  266     658       1
  267     330       1
  267     435       1
  267     592       1
  268     575       1
  268     577       1
  268     648       1
  268     781       1
  269     464       1
  270     556       1
  270     710       1
  270     717       1
  271     441       1
  271     709       1
  271     723       1
  272     496       1
  272     676       1
  273     281       1
  273     290       1
  273     302       1
  273     359       1
  273     680       1
  274     627       1
  274     710       1
  274     798       1
  276     349       1
  277     278       1
  277     303       1
  277     424       1
  278     507       1
  279     465       1
  280     729       1
  281     553       1
  281     631       1
  281     789       1
  283     326       1
  283     710       1
  284     622       1
  285     360       1
  285     703       1
  286     735       1
  287     300       1
  287     458       1
  287     524       1
  289     726       1
  291     301       1
  291     501       1
  291     705       1
  292     459       1
  292     689       1
  292     777       1
  293     706       1
  294     295       1
  294     625       1
  295     685       1
  296     417       1
  298     787       1
  300     348       1
  300     527       1
  300     611       1
  300     763       1
  302     557       1
  303     369       1
  303     371       1
  303     517       1
  305     528       1
  306     436       1
  306     444       1
  307     435       1
  307     770       1
  309     542       1
  309     630       1
  309     749       1
  310     369       1
  310     735       1
  311     662       1
  312     606       1
  313     695       1
  313     759       1
  314     668       1
  315     455       1
  315     485       1
  316     385       1
  316     526       1
  317     785       1
  318     339       1
  318     588       1
  318     596       1
  318     734       1
  319     421       1
  320     424       1
  320     514       1
  321     560       1
  321     782       1
  322     332       1
  323     676       1
  327     429       1
  327     643       1
  328     399       1
  328     443       1
  328     733       1
  328     757       1
  329     387       1
  329     674       1
  331     392       1
  333     407       1
  335     353       1
  337     646       1
  338     482       1
  338     770       1
  339     468       1
  340     526       1
  342     766       1
  343     636       1
  344     765       1
  345     620       1
  346     394       1
  347     447       1
  349     408       1
  349     578       1
  351     421       1
  352     354       1
  354     591       1
  355     379       1
  355     411       1
  355     430       1
  355     607       1
  355     643       1
  355     761       1
  356     544       1
  356     571       1
  356     635       1
  356     741       1
  357     625       1
  358     595       1
  358     597       1
  360     416       1
  360     532       1
  362     583       1
  363     643       1
  364     471       1
  365     529       1
  367     538       1
  369     379       1
  369     525       1
  369     710       1
  372     583       1
  374     482       1
  376     534       1
  379     534       1
  380     621       1
  380     649       1
  382     391       1
  382     606       1
  386     566       1
  386     795       1
  387     512       1
  388     454       1
  390     464       1
  391     402       1
  391     488       1
  392     769       1
  396     725       1
  397     572       1
  398     456       1
  398     516       1
  398     658       1
  399     629       1
  399     723       1
  401     658       1
  401     676       1
  402     545       1
  403     703       1
  404     542       1
  406     684       1
  407     606       1
  409     542       1
  411     601       1
  411     616       1
  411     672       1
  413     678       1
  415     611       1
  419     757       1
  420     533       1
  421     431       1
  421     779       1
  424     513       1
  426     569       1
  428     735       1
  429     750       1
  430     650       1
  434     572       1
  435     483       1
  436     653       1
  437     455       1
  437     702       1
  439     590       1
  442     670       1
  442     677       1
  444     574       1
  444     584       1
  445     747       1
  446     742       1
  449     524       1
  451     655       1
  451     676       1
  452     775       1
  453     765       1
  458     580       1
  458     662       1
  460     688       1
  461     476       1
  461     795       1
  462     505       1
  462     527       1
  462     565       1
  462     793       1
  463     595       1
  464     567       1
  464     661       1
  464     738       1
  464     746       1
  465     645       1
  466     713       1
  471     693       1
  472     674       1
  476     626       1
  478     706       1
  478     767       1
  479     502       1
  479     530       1
  482     657       1
  483     569       1
  483     632       1
  485     490       1
  485     732       1
  486     556       1
  487     551       1
  489     508       1
  489     622       1
  491     662       1
  493     578       1
  493     765       1
  494     563       1
  494     600       1
  499     768       1
  499     794       1
  500     735       1
  504     579       1
  504     632       1
  506     699       1
  508     608       1
  509     619       1
  510     709       1
  515     599       1
  515     644       1
  515     760       1
  515     797       1
  518     617       1
  519     585       1
  521     661       1
  521     772       1
  522     775       1
  523     567       1
  524     625       1
  525     539       1
  525     761       1
  525     800       1
  527     609       1
  528     529       1
  530     735       1
  535     785       1
  536     543       1
  536     613       1
  537     626       1
  541     654       1
  541     681       1
  541     698       1
  541     795       1
  544     579       1
  545     782       1
  546     692       1
  548     762       1
  549     795       1
  552     627       1
  554     680       1
  554     752       1
  562     574       1
  564     634       1
  568     731       1
  570     690       1
  571     675       1
  575     776       1
  577     692       1
  577     720       1
  578     657       1
  584     708       1
  587     736       1
  589     771       1
  591     731       1
  598     681       1
  602     710       1
  606     643       1
  606     645       1
  614     734       1
  616     643       1
  617     798       1
  618     682       1
  619     633       1
  619     730       1
  619     739       1
  619     796       1
  628     763       1
  629     767       1
  635     731       1
  636     799       1
  637     693       1
  639     662       1
  639     693       1
  639     736       1
  648     762       1
  649     684       1
  660     760       1
  661     678       1
  668     671       1
  668     783       1
  673     792       1
  674     696       1
  675     707       1
  675     788       1
  685     760       1
  686     725       1
  694     795       1
  697     699       1
  700     747       1
  702     705       1
  704     772       1
  712     746       1
  716     800       1
  724     735       1
  725     790       1
  733     770       1
  736     764       1
  740     788       1
