  300     353
    1      88       1
    1     113       1
    1     253       1
    2     114       1
    2     262       1
    3      15       1
    3      83       1
    4      41       1
    4     196       1
    4     223       1
    4     296       1
    5      42       1
    6      17       1
    6      51       1
    7      73       1
    7     290       1
    8      93       1
    8     126       1
    8     147       1
    8     198       1
    8     220       1
    9      22       1
    9      54       1
    9     281       1
   10     134       1
   10     244       1
   11     178       1
   12      26       1
   12     198       1
   12     247       1
   13      29       1
   13      50       1
   13     188       1
   13     201       1
   13     231       1
   13     235       1
   13     264       1
   13     287       1
   14      84       1
   14     225       1
   14     266       1
   16     207       1
   16     275       1
   17     134       1
   17     142       1
   17     241       1
   17     292       1
   18     183       1
   18     185       1
   19      21       1
   20      44       1
   20      61       1
   20     151       1
   21      25       1
   21     191       1
   21     296       1
   22      76       1
   22     207       1
   23      50       1
   23     134       1
   24     241       1
   24     246       1
   24     298       1
   25     233       1
   25     255       1
   25     265       1
   27      94       1
   28     294       1
   29     163       1
   29     169       1
   29     174       1
   29     185       1
   30      89       1
   30     121       1
   30     127       1
   30     139       1
   30     239       1
   31     130       1
   31     286       1
   32      97       1
   32     116       1
   32     150       1
   32     159       1
   32     191       1
   32     229       1
   33      38       1
   33     181       1
   34      97       1
   35     223       1
   35     268       1
   36     101       1
   37     191       1
   37     231       1
   38     115       1
   38     213       1
   39     155       1
   39     216       1
   40      66       1
   40      79       1
   41      76       1
   41     167       1
   41     227       1
   42     112       1
   42     117       1
   42     136       1
   42     239       1
   42     300       1
   43      70       1
   44      63       1
   45     111       1
   45     164       1
   46      83       1
   47     206       1
   48      55       1
   48      91       1
   49      70       1
   50      60       1
   50     288       1
   51     255       1
   52      83       1
   53      96       1
   55     240       1
   56     191       1
   56     214       1
   57     231       1
   58     171       1
   59     184       1
   59     193       1
   59     201       1
   62      77       1
   62     154       1
   63      86       1
   63     235       1
   63     277       1
   64     150       1
   65     157       1
   65     218       1
   65     269       1
   66     243       1
   66     289       1
   67      88       1
   67     137       1
   67     205       1
   68      77       1
   68      78       1
   68     127       1
   68     253       1
   69      80       1
   69     110       1
   70     106       1
   70     119       1
   70     202       1
   71      96       1
   72     214       1
   73     137       1
   73     163       1
   73     170       1
   73     226       1
   74     232       1
   74     270       1
   74     279       1
   74     291       1
   75      77       1
   75     163       1
   75     240       1
   76      90       1
   76     209       1
   76     228       1
   77     234       1
   78     167       1
   78     295       1
   80     235       1
   80     288       1
   81     126       1
   82     138       1
   82     228       1
   83     107       1
   85     125       1
   87     264       1
   88     177       1
   88     257       1
   90     250       1
   90     273       1
   91     101       1
   92     150       1
   93     233       1
   94     213       1
   94     236       1
   95     171       1
   95     223       1
   96     289       1
   97     145       1
   97     161       1
   98     148       1
   98     154       1
   98     180       1
   99     134       1
  100     105       1
  101     126       1
  101     218       1
  101     285       1
  102     188       1
  103     106       1
  103     297       1
  104     165       1
  104     179       1
  104     241       1
  105     279       1
  107     251       1
  108     154       1
  108     187       1
  108     188       1
  108     208       1
  109     181       1
  110     140       1
  110     199       1
  112     124       1
  115     250       1
  115     266       1
  116     165       1
  118     173       1
  119     191       1
  119     224       1
  119     273       1
  120     181       1
  121     220       1
  122     299       1
  123     248       1
  123     279       1
  124     237       1
  124     289       1
  125     285       1
  126     259       1
  127     196       1
  127     215       1
  127     240       1
  128     163       1
  129     152       1
  129     222       1
  130     159       1
  131     146       1
  131     197       1
  132     152       1
  132     272       1
  133     218       1
  134     153       1
  135     247       1
  135     283       1
  137     246       1
  138     204       1
  138     210       1
  139     267       1
  140     195       1
  141     223       1
  143     252       1
  143     279       1
  144     155       1
  146     166       1
  146     175       1
  146     231       1
  149     226       1
  151     261       1
  152     237       1
  152     291       1
  153     168       1
  155     192       1
  155     211       1
  155     263       1
  156     160       1
  158     197       1
  158     245       1
  158     292       1
  160     200       1
  160     225       1
  160     227       1
  162     166       1
  164     300       1
  165     256       1
  165     269       1
  170     299       1
  171     180       1
  171     185       1
  171     285       1
  172     279       1
  173     226       1
  174     262       1
  175     300       1
  176     185       1
  177     230       1
  178     218       1
  181     217       1
  181     292       1
  182     288       1
  185     216       1
  185     233       1
  185     295       1
  186     276       1
  188     286       1
  189     230       1
  190     224       1
  191     214       1
  191     231       1
  191     269       1
  191     283       1
  191     299       1
  194     228       1
  198     221       1
  198     235       1
  199     222       1
  201     236       1
  203     278       1
  206     233       1
  209     286       1
  211     294       1
  212     253       1
  213     282       1
  215     249       1
  215     270       1
  215     289       1
  217     275       1
  218     230       1
  218     272       1
  219     248       1
  220     234       1
  223     260       1
  224     292       1
  225     254       1
  225     278       1
  228     262       1
  228     285       1
  229     275       1
  231     247       1
  231     254       1
  231     270       1
  231     271       1
  231     298       1
  235     278       1
  236     281       1
  238     300       1
  241     300       1
  242     276       1
  251     278       1
  258     265       1
  260     280       1
  262     291       1
  263     285       1
  264     293       1
  265     283       1
  265     285       1
  274     286       1
  276     288       1
  279     290       1
  284     293       1
