  200     244
    1      29       1
    1      37       1
    1      71       1
    2      29       1
    2     118       1
    3     127       1
    4     104       1
    4     115       1
    5      11       1
    6      66       1
    6      86       1
    6     135       1
    6     166       1
    7      11       1
    7     188       1
    8      22       1
    8      88       1
    9      32       1
    9      62       1
   10      75       1
   11      16       1
   11     115       1
   11     168       1
   12      30       1
   13      51       1
   13     103       1
   14      43       1
   14     108       1
   15     181       1
   16     113       1
   17      98       1
   17     138       1
   18     144       1
   19     157       1
   19     184       1
   20     163       1
   21      28       1
   21      93       1
   21      97       1
   21     117       1
   21     162       1
   21     184       1
   21     200       1
   22      80       1
   23      25       1
   23     193       1
   24      25       1
   24      58       1
   24     119       1
   25      80       1
   26     121       1
   26     137       1
   26     194       1
   26     196       1
   27      35       1
   27     135       1
   27     187       1
   29      50       1
   29      90       1
   29     119       1
   30     182       1
   31      92       1
   33      53       1
   34     155       1
   35      43       1
   35      51       1
   36      41       1
   37      88       1
   37     149       1
   38     112       1
   38     171       1
   39     129       1
   39     146       1
   40     174       1
   41     103       1
   41     155       1
   41     169       1
   41     176       1
   42      56       1
   42     153       1
   43      94       1
   43     183       1
   44     107       1
   44     127       1
   45      59       1
   45     142       1
   45     158       1
   45     180       1
   46     141       1
   47      60       1
   47     177       1
   48      98       1
   49      66       1
   49      74       1
   49      85       1
   49      89       1
   49     172       1
   52      57       1
   52     186       1
   53     172       1
   53     179       1
   54     145       1
   55     143       1
   56      69       1
   57     114       1
   57     126       1
   58      88       1
   59     160       1
   60     172       1
   61     152       1
   62      91       1
   62     152       1
   62     161       1
   63      64       1
   63     199       1
   64      70       1
   64     131       1
   65      97       1
   65     110       1
   66      93       1
   66     170       1
   67      75       1
   67     157       1
   67     177       1
   68     100       1
   68     136       1
   69      99       1
   69     124       1
   69     137       1
   69     154       1
   71     186       1
   72     120       1
   73      80       1
   73     119       1
   73     122       1
   74      87       1
   74     174       1
   75     106       1
   76     183       1
   77      97       1
   77     182       1
   78      93       1
   78     149       1
   79      99       1
   79     147       1
   80     154       1
   80     183       1
   81     123       1
   82     140       1
   83     123       1
   84     148       1
   85     160       1
   88     148       1
   91     151       1
   91     152       1
   91     181       1
   92     123       1
   92     146       1
   93     188       1
   93     198       1
   93     199       1
   95     139       1
   95     191       1
   96     186       1
   97     118       1
   98     120       1
   98     134       1
  100     181       1
  101     152       1
  101     173       1
  102     156       1
  103     157       1
  103     169       1
  103     171       1
  103     182       1
  104     123       1
  104     173       1
  105     172       1
  107     143       1
  108     193       1
  109     160       1
  110     133       1
  111     141       1
  111     189       1
  113     115       1
  113     125       1
  114     130       1
  114     151       1
  114     156       1
  114     175       1
  114     186       1
  116     125       1
  117     173       1
  117     190       1
  120     127       1
  120     135       1
  120     137       1
  120     139       1
  122     168       1
  123     192       1
  124     147       1
  125     149       1
  125     170       1
  125     185       1
  126     132       1
  126     144       1
  126     159       1
  128     129       1
  128     157       1
  131     137       1
  131     183       1
  133     160       1
  133     198       1
  136     156       1
  137     182       1
  137     186       1
  137     188       1
  139     142       1
  140     170       1
  140     174       1
  141     170       1
  141     183       1
  145     172       1
  146     188       1
  150     152       1
  150     190       1
  150     198       1
  153     157       1
  154     158       1
  156     165       1
  156     169       1
  157     167       1
  159     195       1
  161     172       1
  163     183       1
  163     193       1
  164     190       1
  165     174       1
  168     169       1
  171     178       1
  173     180       1
  173     191       1
  177     197       1
  189     193       1
