  500     568
    1      15       1
    1      73       1
    1     185       1
    1     257       1
    2     148       1
    2     283       1
    2     395       1
    3     208       1
    3     256       1
    3     427       1
    4     265       1
    5      57       1
    5      84       1
    5     226       1
    5     393       1
    6     221       1
    7     200       1
    8     473       1
    9     414       1
   10     165       1
   10     210       1
   10     386       1
   11      98       1
   11     108       1
   11     112       1
   11     394       1
   11     438       1
   12      21       1
   12      93       1
   12     237       1
   12     289       1
   13      24       1
   13      59       1
   14     106       1
   14     297       1
   14     329       1
   15     436       1
   16     207       1
   17     103       1
   17     245       1
   18     298       1
   19     444       1
   20      81       1
   20     236       1
   20     265       1
   20     314       1
   20     374       1
   20     386       1
   20     484       1
   21     380       1
   21     404       1
   22     439       1
   23     145       1
   23     150       1
   23     218       1
   23     417       1
   24     398       1
   25     317       1
   26     456       1
   27      58       1
   27     354       1
   27     475       1
   28     487       1
   29      35       1
   29     238       1
   30     304       1
   31     435       1
   32     373       1
   33     250       1
   33     276       1
   34      52       1
   34     140       1
   34     177       1
   34     281       1
   34     294       1
   34     407       1
   35     179       1
   36     282       1
   36     415       1
   37     110       1
   37     129       1
   37     304       1
   37     343       1
   38     260       1
   38     298       1
   38     405       1
   39     202       1
   40     444       1
   40     460       1
   41     188       1
   41     262       1
   42     215       1
   43      60       1
   43      96       1
   43      97       1
   43     224       1
   43     238       1
   43     295       1
   44      78       1
   44      89       1
   44     196       1
   44     326       1
   44     347       1
   45     350       1
   45     429       1
   46      60       1
   46     255       1
   47     184       1
   48     175       1
   48     344       1
   49     186       1
   49     332       1
   50      68       1
   50     335       1
   50     467       1
   51     376       1
   51     469       1
   53     323       1
   54     186       1
   54     363       1
   55     156       1
   55     174       1
   55     196       1
   55     397       1
   56     196       1
   57     127       1
   57     352       1
   57     430       1
   58     251       1
   58     274       1
   58     402       1
   59     251       1
   59     292       1
   60     453       1
   60     484       1
   61     308       1
   61     340       1
   61     345       1
   62     279       1
   62     493       1
   63      64       1
   63     284       1
   64     117       1
   65     317       1
   65     479       1
   66      92       1
   66     103       1
   66     171       1
   66     291       1
   66     302       1
   66     320       1
   66     409       1
   66     431       1
   67     269       1
   68     415       1
   69     372       1
   70      94       1
   71     365       1
   71     463       1
   72     301       1
   72     494       1
   73     136       1
   73     207       1
   73     289       1
   73     376       1
   74     280       1
   74     327       1
   74     383       1
   74     433       1
   74     451       1
   75     258       1
   76     273       1
   76     369       1
   77     252       1
   78     161       1
   79     287       1
   80     102       1
   80     455       1
   80     494       1
   82     109       1
   82     111       1
   82     431       1
   83     190       1
   83     382       1
   83     441       1
   85      91       1
   85     486       1
   86     329       1
   87     347       1
   88      91       1
   88     250       1
   90     120       1
   90     317       1
   91     234       1
   91     309       1
   91     355       1
   92     152       1
   92     405       1
   92     462       1
   94     181       1
   95     395       1
   96     387       1
   97     101       1
   97     163       1
   97     168       1
   98     371       1
   98     425       1
   98     452       1
   99     275       1
   99     363       1
  100     153       1
  100     190       1
  100     264       1
  100     278       1
  101     489       1
  102     169       1
  103     112       1
  103     416       1
  104     204       1
  104     236       1
  104     362       1
  104     370       1
  104     447       1
  105     291       1
  107     131       1
  107     440       1
  108     244       1
  108     246       1
  108     349       1
  109     166       1
  109     285       1
  110     141       1
  111     346       1
  112     175       1
  112     239       1
  112     391       1
  112     493       1
  113     209       1
  114     489       1
  115     212       1
  115     285       1
  116     236       1
  116     434       1
  116     483       1
  117     438       1
  118     289       1
  119     206       1
  119     372       1
  120     173       1
  120     263       1
  121     150       1
  121     246       1
  121     325       1
  122     192       1
  123     427       1
  124     298       1
  124     407       1
  124     415       1
  125     453       1
  126     242       1
  128     175       1
  128     463       1
  130     143       1
  130     191       1
  130     236       1
  130     329       1
  130     351       1
  130     367       1
  130     458       1
  131     252       1
  131     315       1
  131     359       1
  131     406       1
  132     207       1
  133     374       1
  134     295       1
  134     306       1
  134     442       1
  135     251       1
  135     413       1
  137     185       1
  137     301       1
  138     207       1
  139     149       1
  140     186       1
  142     479       1
  143     474       1
  144     302       1
  146     419       1
  147     432       1
  149     171       1
  150     213       1
  150     244       1
  150     269       1
  150     444       1
  151     281       1
  152     246       1
  154     351       1
  155     476       1
  156     484       1
  157     192       1
  157     266       1
  157     347       1
  157     363       1
  157     489       1
  158     178       1
  159     170       1
  159     286       1
  159     404       1
  159     500       1
  160     244       1
  162     182       1
  162     232       1
  162     444       1
  163     369       1
  164     329       1
  165     215       1
  165     326       1
  165     487       1
  167     246       1
  170     300       1
  170     366       1
  170     410       1
  171     319       1
  171     386       1
  172     228       1
  172     255       1
  174     336       1
  176     360       1
  178     235       1
  178     299       1
  178     477       1
  179     365       1
  179     459       1
  180     339       1
  180     420       1
  180     488       1
  181     325       1
  181     364       1
  183     364       1
  183     397       1
  184     219       1
  184     235       1
  184     386       1
  185     268       1
  186     379       1
  186     404       1
  187     192       1
  187     287       1
  187     308       1
  187     331       1
  187     384       1
  188     194       1
  188     236       1
  188     241       1
  188     308       1
  188     376       1
  188     424       1
  188     485       1
  189     346       1
  189     397       1
  190     203       1
  191     212       1
  193     364       1
  194     388       1
  195     258       1
  195     335       1
  196     308       1
  197     206       1
  197     373       1
  197     494       1
  198     372       1
  199     431       1
  200     493       1
  201     310       1
  202     311       1
  202     397       1
  203     338       1
  204     243       1
  204     343       1
  205     428       1
  206     270       1
  206     386       1
  209     249       1
  211     494       1
  214     404       1
  215     260       1
  215     323       1
  216     358       1
  217     236       1
  217     318       1
  217     333       1
  217     374       1
  220     253       1
  220     450       1
  221     227       1
  221     309       1
  221     389       1
  222     494       1
  223     457       1
  224     317       1
  225     239       1
  225     252       1
  228     269       1
  228     386       1
  229     330       1
  229     385       1
  230     311       1
  230     331       1
  231     310       1
  231     465       1
  232     340       1
  233     386       1
  233     418       1
  233     423       1
  233     459       1
  235     419       1
  236     244       1
  236     365       1
  236     400       1
  236     414       1
  236     444       1
  237     424       1
  240     400       1
  240     480       1
  242     410       1
  244     443       1
  244     499       1
  245     290       1
  247     374       1
  247     471       1
  248     386       1
  248     406       1
  248     435       1
  249     457       1
  251     314       1
  252     356       1
  252     386       1
  253     360       1
  253     493       1
  254     279       1
  254     396       1
  254     456       1
  254     487       1
  257     324       1
  258     484       1
  259     270       1
  259     433       1
  261     480       1
  262     331       1
  263     374       1
  265     437       1
  266     370       1
  267     464       1
  271     337       1
  271     365       1
  272     292       1
  273     377       1
  273     484       1
  274     432       1
  275     276       1
  275     499       1
  276     375       1
  276     473       1
  277     304       1
  279     420       1
  283     382       1
  284     336       1
  284     441       1
  284     465       1
  285     390       1
  286     401       1
  286     431       1
  288     304       1
  288     342       1
  288     454       1
  288     461       1
  291     422       1
  292     475       1
  293     392       1
  293     435       1
  295     457       1
  296     312       1
  299     378       1
  299     486       1
  300     307       1
  303     359       1
  303     487       1
  305     387       1
  308     368       1
  308     381       1
  309     329       1
  312     409       1
  313     429       1
  314     327       1
  314     495       1
  316     413       1
  321     425       1
  322     372       1
  323     498       1
  325     333       1
  325     353       1
  325     399       1
  325     423       1
  327     358       1
  328     487       1
  329     496       1
  331     477       1
  332     361       1
  332     489       1
  334     371       1
  335     338       1
  335     403       1
  341     485       1
  342     379       1
  342     395       1
  342     421       1
  343     412       1
  344     445       1
  344     473       1
  348     356       1
  350     395       1
  351     385       1
  352     374       1
  356     393       1
  356     439       1
  357     401       1
  361     428       1
  361     439       1
  365     427       1
  365     446       1
  366     431       1
  366     433       1
  368     373       1
  370     429       1
  370     448       1
  371     468       1
  374     395       1
  374     473       1
  376     415       1
  377     481       1
  378     449       1
  385     470       1
  385     482       1
  388     476       1
  389     447       1
  390     489       1
  397     472       1
  401     484       1
  404     414       1
  407     411       1
  408     441       1
  426     499       1
  430     480       1
  430     491       1
  435     478       1
  438     491       1
  441     473       1
  444     490       1
  444     493       1
  446     458       1
  452     500       1
  454     492       1
  456     471       1
  464     498       1
  465     466       1
  472     482       1
  494     497       1
