  800     886
    1     186       1
    1     319       1
    1     430       1
    1     523       1
    1     564       1
    2     439       1
    2     688       1
    2     754       1
    3     256       1
    3     548       1
    4     609       1
    5      72       1
    6     736       1
    7     146       1
    7     316       1
    8     175       1
    9     650       1
    9     762       1
   10     243       1
   10     484       1
   11      87       1
   12     267       1
   12     719       1
   13     357       1
   13     503       1
   13     705       1
   14     306       1
   15     398       1
   16     649       1
   16     702       1
   16     787       1
   17     168       1
   18      31       1
   18     265       1
   18     364       1
   18     533       1
   18     559       1
   18     605       1
   18     796       1
   19     549       1
   19     589       1
   20     457       1
   21     178       1
   21     183       1
   21     205       1
   21     285       1
   21     428       1
   21     564       1
   21     730       1
   21     748       1
   22     609       1
   23     434       1
   24     374       1
   25     343       1
   26     354       1
   27      77       1
   27     475       1
   27     519       1
   27     596       1
   27     740       1
   28     676       1
   29      96       1
   29     255       1
   29     780       1
   30      31       1
   30     244       1
   31     361       1
   32     100       1
   33     339       1
   34     210       1
   34     259       1
   34     554       1
   35     122       1
   36     187       1
   37     548       1
   38     170       1
   38     709       1
   39     519       1
   40     284       1
   41      70       1
   42     263       1
   42     267       1
   42     275       1
   42     444       1
   43     132       1
   43     441       1
   43     573       1
   43     726       1
   44     515       1
   44     743       1
   45     231       1
   45     631       1
   45     657       1
   46     323       1
   47     114       1
   47     442       1
   47     479       1
   47     514       1
   48     146       1
   48     210       1
   48     421       1
   48     556       1
   48     653       1
   48     661       1
   49     414       1
   50     659       1
   51     307       1
   51     373       1
   51     411       1
   52     555       1
   52     682       1
   53     144       1
   53     421       1
   54     153       1
   54     220       1
   54     565       1
   54     695       1
   55      96       1
   56     210       1
   56     385       1
   56     583       1
   56     744       1
   57     246       1
   58     457       1
   59     800       1
   60     129       1
   60     570       1
   60     691       1
   61      64       1
   61     292       1
   61     770       1
   62      75       1
   62     137       1
   62     301       1
   62     479       1
   62     487       1
   62     595       1
   62     608       1
   62     628       1
   62     679       1
   63     332       1
   63     411       1
   63     456       1
   65     203       1
   66     321       1
   66     322       1
   66     450       1
   66     645       1
   66     688       1
   67     218       1
   68     463       1
   69     739       1
   69     752       1
   70     201       1
   70     639       1
   70     711       1
   71     519       1
   72     160       1
   73     374       1
   74      81       1
   74     684       1
   74     697       1
   75     430       1
   76     327       1
   77     487       1
   77     518       1
   78     201       1
   78     281       1
   79     511       1
   79     562       1
   80     220       1
   82     494       1
   82     695       1
   83      86       1
   83     175       1
   83     288       1
   83     438       1
   83     747       1
   83     762       1
   83     800       1
   84     210       1
   84     314       1
   85     182       1
   85     521       1
   87     124       1
   88     470       1
   89     637       1
   90     125       1
   90     182       1
   91     452       1
   92     170       1
   92     555       1
   92     693       1
   93     294       1
   93     334       1
   94     147       1
   94     513       1
   94     780       1
   95     754       1
   96     227       1
   96     245       1
   96     288       1
   96     443       1
   97     252       1
   97     407       1
   97     456       1
   98     613       1
   99     174       1
   99     392       1
  100     175       1
  101     335       1
  102     717       1
  103     121       1
  103     431       1
  104     136       1
  104     471       1
  105     259       1
  105     469       1
  106     476       1
  107     413       1
  108     582       1
  109     445       1
  110     665       1
  111     294       1
  111     337       1
  111     796       1
  112     197       1
  112     393       1
  112     521       1
  112     742       1
  113     656       1
  115     286       1
  115     698       1
  116     631       1
  116     713       1
  117     176       1
  117     194       1
  118     618       1
  118     791       1
  119     361       1
  119     660       1
  120     169       1
  121     209       1
  121     237       1
  121     354       1
  121     412       1
  121     432       1
  121     600       1
  121     737       1
  122     176       1
  122     248       1
  122     701       1
  123     288       1
  124     474       1
  124     741       1
  125     326       1
  125     514       1
  125     698       1
  125     732       1
  126     659       1
  127     228       1
  127     547       1
  127     579       1
  128     231       1
  128     356       1
  129     222       1
  129     744       1
  130     299       1
  131     432       1
  132     720       1
  133     437       1
  133     510       1
  134     750       1
  135     421       1
  136     666       1
  137     601       1
  138     614       1
  139     587       1
  140     746       1
  141     682       1
  142     408       1
  142     687       1
  143     676       1
  144     511       1
  145     422       1
  146     149       1
  146     324       1
  147     228       1
  147     278       1
  147     327       1
  147     398       1
  147     422       1
  147     634       1
  148     164       1
  148     166       1
  148     651       1
  150     155       1
  150     339       1
  150     417       1
  150     715       1
  151     152       1
  152     497       1
  153     343       1
  153     455       1
  154     442       1
  155     344       1
  155     490       1
  155     795       1
  156     400       1
  156     404       1
  157     203       1
  158     274       1
  158     714       1
  159     228       1
  160     261       1
  160     301       1
  160     512       1
  161     253       1
  161     329       1
  161     476       1
  161     666       1
  161     712       1
  162     360       1
  162     482       1
  163     384       1
  163     717       1
  165     506       1
  166     359       1
  167     681       1
  168     244       1
  169     244       1
  169     512       1
  170     569       1
  171     205       1
  171     385       1
  172     306       1
  172     466       1
  172     477       1
  173     192       1
  173     769       1
  174     588       1
  175     372       1
  175     605       1
  177     736       1
  178     244       1
  178     560       1
  179     587       1
  179     694       1
  180     336       1
  180     569       1
  181     229       1
  182     267       1
  184     701       1
  184     706       1
  185     401       1
  185     714       1
  186     276       1
  186     344       1
  187     668       1
  188     432       1
  189     469       1
  190     327       1
  190     506       1
  190     618       1
  191     409       1
  191     413       1
  191     683       1
  193     297       1
  194     678       1
  194     726       1
  194     788       1
  195     488       1
  196     272       1
  196     370       1
  196     502       1
  197     670       1
  198     222       1
  199     266       1
  199     343       1
  199     575       1
  199     581       1
  199     606       1
  199     738       1
  200     444       1
  200     727       1
  200     762       1
  201     390       1
  202     472       1
  203     212       1
  203     347       1
  204     455       1
  205     388       1
  206     571       1
  206     663       1
  207     214       1
  207     640       1
  208     730       1
  209     657       1
  210     327       1
  210     507       1
  210     628       1
  210     637       1
  210     702       1
  211     234       1
  211     301       1
  211     618       1
  211     676       1
  211     775       1
  212     259       1
  212     730       1
  213     276       1
  214     288       1
  214     393       1
  214     456       1
  215     216       1
  215     568       1
  216     433       1
  216     487       1
  216     685       1
  217     781       1
  218     779       1
  219     518       1
  219     718       1
  220     270       1
  220     417       1
  221     800       1
  223     614       1
  223     728       1
  224     264       1
  224     570       1
  225     415       1
  226     331       1
  226     699       1
  227     419       1
  227     525       1
  228     482       1
  228     624       1
  229     275       1
  229     773       1
  230     284       1
  230     517       1
  230     765       1
  231     541       1
  232     420       1
  232     531       1
  233     351       1
  233     423       1
  233     790       1
  235     405       1
  235     728       1
  235     778       1
  236     299       1
  236     336       1
  236     409       1
  238     398       1
  239     697       1
  240     473       1
  240     628       1
  241     295       1
  241     632       1
  242     594       1
  242     725       1
  243     714       1
  246     451       1
  246     544       1
  246     615       1
  246     701       1
  247     360       1
  247     457       1
  247     497       1
  249     333       1
  249     577       1
  250     383       1
  250     402       1
  250     576       1
  250     736       1
  251     555       1
  252     425       1
  253     703       1
  254     791       1
  256     755       1
  257     527       1
  257     642       1
  258     427       1
  260     448       1
  260     784       1
  261     291       1
  261     526       1
  262     714       1
  263     686       1
  264     408       1
  264     576       1
  264     746       1
  267     327       1
  267     427       1
  267     515       1
  268     475       1
  269     540       1
  269     724       1
  270     505       1
  271     394       1
  273     448       1
  276     791       1
  277     475       1
  278     635       1
  279     385       1
  279     648       1
  280     316       1
  281     585       1
  281     721       1
  282     508       1
  283     654       1
  284     616       1
  286     748       1
  287     519       1
  287     731       1
  288     405       1
  288     518       1
  288     628       1
  288     687       1
  289     523       1
  290     437       1
  290     477       1
  292     518       1
  293     569       1
  294     783       1
  295     378       1
  295     436       1
  295     752       1
  295     786       1
  296     366       1
  297     549       1
  297     595       1
  298     328       1
  299     463       1
  299     501       1
  299     774       1
  300     493       1
  300     769       1
  301     346       1
  301     377       1
  302     446       1
  302     664       1
  303     423       1
  304     726       1
  305     607       1
  305     746       1
  307     473       1
  308     664       1
  309     796       1
  310     549       1
  311     431       1
  312     411       1
  313     627       1
  314     550       1
  314     658       1
  315     416       1
  317     451       1
  318     478       1
  320     356       1
  322     610       1
  323     527       1
  325     343       1
  327     439       1
  327     458       1
  327     694       1
  328     524       1
  330     650       1
  330     768       1
  331     639       1
  332     667       1
  333     431       1
  335     448       1
  336     483       1
  336     492       1
  338     414       1
  338     789       1
  339     345       1
  339     496       1
  339     507       1
  339     769       1
  340     516       1
  340     553       1
  341     600       1
  342     467       1
  342     486       1
  343     578       1
  345     396       1
  346     785       1
  348     551       1
  348     677       1
  349     628       1
  350     367       1
  352     726       1
  353     435       1
  355     674       1
  355     764       1
  356     687       1
  357     439       1
  357     527       1
  357     533       1
  358     426       1
  358     777       1
  359     410       1
  359     495       1
  361     561       1
  361     626       1
  362     434       1
  362     595       1
  363     700       1
  364     549       1
  365     388       1
  365     479       1
  366     445       1
  366     556       1
  367     499       1
  368     798       1
  369     573       1
  369     611       1
  371     508       1
  371     516       1
  371     554       1
  372     580       1
  372     793       1
  374     422       1
  375     415       1
  376     381       1
  379     754       1
  380     504       1
  380     559       1
  380     715       1
  380     756       1
  381     460       1
  381     782       1
  382     471       1
  382     552       1
  383     659       1
  386     465       1
  386     527       1
  386     566       1
  387     653       1
  389     712       1
  391     404       1
  392     724       1
  392     762       1
  393     450       1
  393     571       1
  393     639       1
  393     717       1
  394     484       1
  395     776       1
  397     563       1
  397     633       1
  399     454       1
  400     633       1
  400     712       1
  402     545       1
  403     442       1
  404     543       1
  406     677       1
  407     625       1
  409     628       1
  409     779       1
  414     479       1
  414     677       1
  415     427       1
  415     484       1
  415     771       1
  416     619       1
  418     598       1
  418     603       1
  419     509       1
  423     554       1
  423     654       1
  423     781       1
  424     753       1
  425     490       1
  426     626       1
  427     626       1
  429     641       1
  430     539       1
  430     553       1
  430     561       1
  431     664       1
  432     610       1
  433     465       1
  435     569       1
  438     589       1
  439     641       1
  440     789       1
  441     772       1
  444     530       1
  447     656       1
  448     477       1
  448     694       1
  449     574       1
  449     655       1
  449     687       1
  450     675       1
  451     466       1
  452     714       1
  452     796       1
  453     571       1
  454     758       1
  456     489       1
  456     609       1
  456     710       1
  459     727       1
  460     789       1
  461     770       1
  462     580       1
  464     727       1
  465     510       1
  465     546       1
  466     599       1
  468     712       1
  469     518       1
  469     623       1
  470     481       1
  470     626       1
  470     632       1
  470     644       1
  471     562       1
  471     653       1
  472     582       1
  472     674       1
  472     762       1
  474     798       1
  475     604       1
  477     725       1
  477     759       1
  478     701       1
  479     509       1
  479     737       1
  480     621       1
  481     572       1
  485     671       1
  485     769       1
  486     518       1
  486     779       1
  488     705       1
  491     787       1
  496     727       1
  497     752       1
  498     585       1
  498     791       1
  499     800       1
  500     610       1
  501     524       1
  501     598       1
  502     651       1
  506     733       1
  509     648       1
  516     657       1
  516     687       1
  516     696       1
  517     752       1
  518     714       1
  519     553       1
  520     765       1
  522     752       1
  524     689       1
  527     794       1
  528     538       1
  528     682       1
  529     754       1
  531     752       1
  532     679       1
  534     645       1
  535     598       1
  536     665       1
  537     558       1
  537     586       1
  537     776       1
  539     716       1
  540     702       1
  542     641       1
  542     757       1
  543     660       1
  548     571       1
  548     621       1
  551     686       1
  552     571       1
  556     654       1
  557     626       1
  557     722       1
  559     665       1
  559     701       1
  559     760       1
  563     672       1
  563     712       1
  564     629       1
  564     763       1
  565     585       1
  565     782       1
  567     722       1
  571     768       1
  572     763       1
  579     762       1
  580     751       1
  581     620       1
  584     655       1
  585     657       1
  585     664       1
  585     673       1
  586     649       1
  586     736       1
  586     738       1
  586     799       1
  587     684       1
  590     602       1
  590     613       1
  591     626       1
  592     779       1
  593     791       1
  594     792       1
  595     619       1
  597     621       1
  603     703       1
  605     613       1
  607     749       1
  609     638       1
  611     729       1
  612     651       1
  613     745       1
  614     710       1
  617     701       1
  619     701       1
  620     682       1
  622     732       1
  626     692       1
  626     748       1
  627     668       1
  627     707       1
  627     731       1
  628     748       1
  630     795       1
  631     690       1
  633     636       1
  638     700       1
  639     656       1
  639     798       1
  641     669       1
  641     682       1
  643     748       1
  643     775       1
  644     671       1
  646     700       1
  647     750       1
  651     748       1
  652     759       1
  656     751       1
  659     672       1
  662     736       1
  664     738       1
  664     765       1
  667     713       1
  668     712       1
  672     734       1
  672     781       1
  673     697       1
  677     729       1
  680     707       1
  680     766       1
  681     791       1
  687     750       1
  699     730       1
  701     760       1
  704     718       1
  708     738       1
  712     727       1
  712     752       1
  712     800       1
  723     731       1
  723     767       1
  724     779       1
  726     731       1
  727     735       1
  731     748       1
  731     761       1
  738     752       1
  743     772       1
  749     800       1
  753     790       1
  758     800       1
  780     797       1
