  500     568
    1     115       1
    1     175       1
    2       5       1
    2     146       1
    3     118       1
    3     181       1
    3     383       1
    3     468       1
    4     212       1
    5     327       1
    5     336       1
    5     427       1
    6     328       1
    7     126       1
    7     350       1
    8      97       1
    9     367       1
   10     455       1
   11     149       1
   11     401       1
   12     199       1
   12     235       1
   13     186       1
   13     263       1
   14     370       1
   15     294       1
   16     414       1
   16     492       1
   17      40       1
   17     318       1
   17     478       1
   18     369       1
   19     421       1
   20      26       1
   21     278       1
   22     132       1
   22     278       1
   23     497       1
   24     171       1
   24     498       1
   25     454       1
   26      45       1
   26     243       1
   26     445       1
   27     338       1
   28      62       1
   28     108       1
   28     299       1
   29      97       1
   30     325       1
   31     437       1
   32      85       1
   32     184       1
   32     369       1
   32     480       1
   33      95       1
   33     289       1
   33     338       1
   34      97       1
   34     109       1
   34     147       1
   34     242       1
   34     299       1
   34     341       1
   34     390       1
   34     491       1
   35     146       1
   36     231       1
   36     281       1
   37      90       1
   38      87       1
   39     193       1
   39     298       1
   40     249       1
   40     261       1
   40     415       1
   41      45       1
   41     280       1
   41     297       1
   41     421       1
   41     448       1
   42     154       1
   43     442       1
   44      80       1
   44     255       1
   44     304       1
   44     392       1
   45     330       1
   45     400       1
   46      59       1
   46      79       1
   47     379       1
   48     251       1
   49     155       1
   50     104       1
   50     110       1
   50     112       1
   50     129       1
   51     168       1
   51     464       1
   52     280       1
   52     486       1
   53     372       1
   53     408       1
   54     131       1
   54     249       1
   55     221       1
   55     347       1
   55     393       1
   55     397       1
   56     228       1
   56     397       1
   56     485       1
   57     195       1
   58     349       1
   59     355       1
   60     178       1
   60     191       1
   60     213       1
   61     423       1
   63     112       1
   63     165       1
   63     344       1
   63     398       1
   64     289       1
   65     169       1
   65     284       1
   66     142       1
   66     293       1
   67     195       1
   68     152       1
   68     291       1
   69     460       1
   70     333       1
   71     208       1
   72     122       1
   73     148       1
   73     263       1
   74     261       1
   75     461       1
   76     150       1
   76     311       1
   76     454       1
   77     464       1
   78     370       1
   79     128       1
   79     172       1
   79     492       1
   81     134       1
   81     438       1
   82     168       1
   82     177       1
   82     187       1
   82     286       1
   82     452       1
   82     457       1
   83     126       1
   83     416       1
   83     451       1
   84     182       1
   84     192       1
   84     459       1
   85      87       1
   85     465       1
   86     442       1
   87     321       1
   87     358       1
   88     442       1
   89     256       1
   90     455       1
   91     191       1
   92     191       1
   92     199       1
   92     270       1
   92     324       1
   92     495       1
   93     265       1
   93     280       1
   93     470       1
   94     124       1
   94     207       1
   94     394       1
   94     402       1
   95     213       1
   95     384       1
   96     323       1
   97     154       1
   97     238       1
   97     269       1
   97     291       1
   97     420       1
   97     438       1
   97     473       1
   98     248       1
   98     482       1
   99     473       1
  100     374       1
  100     419       1
  100     424       1
  101     202       1
  101     325       1
  101     479       1
  102     202       1
  103     249       1
  103     337       1
  105     205       1
  105     404       1
  106     403       1
  106     447       1
  107     231       1
  107     316       1
  107     388       1
  107     427       1
  109     174       1
  109     398       1
  109     442       1
  111     416       1
  111     499       1
  113     141       1
  113     153       1
  113     425       1
  114     491       1
  115     143       1
  115     216       1
  115     301       1
  116     397       1
  117     119       1
  117     178       1
  117     223       1
  117     299       1
  117     377       1
  120     137       1
  120     452       1
  121     271       1
  121     460       1
  122     397       1
  123     145       1
  123     175       1
  123     210       1
  123     315       1
  123     379       1
  123     399       1
  123     434       1
  123     461       1
  125     444       1
  126     192       1
  127     454       1
  129     159       1
  130     455       1
  131     285       1
  131     314       1
  131     402       1
  131     410       1
  131     444       1
  132     203       1
  132     215       1
  133     194       1
  133     320       1
  133     368       1
  135     471       1
  136     485       1
  137     263       1
  137     288       1
  137     311       1
  138     259       1
  138     339       1
  139     327       1
  140     469       1
  144     390       1
  145     155       1
  146     242       1
  147     397       1
  147     415       1
  147     464       1
  149     248       1
  149     256       1
  150     292       1
  151     172       1
  153     225       1
  153     229       1
  153     284       1
  153     460       1
  154     294       1
  156     189       1
  156     245       1
  156     264       1
  156     369       1
  156     425       1
  156     472       1
  156     499       1
  157     283       1
  158     195       1
  158     426       1
  159     250       1
  159     256       1
  159     313       1
  159     483       1
  160     220       1
  161     203       1
  161     233       1
  162     207       1
  162     272       1
  162     368       1
  162     463       1
  163     195       1
  164     293       1
  165     243       1
  165     360       1
  165     490       1
  166     223       1
  166     331       1
  167     329       1
  167     353       1
  169     300       1
  170     223       1
  171     258       1
  171     335       1
  171     440       1
  172     466       1
  173     314       1
  174     467       1
  175     370       1
  175     376       1
  175     459       1
  176     181       1
  177     243       1
  179     286       1
  180     206       1
  180     273       1
  180     345       1
  180     402       1
  180     470       1
  181     238       1
  181     258       1
  181     268       1
  181     408       1
  182     238       1
  183     263       1
  184     287       1
  185     441       1
  187     317       1
  188     317       1
  188     455       1
  188     490       1
  189     322       1
  189     500       1
  190     201       1
  190     420       1
  191     284       1
  191     359       1
  192     405       1
  193     261       1
  193     292       1
  195     251       1
  195     294       1
  195     402       1
  195     452       1
  195     492       1
  196     268       1
  197     269       1
  198     342       1
  198     495       1
  199     230       1
  199     370       1
  199     435       1
  200     282       1
  200     428       1
  200     482       1
  202     310       1
  202     361       1
  202     492       1
  203     217       1
  203     227       1
  203     237       1
  203     434       1
  204     236       1
  205     492       1
  206     365       1
  206     413       1
  208     317       1
  209     404       1
  211     247       1
  211     386       1
  212     228       1
  212     346       1
  214     358       1
  215     449       1
  218     409       1
  219     389       1
  219     455       1
  220     436       1
  221     343       1
  222     226       1
  222     266       1
  223     374       1
  223     400       1
  224     375       1
  226     279       1
  226     409       1
  226     442       1
  227     407       1
  228     489       1
  231     319       1
  231     323       1
  232     258       1
  232     336       1
  234     347       1
  235     240       1
  236     323       1
  236     342       1
  238     346       1
  238     363       1
  238     368       1
  238     441       1
  239     255       1
  239     265       1
  239     395       1
  240     319       1
  241     486       1
  242     334       1
  242     349       1
  242     370       1
  244     313       1
  244     334       1
  246     253       1
  246     455       1
  247     473       1
  249     370       1
  249     431       1
  249     476       1
  250     352       1
  251     278       1
  251     306       1
  252     326       1
  253     293       1
  253     371       1
  254     263       1
  254     412       1
  254     469       1
  256     291       1
  256     496       1
  257     291       1
  258     324       1
  259     305       1
  259     372       1
  259     441       1
  260     291       1
  262     464       1
  263     267       1
  263     332       1
  268     383       1
  270     423       1
  270     475       1
  272     391       1
  274     400       1
  275     367       1
  276     337       1
  276     424       1
  276     429       1
  277     294       1
  277     353       1
  281     474       1
  283     314       1
  283     459       1
  287     325       1
  287     366       1
  288     327       1
  288     455       1
  290     336       1
  291     323       1
  291     369       1
  293     307       1
  293     473       1
  294     439       1
  294     494       1
  295     401       1
  296     435       1
  297     307       1
  299     353       1
  299     370       1
  299     395       1
  300     496       1
  302     425       1
  303     309       1
  303     370       1
  303     436       1
  305     469       1
  308     377       1
  312     499       1
  315     340       1
  315     368       1
  319     373       1
  320     356       1
  320     360       1
  321     479       1
  323     479       1
  324     450       1
  326     434       1
  326     437       1
  328     356       1
  328     426       1
  330     375       1
  330     472       1
  332     385       1
  333     452       1
  333     461       1
  334     411       1
  337     356       1
  337     497       1
  338     432       1
  341     424       1
  343     350       1
  345     427       1
  346     471       1
  348     491       1
  351     451       1
  354     378       1
  354     425       1
  357     490       1
  358     402       1
  362     415       1
  364     418       1
  364     471       1
  365     500       1
  367     470       1
  368     447       1
  369     488       1
  370     469       1
  374     401       1
  374     408       1
  377     382       1
  379     405       1
  380     421       1
  381     482       1
  382     397       1
  387     403       1
  388     448       1
  389     438       1
  389     443       1
  390     430       1
  395     421       1
  396     479       1
  397     456       1
  401     472       1
  406     472       1
  408     454       1
  411     433       1
  412     468       1
  415     422       1
  415     493       1
  416     421       1
  417     420       1
  418     484       1
  420     465       1
  421     459       1
  425     453       1
  432     441       1
  437     469       1
  442     477       1
  446     460       1
  446     474       1
  448     481       1
  453     459       1
  455     496       1
  458     483       1
  460     486       1
  462     485       1
  487     496       1
