   50      73
    1      20       1
    2       8       1
    2      28       1
    2      49       1
    3       8       1
    3      15       1
    4      24       1
    4      44       1
    4      48       1
    5      46       1
    6       7       1
    6      25       1
    6      36       1
    7      14       1
    7      20       1
    7      22       1
    7      26       1
    7      28       1
    7      32       1
    7      41       1
    7      44       1
    7      46       1
    7      47       1
    7      48       1
    8      16       1
    8      20       1
    8      30       1
    9      13       1
    9      16       1
   10      46       1
   10      47       1
   11      21       1
   11      23       1
   11      35       1
   11      37       1
   11      41       1
   12      26       1
   12      35       1
   15      32       1
   15      47       1
   16      17       1
   16      37       1
   17      34       1
   18      25       1
   18      28       1
   18      36       1
   19      20       1
   19      40       1
   19      43       1
   19      45       1
   20      28       1
   20      29       1
   20      38       1
   21      31       1
   22      33       1
   22      35       1
   22      40       1
   22      43       1
   23      47       1
   24      29       1
   25      41       1
   26      34       1
   26      38       1
   27      44       1
   27      45       1
   28      30       1
   29      39       1
   31      41       1
   32      40       1
   32      49       1
   33      41       1
   33      42       1
   46      50       1
