  100     129
    1      49       1
    2      19       1
    2      39       1
    3      26       1
    3      31       1
    3      39       1
    3      77       1
    3      86       1
    3      89       1
    4      25       1
    4      53       1
    4      67       1
    5      67       1
    5      77       1
    6      67       1
    6      90       1
    7       9       1
    7      41       1
    8       9       1
    8      26       1
    8      51       1
    9      52       1
    9      87       1
   10      29       1
   10      50       1
   10      56       1
   11      20       1
   11      79       1
   12      35       1
   12      60       1
   12      63       1
   12      65       1
   13      47       1
   13      60       1
   13      91       1
   13      95       1
   13      99       1
   14      26       1
   14      37       1
   14      59       1
   15      56       1
   15      72       1
   15      76       1
   16      60       1
   17      32       1
   17      36       1
   17      78       1
   17      97       1
   18      54       1
   19      56       1
   20      61       1
   21      23       1
   21      33       1
   21      95       1
   22      29       1
   22      58       1
   22      76       1
   22      91       1
   24      70       1
   25      33       1
   25      37       1
   26      30       1
   26      94       1
   26      97       1
   26     100       1
   27      39       1
   27      57       1
   28      45       1
   28      98       1
   29      97       1
   31      56       1
   31      58       1
   32      54       1
   32      91       1
   33      72       1
   33      95       1
   34      47       1
   34      56       1
   37      83       1
   37      95       1
   38      76       1
   38      81       1
   39      50       1
   40      67       1
   41      68       1
   42      48       1
   42      82       1
   43      44       1
   43      60       1
   44      50       1
   44      81       1
   45      53       1
   46      65       1
   48      62       1
   48      99       1
   49      56       1
   49      61       1
   49      62       1
   50      74       1
   50      89       1
   51      60       1
   54      85       1
   54      88       1
   55      58       1
   55      76       1
   57      80       1
   59      97       1
   61      95       1
   64      67       1
   64      74       1
   66      94       1
   67      75       1
   67      89       1
   68      86       1
   69      74       1
   70      89       1
   71      95       1
   71      98       1
   73      99       1
   74      94       1
   76      92       1
   82      88       1
   83      94       1
   84      91       1
   90      93       1
   90      94       1
   91      94       1
   91      96       1
   93      97       1
