  400     459
    1     123       1
    1     257       1
    2     120       1
    3      31       1
    4     261       1
    4     356       1
    5      42       1
    5     146       1
    5     274       1
    6     359       1
    7     280       1
    8      24       1
    8     115       1
    8     336       1
    8     366       1
    9     230       1
   10     174       1
   11     211       1
   11     313       1
   12     296       1
   13     127       1
   14     352       1
   15      43       1
   15     266       1
   16     149       1
   16     166       1
   16     335       1
   17     151       1
   17     334       1
   18     259       1
   19     243       1
   20     339       1
   21      91       1
   21      96       1
   21     231       1
   22      53       1
   22      58       1
   22     279       1
   22     351       1
   23     315       1
   23     316       1
   23     346       1
   24      44       1
   25      57       1
   26      59       1
   26      85       1
   27     147       1
   27     382       1
   27     394       1
   28     136       1
   28     267       1
   28     304       1
   29      81       1
   29      84       1
   29     249       1
   30     217       1
   31      79       1
   31     156       1
   31     194       1
   31     215       1
   32     108       1
   32     255       1
   32     284       1
   33      55       1
   33     146       1
   33     172       1
   33     314       1
   34     328       1
   34     378       1
   35      67       1
   35     269       1
   35     324       1
   36      53       1
   36     117       1
   37      69       1
   37     342       1
   38      86       1
   38     141       1
   38     153       1
   39      74       1
   40     107       1
   40     269       1
   41     378       1
   42      86       1
   42      89       1
   43     349       1
   43     399       1
   44      62       1
   45     107       1
   45     140       1
   45     214       1
   45     347       1
   46     205       1
   47      48       1
   47     208       1
   47     283       1
   47     351       1
   49     180       1
   49     202       1
   49     233       1
   49     269       1
   50     310       1
   50     322       1
   50     377       1
   51      65       1
   51     263       1
   52     235       1
   52     395       1
   53     122       1
   53     220       1
   53     360       1
   53     365       1
   53     374       1
   54     290       1
   56     206       1
   56     321       1
   57      99       1
   57     160       1
   57     167       1
   57     177       1
   57     253       1
   58      69       1
   58     196       1
   58     235       1
   58     275       1
   59     273       1
   60     360       1
   61      88       1
   61     164       1
   61     323       1
   62     117       1
   63     311       1
   64     260       1
   65     283       1
   66     136       1
   66     254       1
   66     340       1
   66     368       1
   67     175       1
   67     219       1
   68     137       1
   68     144       1
   68     277       1
   68     362       1
   68     380       1
   70     230       1
   71     111       1
   71     195       1
   71     382       1
   72     171       1
   73     305       1
   74     177       1
   74     237       1
   74     278       1
   74     317       1
   74     385       1
   75     288       1
   76     102       1
   76     180       1
   77     151       1
   77     251       1
   78     171       1
   80     180       1
   80     242       1
   80     277       1
   80     372       1
   81     193       1
   82     214       1
   83     104       1
   84     200       1
   87     119       1
   88     188       1
   88     212       1
   88     333       1
   89      95       1
   89     336       1
   90     119       1
   91     116       1
   91     128       1
   91     202       1
   91     222       1
   91     268       1
   92     131       1
   92     148       1
   93     221       1
   94     119       1
   95     133       1
   95     248       1
   95     355       1
   95     359       1
   97     233       1
   97     252       1
   98     208       1
   98     236       1
   98     343       1
   99     193       1
   99     208       1
   99     281       1
   99     311       1
   99     345       1
  100     207       1
  100     365       1
  101     228       1
  101     276       1
  102     353       1
  102     360       1
  103     168       1
  104     170       1
  104     183       1
  104     217       1
  104     294       1
  104     360       1
  105     198       1
  106     170       1
  108     243       1
  109     155       1
  109     247       1
  109     258       1
  109     338       1
  110     114       1
  110     120       1
  110     324       1
  111     212       1
  111     315       1
  112     209       1
  113     343       1
  115     200       1
  115     240       1
  115     356       1
  116     280       1
  117     326       1
  117     331       1
  117     346       1
  117     381       1
  118     388       1
  119     286       1
  120     386       1
  121     207       1
  123     295       1
  124     172       1
  125     179       1
  125     305       1
  126     289       1
  126     331       1
  127     166       1
  127     201       1
  128     243       1
  129     333       1
  130     150       1
  131     353       1
  132     253       1
  132     271       1
  132     340       1
  133     256       1
  134     241       1
  135     205       1
  135     248       1
  136     223       1
  136     270       1
  138     167       1
  138     176       1
  138     250       1
  139     283       1
  139     358       1
  141     213       1
  141     321       1
  142     161       1
  142     165       1
  142     340       1
  142     344       1
  142     389       1
  143     195       1
  143     235       1
  144     219       1
  145     147       1
  145     207       1
  146     254       1
  147     374       1
  148     332       1
  149     311       1
  150     375       1
  151     263       1
  152     233       1
  152     302       1
  153     222       1
  154     182       1
  154     216       1
  154     227       1
  154     295       1
  156     285       1
  157     368       1
  158     180       1
  159     219       1
  160     229       1
  160     320       1
  160     354       1
  162     237       1
  162     369       1
  163     226       1
  163     293       1
  163     296       1
  164     371       1
  165     328       1
  165     342       1
  166     196       1
  166     305       1
  166     336       1
  166     387       1
  167     204       1
  168     241       1
  169     184       1
  170     385       1
  171     235       1
  173     236       1
  174     231       1
  174     311       1
  177     286       1
  178     217       1
  178     398       1
  180     187       1
  180     290       1
  181     209       1
  183     208       1
  183     251       1
  183     255       1
  183     340       1
  184     353       1
  185     291       1
  186     381       1
  188     189       1
  188     256       1
  188     265       1
  188     274       1
  190     293       1
  191     205       1
  192     216       1
  193     273       1
  193     376       1
  194     208       1
  194     289       1
  194     302       1
  197     326       1
  198     398       1
  199     309       1
  200     238       1
  200     292       1
  200     394       1
  201     315       1
  201     391       1
  202     370       1
  203     251       1
  205     319       1
  205     332       1
  205     343       1
  205     375       1
  206     301       1
  206     365       1
  207     237       1
  207     245       1
  207     327       1
  208     213       1
  208     228       1
  208     259       1
  208     263       1
  208     300       1
  209     225       1
  209     235       1
  210     221       1
  211     331       1
  213     219       1
  214     318       1
  216     277       1
  216     333       1
  217     361       1
  218     221       1
  221     328       1
  221     342       1
  222     319       1
  222     335       1
  224     365       1
  224     381       1
  230     259       1
  230     400       1
  232     342       1
  234     287       1
  236     392       1
  237     367       1
  239     365       1
  239     382       1
  241     330       1
  244     311       1
  244     373       1
  246     287       1
  248     272       1
  248     396       1
  251     335       1
  251     359       1
  252     269       1
  253     286       1
  256     369       1
  257     296       1
  257     297       1
  258     307       1
  258     351       1
  258     369       1
  259     282       1
  260     348       1
  260     378       1
  261     374       1
  261     393       1
  262     351       1
  263     352       1
  264     313       1
  272     325       1
  275     339       1
  275     391       1
  276     355       1
  277     296       1
  277     340       1
  277     378       1
  280     337       1
  280     359       1
  281     364       1
  282     329       1
  283     397       1
  286     323       1
  287     396       1
  288     349       1
  291     304       1
  291     332       1
  294     339       1
  296     306       1
  298     316       1
  299     375       1
  303     360       1
  303     388       1
  303     390       1
  305     383       1
  308     311       1
  309     378       1
  312     324       1
  313     352       1
  314     341       1
  314     346       1
  317     363       1
  318     374       1
  324     360       1
  330     369       1
  332     340       1
  335     349       1
  335     351       1
  336     396       1
  339     379       1
  345     384       1
  350     364       1
  352     386       1
  357     359       1
  359     377       1
  389     398       1
