  100     129
    1      62       1
    1      89       1
    2      32       1
    3       5       1
    3      13       1
    3      17       1
    3      23       1
    3      98       1
    4      59       1
    4      62       1
    5      86       1
    5      96       1
    6      27       1
    6      59       1
    6      71       1
    6     100       1
    7      39       1
    7      80       1
    8      13       1
    8      16       1
    8      59       1
    8      94       1
    9      63       1
    9      68       1
   10      44       1
   11      40       1
   12      20       1
   13      50       1
   13      52       1
   13      53       1
   13      81       1
   14      98       1
   15      43       1
   16      58       1
   16      74       1
   16      95       1
   17      57       1
   17      83       1
   18      56       1
   18      84       1
   19      20       1
   19      49       1
   19      59       1
   20      24       1
   20      50       1
   20      87       1
   20      91       1
   21      25       1
   21      81       1
   22      35       1
   22      40       1
   22      45       1
   22      52       1
   24      26       1
   24      39       1
   25      55       1
   26      37       1
   26      41       1
   28      82       1
   28      89       1
   29      53       1
   29      56       1
   30      55       1
   30      60       1
   31      59       1
   32      39       1
   33      51       1
   33      70       1
   34      73       1
   35      97       1
   36      54       1
   36      60       1
   36      91       1
   37      58       1
   37      94       1
   38      89       1
   39      86       1
   41      93       1
   42      44       1
   42      85       1
   42      99       1
   43      59       1
   43      94       1
   44      64       1
   44      75       1
   45      47       1
   45      89       1
   46      60       1
   47      50       1
   47      64       1
   48      73       1
   49      87       1
   50      54       1
   51      88       1
   51      96       1
   52      63       1
   52      79       1
   52      82       1
   56      83       1
   56      95       1
   57      74       1
   57      77       1
   59      99       1
   60      94       1
   61      82       1
   62      63       1
   62      86       1
   62      87       1
   64      97       1
   65      79       1
   66      92       1
   67      90       1
   69      84       1
   69      91       1
   69      97       1
   72      73       1
   73      81       1
   74      92       1
   75      78       1
   76      94       1
   77      91       1
   79      96       1
   83      89       1
   85      95       1
   90      91       1
   90      96       1
   92      94       1
   93      99       1
   98     100       1
