  500     568
    1      46       1
    1     177       1
    1     210       1
    1     339       1
    2     173       1
    3      68       1
    3     366       1
    3     412       1
    4     121       1
    4     300       1
    4     389       1
    5     347       1
    5     358       1
    5     428       1
    6     140       1
    6     170       1
    6     381       1
    6     449       1
    7     299       1
    7     325       1
    7     500       1
    8      47       1
    8      72       1
    8      76       1
    8     420       1
    9     393       1
   10     139       1
   10     180       1
   10     391       1
   10     456       1
   11     186       1
   12     405       1
   12     426       1
   12     441       1
   13      71       1
   13     257       1
   13     321       1
   13     393       1
   14     457       1
   14     475       1
   15     350       1
   16     120       1
   16     126       1
   16     239       1
   16     277       1
   16     312       1
   16     421       1
   16     490       1
   17     109       1
   18      74       1
   18     359       1
   19     105       1
   19     227       1
   19     416       1
   19     436       1
   20      73       1
   20     452       1
   20     481       1
   21     229       1
   21     255       1
   21     458       1
   22     202       1
   22     407       1
   22     444       1
   23      33       1
   23     173       1
   23     438       1
   24      56       1
   24      83       1
   25      67       1
   25     141       1
   25     392       1
   26     184       1
   27      30       1
   28     175       1
   28     296       1
   29      72       1
   29     418       1
   30     193       1
   30     355       1
   31     153       1
   31     347       1
   31     390       1
   32     205       1
   32     291       1
   32     360       1
   32     368       1
   32     372       1
   33      54       1
   33     229       1
   33     260       1
   33     322       1
   33     346       1
   33     351       1
   34     194       1
   34     284       1
   35     273       1
   36     101       1
   37     260       1
   38     183       1
   38     188       1
   38     211       1
   38     272       1
   38     301       1
   39     225       1
   39     338       1
   39     390       1
   40     195       1
   41      50       1
   41     272       1
   42     500       1
   43     219       1
   43     287       1
   43     443       1
   44     114       1
   44     166       1
   45     401       1
   46      53       1
   46     155       1
   46     198       1
   46     281       1
   46     390       1
   46     413       1
   46     442       1
   47     258       1
   48     113       1
   49     413       1
   51     490       1
   52     123       1
   52     394       1
   53     293       1
   54     139       1
   54     340       1
   54     473       1
   55      68       1
   55     222       1
   55     423       1
   57     146       1
   58     432       1
   59     118       1
   59     395       1
   60     393       1
   61      93       1
   61     145       1
   61     146       1
   61     253       1
   61     425       1
   61     477       1
   62     492       1
   63      90       1
   64     105       1
   65     345       1
   66     164       1
   66     266       1
   66     500       1
   67     145       1
   68     390       1
   69     122       1
   69     489       1
   70     306       1
   71     259       1
   72     231       1
   73     362       1
   73     409       1
   74     212       1
   75     254       1
   76     153       1
   76     249       1
   76     372       1
   77     257       1
   78     435       1
   79     410       1
   80     320       1
   81      92       1
   82     148       1
   82     151       1
   82     201       1
   82     209       1
   82     291       1
   82     364       1
   82     401       1
   82     451       1
   83     190       1
   83     228       1
   83     322       1
   84     179       1
   85      88       1
   86     149       1
   86     455       1
   87     250       1
   88     124       1
   88     448       1
   88     496       1
   89     376       1
   89     417       1
   90     130       1
   90     179       1
   90     379       1
   90     387       1
   91     111       1
   92     143       1
   92     329       1
   92     346       1
   92     461       1
   94     357       1
   95     148       1
   95     284       1
   96     192       1
   96     430       1
   97     105       1
   97     107       1
   97     114       1
   97     152       1
   97     189       1
   97     276       1
   97     279       1
   97     321       1
   97     447       1
   98     282       1
   98     395       1
   99     331       1
   99     487       1
  100     229       1
  101     389       1
  102     170       1
  102     373       1
  102     384       1
  102     488       1
  103     488       1
  104     462       1
  106     237       1
  106     403       1
  106     440       1
  108     123       1
  109     385       1
  110     404       1
  111     342       1
  112     369       1
  113     451       1
  114     208       1
  114     254       1
  114     484       1
  115     321       1
  116     434       1
  117     271       1
  117     304       1
  117     408       1
  118     136       1
  119     255       1
  123     303       1
  123     350       1
  123     432       1
  124     154       1
  125     370       1
  127     163       1
  127     220       1
  127     488       1
  128     275       1
  128     321       1
  129     229       1
  129     466       1
  130     169       1
  130     309       1
  130     370       1
  130     389       1
  130     428       1
  131     389       1
  132     429       1
  133     146       1
  133     217       1
  134     145       1
  135     256       1
  135     348       1
  136     472       1
  137     241       1
  137     296       1
  137     298       1
  137     314       1
  138     229       1
  138     418       1
  140     387       1
  141     312       1
  141     369       1
  141     427       1
  142     155       1
  143     272       1
  144     265       1
  144     285       1
  145     290       1
  145     303       1
  145     426       1
  146     171       1
  146     377       1
  146     400       1
  147     235       1
  147     391       1
  148     272       1
  149     218       1
  150     306       1
  150     411       1
  150     480       1
  151     468       1
  152     181       1
  154     218       1
  154     264       1
  154     428       1
  154     470       1
  155     228       1
  155     285       1
  156     209       1
  156     454       1
  157     169       1
  157     221       1
  157     252       1
  157     273       1
  158     464       1
  159     322       1
  160     199       1
  161     271       1
  161     499       1
  162     281       1
  163     200       1
  163     398       1
  165     276       1
  166     307       1
  167     188       1
  167     214       1
  167     249       1
  167     271       1
  167     326       1
  168     248       1
  168     367       1
  168     382       1
  169     213       1
  169     344       1
  170     321       1
  171     349       1
  172     306       1
  174     223       1
  174     322       1
  174     342       1
  174     382       1
  176     475       1
  178     369       1
  178     453       1
  179     305       1
  179     431       1
  181     467       1
  182     391       1
  182     418       1
  182     489       1
  183     487       1
  184     290       1
  184     447       1
  185     372       1
  185     474       1
  186     244       1
  186     304       1
  187     210       1
  187     455       1
  188     199       1
  189     474       1
  190     303       1
  190     321       1
  190     464       1
  190     485       1
  191     209       1
  193     446       1
  193     492       1
  193     494       1
  194     275       1
  194     351       1
  194     417       1
  194     437       1
  194     486       1
  195     300       1
  195     313       1
  196     403       1
  197     242       1
  197     338       1
  198     237       1
  198     380       1
  200     248       1
  200     401       1
  200     418       1
  201     323       1
  203     267       1
  204     390       1
  205     414       1
  206     327       1
  207     281       1
  209     250       1
  209     329       1
  209     336       1
  209     400       1
  210     324       1
  213     288       1
  214     262       1
  215     363       1
  216     422       1
  218     357       1
  218     479       1
  219     370       1
  220     226       1
  220     240       1
  220     264       1
  221     348       1
  224     326       1
  226     398       1
  228     231       1
  228     433       1
  228     450       1
  230     357       1
  232     407       1
  233     301       1
  234     407       1
  235     407       1
  236     289       1
  237     463       1
  237     499       1
  238     292       1
  238     330       1
  238     335       1
  239     465       1
  240     293       1
  240     355       1
  243     487       1
  244     391       1
  245     260       1
  246     320       1
  247     270       1
  247     391       1
  247     397       1
  248     388       1
  250     354       1
  251     263       1
  251     476       1
  253     258       1
  253     445       1
  259     290       1
  259     298       1
  260     261       1
  260     303       1
  261     390       1
  263     494       1
  266     490       1
  267     341       1
  267     388       1
  268     479       1
  269     461       1
  270     356       1
  271     410       1
  271     441       1
  272     427       1
  272     475       1
  274     375       1
  275     396       1
  276     292       1
  276     449       1
  278     381       1
  278     414       1
  279     443       1
  280     441       1
  281     306       1
  281     450       1
  283     322       1
  284     461       1
  286     474       1
  289     444       1
  291     327       1
  291     331       1
  291     389       1
  291     441       1
  291     478       1
  291     494       1
  292     348       1
  294     358       1
  295     440       1
  297     399       1
  297     441       1
  299     385       1
  301     471       1
  302     345       1
  303     389       1
  303     444       1
  303     473       1
  307     417       1
  307     453       1
  308     412       1
  309     409       1
  310     447       1
  310     454       1
  311     490       1
  312     389       1
  312     482       1
  314     435       1
  314     451       1
  315     360       1
  316     423       1
  317     364       1
  318     334       1
  318     469       1
  319     430       1
  320     403       1
  322     403       1
  327     363       1
  327     498       1
  328     429       1
  328     451       1
  331     483       1
  332     372       1
  333     442       1
  334     441       1
  337     352       1
  337     385       1
  337     429       1
  338     460       1
  341     378       1
  342     371       1
  342     396       1
  343     393       1
  345     482       1
  346     467       1
  350     394       1
  351     362       1
  353     475       1
  359     403       1
  361     453       1
  362     472       1
  365     465       1
  368     415       1
  368     495       1
  369     422       1
  370     385       1
  372     390       1
  374     402       1
  375     400       1
  376     437       1
  378     444       1
  383     392       1
  383     434       1
  385     462       1
  386     470       1
  387     388       1
  388     465       1
  389     391       1
  394     497       1
  395     427       1
  395     452       1
  399     486       1
  401     459       1
  402     454       1
  404     473       1
  404     482       1
  406     454       1
  407     417       1
  419     440       1
  424     490       1
  430     441       1
  434     473       1
  437     439       1
  441     493       1
  445     483       1
  446     472       1
  450     476       1
  460     496       1
  464     491       1
  486     500       1
