  500     568
    1     161       1
    1     168       1
    1     457       1
    1     498       1
    2     321       1
    2     410       1
    3     118       1
    3     338       1
    3     486       1
    4     183       1
    4     255       1
    4     290       1
    5      55       1
    5     129       1
    5     181       1
    5     224       1
    6     197       1
    7     465       1
    8     211       1
    8     281       1
    9     373       1
   10     303       1
   10     494       1
   11     267       1
   12     399       1
   13     482       1
   13     498       1
   14      90       1
   15     328       1
   16     342       1
   16     440       1
   17     108       1
   17     297       1
   18     169       1
   19     489       1
   20     213       1
   20     291       1
   20     321       1
   21     340       1
   21     361       1
   22     169       1
   22     280       1
   23     359       1
   24      83       1
   24     156       1
   24     163       1
   25      96       1
   25     409       1
   26      57       1
   27      90       1
   27     324       1
   27     394       1
   27     488       1
   28     152       1
   28     178       1
   28     264       1
   28     423       1
   29     133       1
   30     274       1
   31     254       1
   31     336       1
   32      56       1
   32     130       1
   32     332       1
   33     263       1
   33     295       1
   34      40       1
   35     330       1
   36     113       1
   36     126       1
   36     187       1
   36     278       1
   36     310       1
   36     324       1
   36     436       1
   36     473       1
   37     191       1
   37     197       1
   37     213       1
   38      64       1
   38      74       1
   38      82       1
   38     299       1
   39      47       1
   39      58       1
   39      76       1
   39     123       1
   39     147       1
   39     446       1
   40     260       1
   40     446       1
   41     199       1
   42     321       1
   42     461       1
   43      48       1
   43     116       1
   44     324       1
   44     352       1
   44     357       1
   44     458       1
   45     205       1
   46     115       1
   48     101       1
   48     298       1
   48     326       1
   48     495       1
   49      70       1
   49     190       1
   49     191       1
   49     260       1
   49     287       1
   49     354       1
   49     413       1
   49     460       1
   50     167       1
   50     205       1
   50     302       1
   50     331       1
   50     358       1
   50     485       1
   51     268       1
   52     260       1
   53     272       1
   53     438       1
   54     266       1
   56      92       1
   56     218       1
   56     396       1
   57     231       1
   57     240       1
   57     366       1
   58     117       1
   58     182       1
   58     435       1
   59      76       1
   60     201       1
   61     167       1
   62     197       1
   62     442       1
   63     187       1
   64     132       1
   64     199       1
   65     267       1
   65     434       1
   66     322       1
   66     363       1
   66     388       1
   66     400       1
   66     470       1
   67     120       1
   68     314       1
   69     435       1
   70     249       1
   70     368       1
   70     395       1
   70     434       1
   71      76       1
   71      95       1
   71     206       1
   71     347       1
   72     149       1
   72     178       1
   72     377       1
   73     160       1
   73     373       1
   74     134       1
   74     483       1
   75     178       1
   76     153       1
   77     287       1
   78     375       1
   79     184       1
   80     100       1
   80     224       1
   80     284       1
   80     331       1
   81      83       1
   82     125       1
   82     191       1
   82     320       1
   82     491       1
   83     281       1
   83     351       1
   83     471       1
   84     118       1
   85     106       1
   85     268       1
   85     305       1
   85     324       1
   85     416       1
   86     102       1
   86     124       1
   86     382       1
   87     272       1
   87     398       1
   88     357       1
   88     378       1
   89     123       1
   89     164       1
   89     203       1
   90     259       1
   90     403       1
   91     228       1
   91     335       1
   91     393       1
   93      98       1
   93     120       1
   93     210       1
   93     243       1
   93     310       1
   93     351       1
   93     371       1
   93     424       1
   93     493       1
   94     260       1
   94     289       1
   94     361       1
   96     463       1
   97     401       1
   98     201       1
   98     269       1
   98     384       1
   99     197       1
   99     263       1
  100     435       1
  101     198       1
  101     286       1
  101     367       1
  101     438       1
  103     434       1
  104     420       1
  105     228       1
  105     258       1
  105     288       1
  105     332       1
  105     408       1
  106     128       1
  106     417       1
  107     240       1
  107     487       1
  108     109       1
  108     133       1
  108     234       1
  108     420       1
  109     282       1
  109     330       1
  109     379       1
  110     389       1
  110     432       1
  111     345       1
  112     157       1
  113     166       1
  114     115       1
  114     454       1
  115     142       1
  115     184       1
  115     188       1
  115     274       1
  115     439       1
  115     481       1
  116     424       1
  117     295       1
  118     450       1
  119     281       1
  119     410       1
  120     407       1
  120     437       1
  121     429       1
  122     363       1
  123     189       1
  123     324       1
  123     356       1
  124     234       1
  126     282       1
  126     341       1
  127     424       1
  128     296       1
  129     184       1
  129     214       1
  130     184       1
  130     280       1
  130     412       1
  131     397       1
  132     207       1
  132     387       1
  133     169       1
  133     176       1
  133     238       1
  134     279       1
  135     167       1
  135     406       1
  136     212       1
  137     178       1
  137     265       1
  138     235       1
  139     223       1
  139     232       1
  139     373       1
  140     212       1
  141     178       1
  141     470       1
  142     158       1
  142     497       1
  143     175       1
  144     172       1
  144     198       1
  145     491       1
  146     236       1
  146     280       1
  146     391       1
  148     244       1
  149     151       1
  149     221       1
  150     382       1
  154     184       1
  154     333       1
  155     219       1
  155     385       1
  155     425       1
  156     254       1
  156     291       1
  156     313       1
  157     450       1
  157     473       1
  158     217       1
  159     474       1
  160     419       1
  162     294       1
  162     351       1
  163     435       1
  165     338       1
  167     260       1
  167     373       1
  167     426       1
  167     478       1
  170     335       1
  171     249       1
  171     340       1
  172     456       1
  173     312       1
  173     410       1
  173     475       1
  174     312       1
  174     434       1
  175     249       1
  175     404       1
  176     455       1
  177     277       1
  178     354       1
  179     346       1
  180     281       1
  182     318       1
  183     498       1
  184     240       1
  184     260       1
  185     228       1
  186     371       1
  186     418       1
  187     341       1
  189     209       1
  191     198       1
  191     353       1
  191     430       1
  192     345       1
  193     194       1
  193     204       1
  194     266       1
  194     280       1
  195     208       1
  195     226       1
  195     346       1
  195     364       1
  195     427       1
  195     493       1
  196     307       1
  196     448       1
  198     256       1
  198     360       1
  199     228       1
  199     376       1
  200     328       1
  202     384       1
  204     270       1
  205     350       1
  209     425       1
  212     369       1
  212     473       1
  214     384       1
  215     367       1
  216     305       1
  217     221       1
  217     417       1
  217     481       1
  219     355       1
  220     378       1
  221     291       1
  222     345       1
  224     315       1
  225     287       1
  226     307       1
  226     415       1
  227     286       1
  227     344       1
  228     234       1
  228     459       1
  229     354       1
  230     350       1
  230     475       1
  232     422       1
  233     484       1
  234     260       1
  234     399       1
  234     445       1
  234     484       1
  235     254       1
  235     336       1
  235     398       1
  235     433       1
  235     489       1
  236     396       1
  236     401       1
  237     419       1
  239     244       1
  241     495       1
  242     452       1
  242     468       1
  244     474       1
  245     452       1
  246     335       1
  246     452       1
  246     488       1
  247     478       1
  248     408       1
  248     474       1
  249     390       1
  250     375       1
  251     464       1
  251     492       1
  252     393       1
  253     438       1
  257     343       1
  257     367       1
  258     477       1
  260     292       1
  260     324       1
  260     494       1
  260     498       1
  261     433       1
  262     354       1
  262     375       1
  262     389       1
  263     318       1
  265     304       1
  266     496       1
  267     365       1
  268     308       1
  269     283       1
  270     396       1
  271     488       1
  272     299       1
  273     275       1
  275     278       1
  276     436       1
  277     498       1
  278     323       1
  278     380       1
  280     385       1
  280     484       1
  281     424       1
  281     480       1
  282     495       1
  283     305       1
  285     464       1
  287     353       1
  287     477       1
  288     334       1
  290     349       1
  291     314       1
  292     293       1
  296     437       1
  297     444       1
  300     309       1
  300     492       1
  301     458       1
  304     457       1
  305     328       1
  306     310       1
  306     491       1
  307     318       1
  307     319       1
  307     342       1
  307     430       1
  307     451       1
  310     409       1
  310     467       1
  311     368       1
  311     407       1
  312     453       1
  313     407       1
  314     491       1
  316     349       1
  317     442       1
  317     443       1
  318     458       1
  319     469       1
  320     431       1
  321     461       1
  322     441       1
  324     363       1
  325     383       1
  325     494       1
  327     351       1
  329     392       1
  332     436       1
  334     490       1
  336     392       1
  337     444       1
  338     498       1
  339     495       1
  345     485       1
  348     488       1
  349     439       1
  351     405       1
  354     362       1
  354     397       1
  355     373       1
  355     478       1
  356     414       1
  358     475       1
  359     430       1
  363     434       1
  365     402       1
  368     428       1
  368     462       1
  369     417       1
  370     389       1
  370     449       1
  372     439       1
  374     419       1
  374     453       1
  375     439       1
  381     487       1
  386     425       1
  393     419       1
  397     499       1
  411     447       1
  415     472       1
  416     444       1
  421     479       1
  423     465       1
  424     498       1
  425     489       1
  426     446       1
  429     460       1
  433     472       1
  433     498       1
  442     479       1
  446     454       1
  447     471       1
  448     464       1
  452     500       1
  454     476       1
  459     479       1
  466     476       1
  473     474       1
  484     487       1
  484     489       1
  492     494       1
