  100     129
    1      40       1
    1      91       1
    2      22       1
    2      30       1
    2      44       1
    2      69       1
    2      84       1
    2      93       1
    3      12       1
    3      46       1
    3      81       1
    4      42       1
    4      56       1
    4      68       1
    5      23       1
    5      27       1
    5      69       1
    5      71       1
    6       9       1
    7      85       1
    7      90       1
    8      24       1
    8      46       1
    8      64       1
    9      10       1
    9      99       1
   10      29       1
   10      38       1
   10      81       1
   11      47       1
   11      52       1
   11      86       1
   13      26       1
   14      21       1
   14      78       1
   15      55       1
   16      17       1
   16      68       1
   17      72       1
   18      76       1
   18      88       1
   18      98       1
   19      94       1
   20      36       1
   20      68       1
   21      36       1
   21      45       1
   21      63       1
   21      88       1
   21      91       1
   22      27       1
   22      41       1
   22      47       1
   24      35       1
   24      44       1
   24      67       1
   24      68       1
   24      78       1
   25      30       1
   26      28       1
   27      51       1
   27      87       1
   28      81       1
   29      49       1
   29      54       1
   29      60       1
   31      65       1
   32      79       1
   32      94       1
   33      42       1
   34      53       1
   34      58       1
   36      98       1
   37      38       1
   37      96       1
   37     100       1
   38      40       1
   38      93       1
   39      47       1
   39      75       1
   41      49       1
   41      65       1
   41      89       1
   42      59       1
   43      46       1
   43      59       1
   44      45       1
   45      48       1
   45      49       1
   45      59       1
   45      72       1
   46      89       1
   47      79       1
   48      50       1
   48      61       1
   49      59       1
   49      66       1
   49      80       1
   51      94       1
   52      83       1
   52      90       1
   52      93       1
   52      97       1
   53      84       1
   54      68       1
   55      75       1
   55      97       1
   56      94       1
   57      89       1
   59      95       1
   60      99       1
   61      65       1
   62      91       1
   62      97       1
   66      82       1
   70      93       1
   70      97       1
   71      94       1
   73      89       1
   74      96       1
   77      99       1
   79      95       1
   81      82       1
   84      99       1
   85      87       1
   91      97       1
   92      99       1
   93      96       1
   96     100       1
