  200     244
    1       3       1
    1      68       1
    2      75       1
    2      96       1
    2     111       1
    2     151       1
    2     164       1
    3       6       1
    4      22       1
    4      60       1
    4      85       1
    4     193       1
    5     191       1
    6      88       1
    6     101       1
    6     173       1
    7      89       1
    7     150       1
    7     192       1
    8      74       1
    9      71       1
   10     111       1
   11      30       1
   11      91       1
   12      97       1
   13      92       1
   14      39       1
   15      20       1
   15     131       1
   16      77       1
   16      92       1
   17      69       1
   17     102       1
   17     184       1
   18     104       1
   18     190       1
   19     151       1
   20      81       1
   21      93       1
   21     100       1
   21     191       1
   22      28       1
   22      74       1
   22     128       1
   23     102       1
   24     172       1
   25      86       1
   25      96       1
   25     114       1
   25     154       1
   26      39       1
   27      48       1
   27      91       1
   27     109       1
   27     130       1
   28      84       1
   28      92       1
   28     152       1
   28     161       1
   28     175       1
   29     149       1
   30     140       1
   30     199       1
   31     113       1
   32      87       1
   32     169       1
   32     185       1
   33      84       1
   33     152       1
   33     180       1
   34      70       1
   34     180       1
   35      58       1
   35      73       1
   35     118       1
   35     166       1
   36      63       1
   37      87       1
   38      51       1
   38      81       1
   38     145       1
   38     169       1
   38     186       1
   38     196       1
   39      95       1
   39     181       1
   40      73       1
   41      92       1
   42     119       1
   43     181       1
   43     193       1
   44      88       1
   44     150       1
   44     159       1
   45     127       1
   46      56       1
   46      76       1
   46     116       1
   47     147       1
   48     192       1
   49      72       1
   49     165       1
   50     142       1
   51     179       1
   51     187       1
   52      60       1
   52     101       1
   52     116       1
   52     156       1
   52     191       1
   52     192       1
   52     198       1
   53     182       1
   54     192       1
   55     195       1
   56     134       1
   57      80       1
   59      92       1
   59     186       1
   60      96       1
   60     110       1
   60     127       1
   60     147       1
   60     186       1
   61     193       1
   62      74       1
   62     112       1
   63     151       1
   64     167       1
   65     156       1
   65     174       1
   66     131       1
   66     134       1
   66     189       1
   67      86       1
   67     195       1
   69     176       1
   70     147       1
   70     170       1
   70     172       1
   71      89       1
   71     100       1
   71     157       1
   72      73       1
   72     103       1
   72     185       1
   73     185       1
   74     106       1
   74     142       1
   75     138       1
   75     169       1
   75     177       1
   77      78       1
   77     143       1
   78     132       1
   79     148       1
   80     120       1
   80     122       1
   80     182       1
   81     162       1
   82     117       1
   83     101       1
   84     151       1
   85     105       1
   85     158       1
   86     121       1
   86     130       1
   87     113       1
   87     171       1
   88     108       1
   89     123       1
   90     124       1
   90     139       1
   91     134       1
   91     192       1
   91     194       1
   92     129       1
   93      95       1
   94      98       1
   96      97       1
   96     117       1
   96     146       1
   96     190       1
   97     158       1
   98     172       1
   99     192       1
  100     192       1
  103     150       1
  107     131       1
  107     157       1
  107     172       1
  107     193       1
  111     155       1
  112     181       1
  113     185       1
  115     163       1
  115     193       1
  116     127       1
  117     163       1
  118     131       1
  118     171       1
  118     186       1
  119     148       1
  119     190       1
  125     137       1
  125     193       1
  126     136       1
  126     148       1
  126     173       1
  127     181       1
  127     184       1
  129     175       1
  133     137       1
  133     138       1
  133     191       1
  134     165       1
  135     142       1
  136     199       1
  138     183       1
  139     175       1
  140     152       1
  141     198       1
  144     145       1
  144     151       1
  149     196       1
  153     171       1
  155     173       1
  160     175       1
  161     178       1
  164     168       1
  167     196       1
  168     182       1
  171     186       1
  171     200       1
  173     186       1
  174     192       1
  175     185       1
  177     197       1
  180     190       1
  182     190       1
  185     186       1
  187     199       1
  188     196       1
  192     195       1
