  600     674
    1     381       1
    2     464       1
    3      42       1
    4      28       1
    4     205       1
    4     400       1
    4     495       1
    5     407       1
    5     443       1
    6     110       1
    6     196       1
    6     414       1
    6     560       1
    7     198       1
    8      61       1
    8     279       1
    8     333       1
    9      79       1
    9     111       1
    9     157       1
   10     188       1
   11      38       1
   11      42       1
   11     279       1
   11     512       1
   12     427       1
   13      95       1
   14      15       1
   14     176       1
   14     224       1
   14     499       1
   16     246       1
   16     295       1
   17     185       1
   17     241       1
   17     508       1
   18     249       1
   19     469       1
   20      94       1
   20     176       1
   20     229       1
   20     330       1
   20     398       1
   20     454       1
   21     377       1
   22     134       1
   23     308       1
   23     411       1
   24      95       1
   24     343       1
   24     363       1
   24     377       1
   24     402       1
   25     149       1
   26      27       1
   27     519       1
   27     530       1
   28     287       1
   28     489       1
   29     123       1
   30     250       1
   30     422       1
   30     534       1
   31     507       1
   32     111       1
   32     273       1
   32     440       1
   32     504       1
   33     300       1
   33     348       1
   33     457       1
   33     494       1
   34      56       1
   34     216       1
   34     293       1
   35     466       1
   36     366       1
   36     398       1
   37     264       1
   37     493       1
   38     301       1
   38     383       1
   38     597       1
   39     391       1
   39     464       1
   40     345       1
   41     457       1
   41     513       1
   41     542       1
   42     378       1
   42     536       1
   43     257       1
   43     302       1
   43     304       1
   43     580       1
   44     209       1
   45     482       1
   45     483       1
   45     526       1
   46      54       1
   46     400       1
   46     516       1
   46     524       1
   47     256       1
   47     511       1
   48     198       1
   48     301       1
   49     153       1
   50     287       1
   50     440       1
   51     154       1
   51     341       1
   52     246       1
   52     353       1
   52     520       1
   53      78       1
   53     406       1
   53     581       1
   55     407       1
   56     153       1
   56     357       1
   56     551       1
   57     300       1
   58     238       1
   59     184       1
   59     355       1
   60     567       1
   61     381       1
   62     354       1
   63     577       1
   64     193       1
   65     188       1
   65     296       1
   66     103       1
   66     110       1
   66     419       1
   67     141       1
   67     201       1
   68     123       1
   68     245       1
   68     318       1
   69     159       1
   69     342       1
   69     402       1
   69     543       1
   69     577       1
   70     114       1
   70     239       1
   70     297       1
   70     367       1
   70     594       1
   71      77       1
   72     152       1
   72     500       1
   72     551       1
   73     296       1
   73     355       1
   73     445       1
   74     130       1
   74     251       1
   74     491       1
   74     557       1
   75     283       1
   75     367       1
   76     298       1
   76     593       1
   77     177       1
   77     245       1
   77     322       1
   77     487       1
   79     337       1
   79     506       1
   80     265       1
   81     115       1
   81     383       1
   81     463       1
   82     246       1
   83     200       1
   84     229       1
   84     376       1
   85     462       1
   85     565       1
   86     543       1
   87     147       1
   87     560       1
   88     318       1
   89     225       1
   90     203       1
   90     430       1
   91     600       1
   92     167       1
   92     237       1
   92     502       1
   93     446       1
   94     156       1
   95     206       1
   95     359       1
   95     411       1
   96     192       1
   96     199       1
   97     255       1
   97     590       1
   98     196       1
   98     342       1
   98     355       1
   98     385       1
   99     194       1
  100     267       1
  100     378       1
  101     490       1
  102     480       1
  104     234       1
  104     277       1
  105     323       1
  106     216       1
  106     425       1
  107     322       1
  108     548       1
  109     543       1
  110     373       1
  111     150       1
  111     531       1
  111     588       1
  112     335       1
  113     260       1
  113     454       1
  113     492       1
  114     374       1
  115     317       1
  116     222       1
  116     342       1
  116     382       1
  116     489       1
  117     238       1
  117     342       1
  118     190       1
  118     580       1
  118     589       1
  119     294       1
  119     453       1
  120     252       1
  120     406       1
  121     165       1
  121     383       1
  122     273       1
  122     587       1
  123     404       1
  124     259       1
  125     193       1
  125     246       1
  125     532       1
  126     409       1
  126     413       1
  127     323       1
  128     251       1
  128     466       1
  129     134       1
  129     313       1
  129     327       1
  129     338       1
  130     246       1
  130     322       1
  130     574       1
  131     240       1
  131     291       1
  131     443       1
  132     316       1
  133     155       1
  134     423       1
  135     307       1
  136     395       1
  137     364       1
  138     270       1
  138     287       1
  139     406       1
  139     561       1
  140     166       1
  142     236       1
  142     341       1
  143     331       1
  144     495       1
  145     307       1
  145     331       1
  145     381       1
  146     170       1
  146     279       1
  146     348       1
  147     223       1
  147     442       1
  148     455       1
  148     503       1
  149     185       1
  149     419       1
  149     557       1
  150     299       1
  150     496       1
  151     380       1
  151     498       1
  155     469       1
  156     219       1
  156     444       1
  156     537       1
  158     388       1
  158     423       1
  158     566       1
  160     398       1
  160     501       1
  160     550       1
  161     205       1
  161     255       1
  162     489       1
  163     530       1
  164     355       1
  165     207       1
  165     451       1
  166     469       1
  168     600       1
  169     578       1
  171     402       1
  171     475       1
  172     328       1
  173     205       1
  174     180       1
  174     569       1
  175     556       1
  178     443       1
  179     306       1
  179     548       1
  180     241       1
  181     383       1
  182     336       1
  182     550       1
  183     202       1
  184     416       1
  185     271       1
  185     345       1
  185     460       1
  186     498       1
  186     510       1
  186     572       1
  187     400       1
  189     478       1
  189     599       1
  190     359       1
  190     553       1
  191     209       1
  191     443       1
  193     271       1
  194     445       1
  194     473       1
  195     411       1
  196     467       1
  196     477       1
  197     322       1
  197     401       1
  198     264       1
  198     505       1
  198     600       1
  199     244       1
  199     330       1
  199     377       1
  199     567       1
  200     243       1
  200     509       1
  201     341       1
  202     527       1
  204     416       1
  204     512       1
  207     261       1
  208     555       1
  209     284       1
  209     463       1
  209     583       1
  210     236       1
  210     516       1
  211     271       1
  211     374       1
  211     498       1
  211     545       1
  212     342       1
  213     389       1
  213     503       1
  213     540       1
  214     392       1
  214     454       1
  214     470       1
  215     443       1
  216     431       1
  216     568       1
  217     329       1
  217     402       1
  218     367       1
  219     398       1
  220     237       1
  220     347       1
  220     496       1
  221     330       1
  222     475       1
  222     562       1
  225     311       1
  226     345       1
  227     488       1
  228     272       1
  228     564       1
  229     234       1
  229     452       1
  230     488       1
  231     352       1
  232     271       1
  232     332       1
  233     376       1
  235     454       1
  237     262       1
  237     372       1
  237     398       1
  237     405       1
  237     472       1
  238     533       1
  238     582       1
  239     532       1
  241     275       1
  242     286       1
  242     428       1
  243     373       1
  244     381       1
  245     486       1
  245     530       1
  247     278       1
  248     586       1
  249     410       1
  252     425       1
  252     436       1
  253     584       1
  254     269       1
  254     487       1
  255     334       1
  255     368       1
  255     398       1
  255     484       1
  257     276       1
  257     313       1
  257     402       1
  257     534       1
  258     402       1
  259     342       1
  259     350       1
  263     355       1
  264     344       1
  264     560       1
  265     308       1
  265     591       1
  266     273       1
  266     549       1
  268     370       1
  268     547       1
  268     588       1
  270     374       1
  271     428       1
  271     524       1
  272     280       1
  272     396       1
  272     468       1
  272     524       1
  273     281       1
  273     447       1
  273     540       1
  273     541       1
  274     424       1
  274     475       1
  275     362       1
  276     286       1
  276     288       1
  276     312       1
  276     485       1
  277     400       1
  278     370       1
  278     417       1
  278     483       1
  279     322       1
  279     398       1
  279     428       1
  279     490       1
  279     525       1
  282     538       1
  282     581       1
  283     467       1
  285     487       1
  287     322       1
  287     324       1
  287     384       1
  289     530       1
  290     356       1
  291     565       1
  292     324       1
  293     415       1
  293     417       1
  296     352       1
  296     528       1
  297     403       1
  298     483       1
  299     393       1
  299     432       1
  301     444       1
  301     474       1
  303     380       1
  305     486       1
  305     533       1
  306     325       1
  306     402       1
  306     570       1
  308     571       1
  309     314       1
  310     361       1
  310     503       1
  311     418       1
  311     441       1
  311     526       1
  313     464       1
  314     535       1
  315     500       1
  316     516       1
  319     585       1
  320     393       1
  321     446       1
  322     341       1
  322     346       1
  322     547       1
  323     399       1
  325     555       1
  326     473       1
  326     557       1
  328     528       1
  329     471       1
  330     364       1
  330     369       1
  330     402       1
  330     542       1
  332     441       1
  332     466       1
  335     591       1
  337     413       1
  339     569       1
  340     407       1
  341     397       1
  341     439       1
  347     396       1
  349     420       1
  349     511       1
  349     551       1
  350     461       1
  351     363       1
  352     390       1
  352     509       1
  354     457       1
  356     554       1
  358     385       1
  359     393       1
  359     445       1
  359     585       1
  360     521       1
  362     435       1
  363     539       1
  365     581       1
  367     396       1
  367     591       1
  368     436       1
  369     400       1
  369     535       1
  369     558       1
  371     391       1
  371     400       1
  371     529       1
  373     593       1
  374     422       1
  375     451       1
  375     455       1
  375     486       1
  375     495       1
  376     440       1
  379     528       1
  380     433       1
  381     490       1
  382     461       1
  383     445       1
  384     446       1
  384     458       1
  386     565       1
  387     548       1
  390     448       1
  392     552       1
  392     564       1
  393     413       1
  393     563       1
  394     413       1
  395     557       1
  395     584       1
  395     598       1
  398     437       1
  399     518       1
  402     434       1
  402     453       1
  402     482       1
  403     523       1
  404     491       1
  405     595       1
  406     429       1
  406     454       1
  406     559       1
  407     575       1
  408     577       1
  410     480       1
  412     530       1
  412     556       1
  414     591       1
  416     530       1
  418     466       1
  421     541       1
  422     427       1
  422     522       1
  423     424       1
  426     470       1
  426     520       1
  430     489       1
  432     479       1
  432     537       1
  435     451       1
  435     558       1
  438     509       1
  440     566       1
  443     558       1
  446     514       1
  447     586       1
  449     550       1
  450     543       1
  453     569       1
  454     599       1
  456     498       1
  457     480       1
  458     519       1
  458     573       1
  459     558       1
  460     517       1
  460     575       1
  465     537       1
  466     491       1
  467     521       1
  468     484       1
  469     497       1
  469     543       1
  469     560       1
  470     576       1
  476     578       1
  480     491       1
  481     590       1
  482     507       1
  483     554       1
  487     578       1
  488     557       1
  501     593       1
  504     596       1
  509     591       1
  511     592       1
  515     589       1
  518     542       1
  524     551       1
  527     554       1
  531     571       1
  533     600       1
  535     544       1
  535     569       1
  545     594       1
  546     554       1
  548     557       1
  579     593       1
