  700     780
    1      76       1
    1      95       1
    1     236       1
    1     244       1
    1     379       1
    2      37       1
    2     338       1
    2     360       1
    2     543       1
    3     301       1
    3     355       1
    3     557       1
    4     390       1
    5     152       1
    5     538       1
    6     382       1
    6     700       1
    7     637       1
    8     474       1
    8     607       1
    9     144       1
   10     368       1
   11     120       1
   12      78       1
   12     190       1
   12     316       1
   13     253       1
   14     543       1
   15     255       1
   15     383       1
   16     359       1
   17      79       1
   18     496       1
   18     547       1
   18     587       1
   18     684       1
   19     270       1
   19     690       1
   20     244       1
   20     379       1
   20     604       1
   21     205       1
   21     629       1
   22      83       1
   23     102       1
   23     245       1
   24     125       1
   24     206       1
   24     575       1
   25     698       1
   26     630       1
   27     239       1
   27     374       1
   28      49       1
   28     171       1
   28     331       1
   29     313       1
   30      33       1
   30     613       1
   31     334       1
   31     607       1
   31     691       1
   32     164       1
   32     377       1
   32     468       1
   33      93       1
   33     282       1
   33     346       1
   33     354       1
   33     356       1
   33     407       1
   33     445       1
   33     645       1
   33     697       1
   33     698       1
   34     156       1
   34     522       1
   34     592       1
   35      40       1
   36      76       1
   36     250       1
   36     582       1
   36     698       1
   38     451       1
   39      62       1
   39     170       1
   39     458       1
   40     440       1
   40     450       1
   40     465       1
   40     495       1
   41     314       1
   41     327       1
   41     421       1
   42     232       1
   43     594       1
   44     334       1
   45      91       1
   45     213       1
   45     282       1
   45     574       1
   45     595       1
   46     168       1
   46     382       1
   47     163       1
   48     222       1
   48     617       1
   49     530       1
   50     117       1
   51     241       1
   51     289       1
   52     488       1
   52     605       1
   52     685       1
   53      86       1
   53     146       1
   53     210       1
   53     244       1
   54      65       1
   54     127       1
   54     153       1
   54     159       1
   54     292       1
   54     305       1
   54     320       1
   55     235       1
   56     229       1
   56     293       1
   57     560       1
   57     602       1
   58     127       1
   59     117       1
   59     176       1
   59     468       1
   59     474       1
   59     638       1
   59     684       1
   60     489       1
   61     633       1
   63     208       1
   63     611       1
   64     249       1
   66     394       1
   66     403       1
   67     536       1
   67     586       1
   68     346       1
   69     184       1
   69     331       1
   69     379       1
   69     657       1
   70     251       1
   70     270       1
   70     614       1
   71     150       1
   71     169       1
   71     235       1
   71     274       1
   71     584       1
   72     136       1
   73     345       1
   74     200       1
   74     416       1
   74     668       1
   75     619       1
   77     128       1
   77     256       1
   77     379       1
   77     395       1
   77     651       1
   77     671       1
   77     684       1
   78     226       1
   78     635       1
   78     685       1
   79     475       1
   79     535       1
   79     537       1
   80     182       1
   80     290       1
   80     443       1
   80     519       1
   81     113       1
   81     169       1
   82     335       1
   83     537       1
   83     544       1
   84     259       1
   84     276       1
   84     448       1
   84     457       1
   85     102       1
   87     116       1
   87     474       1
   88     664       1
   89     285       1
   89     682       1
   90     284       1
   90     500       1
   91     548       1
   92     475       1
   93     111       1
   93     218       1
   93     513       1
   93     563       1
   94     354       1
   94     425       1
   94     634       1
   95      97       1
   95     413       1
   96     195       1
   96     340       1
   98     236       1
   98     555       1
   99     543       1
  100     120       1
  100     253       1
  100     440       1
  100     579       1
  100     695       1
  101     297       1
  102     684       1
  103     110       1
  103     311       1
  104     281       1
  104     519       1
  104     669       1
  105     252       1
  105     354       1
  106     280       1
  106     516       1
  107     333       1
  108     376       1
  108     678       1
  109     569       1
  112     361       1
  114     547       1
  115     509       1
  116     211       1
  116     546       1
  117     202       1
  118     645       1
  119     338       1
  120     225       1
  121     312       1
  121     622       1
  122     395       1
  123     477       1
  123     505       1
  124     423       1
  125     334       1
  126     127       1
  127     142       1
  127     222       1
  127     269       1
  127     368       1
  127     680       1
  128     312       1
  128     411       1
  128     698       1
  129     199       1
  130     202       1
  130     567       1
  131     178       1
  131     544       1
  132     255       1
  132     347       1
  133     243       1
  133     289       1
  133     487       1
  134     273       1
  134     315       1
  134     447       1
  135     192       1
  135     260       1
  135     311       1
  135     393       1
  135     507       1
  136     532       1
  137     593       1
  138     344       1
  138     397       1
  138     523       1
  139     576       1
  140     167       1
  140     608       1
  140     681       1
  141     222       1
  141     355       1
  141     597       1
  142     222       1
  143     366       1
  144     211       1
  144     214       1
  144     509       1
  144     643       1
  144     698       1
  145     321       1
  146     468       1
  146     660       1
  147     234       1
  148     292       1
  148     385       1
  148     505       1
  149     247       1
  149     527       1
  149     552       1
  149     560       1
  149     698       1
  151     317       1
  151     576       1
  152     218       1
  152     356       1
  152     398       1
  152     457       1
  153     197       1
  153     359       1
  153     580       1
  153     663       1
  153     688       1
  153     697       1
  154     234       1
  154     628       1
  155     352       1
  156     309       1
  156     455       1
  157     223       1
  158     294       1
  158     360       1
  158     479       1
  160     206       1
  160     257       1
  161     238       1
  161     358       1
  162     261       1
  163     256       1
  163     306       1
  164     481       1
  165     344       1
  166     283       1
  166     348       1
  166     441       1
  167     179       1
  167     246       1
  167     362       1
  169     183       1
  169     293       1
  169     328       1
  169     411       1
  169     429       1
  169     448       1
  169     570       1
  171     459       1
  172     432       1
  172     559       1
  173     226       1
  173     278       1
  173     664       1
  173     684       1
  174     336       1
  174     436       1
  174     666       1
  175     293       1
  177     233       1
  177     359       1
  177     372       1
  178     538       1
  178     640       1
  180     496       1
  181     215       1
  181     328       1
  181     593       1
  183     232       1
  183     280       1
  183     689       1
  185     223       1
  185     541       1
  186     297       1
  187     322       1
  187     535       1
  188     476       1
  188     514       1
  188     697       1
  189     203       1
  189     407       1
  190     450       1
  191     197       1
  192     414       1
  192     693       1
  193     211       1
  193     277       1
  194     368       1
  195     687       1
  196     629       1
  198     417       1
  198     492       1
  198     626       1
  199     561       1
  200     636       1
  201     250       1
  201     315       1
  201     559       1
  202     267       1
  203     501       1
  203     652       1
  204     691       1
  205     532       1
  206     325       1
  207     220       1
  207     645       1
  208     278       1
  209     226       1
  209     462       1
  209     485       1
  211     265       1
  211     624       1
  212     604       1
  214     227       1
  214     244       1
  215     451       1
  216     630       1
  217     290       1
  218     225       1
  218     255       1
  218     371       1
  219     700       1
  221     678       1
  222     313       1
  222     424       1
  222     663       1
  223     234       1
  223     246       1
  223     271       1
  224     503       1
  225     533       1
  225     556       1
  225     596       1
  226     683       1
  228     278       1
  230     231       1
  231     297       1
  231     621       1
  232     406       1
  234     417       1
  237     515       1
  237     551       1
  239     292       1
  240     471       1
  240     601       1
  242     569       1
  243     577       1
  244     264       1
  246     601       1
  246     605       1
  248     611       1
  249     289       1
  249     311       1
  249     373       1
  249     669       1
  249     679       1
  249     698       1
  250     328       1
  250     543       1
  250     625       1
  250     659       1
  251     632       1
  252     467       1
  252     672       1
  253     277       1
  254     262       1
  255     615       1
  255     636       1
  257     510       1
  257     674       1
  258     331       1
  258     428       1
  261     333       1
  261     456       1
  261     473       1
  261     594       1
  262     527       1
  263     501       1
  263     593       1
  264     410       1
  266     408       1
  268     350       1
  268     430       1
  269     454       1
  270     594       1
  271     634       1
  272     457       1
  275     307       1
  276     420       1
  276     620       1
  276     661       1
  278     366       1
  278     620       1
  279     560       1
  281     282       1
  281     363       1
  282     637       1
  283     361       1
  283     484       1
  284     409       1
  285     522       1
  286     510       1
  286     698       1
  287     693       1
  288     600       1
  289     567       1
  289     616       1
  289     668       1
  289     678       1
  290     392       1
  291     354       1
  292     322       1
  293     349       1
  293     422       1
  293     423       1
  293     618       1
  295     536       1
  296     491       1
  296     495       1
  297     382       1
  297     387       1
  297     411       1
  298     307       1
  298     497       1
  299     363       1
  300     661       1
  302     638       1
  303     693       1
  304     411       1
  304     578       1
  306     652       1
  307     609       1
  308     525       1
  309     628       1
  310     487       1
  310     494       1
  311     419       1
  311     481       1
  311     614       1
  312     316       1
  313     443       1
  313     665       1
  316     525       1
  316     631       1
  317     399       1
  318     632       1
  319     618       1
  321     446       1
  321     552       1
  322     515       1
  322     536       1
  323     610       1
  324     664       1
  326     540       1
  328     333       1
  329     551       1
  330     332       1
  330     417       1
  330     655       1
  331     376       1
  331     400       1
  331     418       1
  331     654       1
  332     365       1
  332     389       1
  332     594       1
  333     641       1
  334     503       1
  335     444       1
  335     618       1
  335     619       1
  336     541       1
  337     594       1
  339     380       1
  339     554       1
  339     602       1
  341     575       1
  341     581       1
  342     484       1
  343     352       1
  345     403       1
  345     436       1
  345     546       1
  346     459       1
  346     679       1
  347     353       1
  349     391       1
  350     676       1
  350     694       1
  351     517       1
  351     588       1
  351     642       1
  351     679       1
  352     510       1
  353     359       1
  354     646       1
  356     421       1
  357     412       1
  357     673       1
  357     682       1
  358     598       1
  358     693       1
  360     442       1
  363     367       1
  364     439       1
  364     531       1
  364     640       1
  366     678       1
  368     453       1
  369     540       1
  369     633       1
  370     390       1
  370     463       1
  371     405       1
  372     415       1
  372     558       1
  373     467       1
  373     528       1
  374     579       1
  375     429       1
  376     435       1
  377     421       1
  378     649       1
  379     464       1
  380     643       1
  381     416       1
  381     469       1
  382     503       1
  382     662       1
  383     610       1
  384     566       1
  384     694       1
  385     471       1
  386     438       1
  388     448       1
  390     392       1
  390     409       1
  390     653       1
  392     411       1
  392     573       1
  395     583       1
  396     598       1
  396     668       1
  397     564       1
  398     504       1
  399     409       1
  399     439       1
  400     600       1
  400     644       1
  401     556       1
  402     547       1
  403     438       1
  404     484       1
  408     674       1
  409     437       1
  411     522       1
  411     559       1
  416     478       1
  416     532       1
  416     537       1
  417     698       1
  419     481       1
  420     539       1
  420     670       1
  421     589       1
  422     532       1
  426     433       1
  427     670       1
  429     568       1
  431     669       1
  432     475       1
  433     583       1
  434     671       1
  437     667       1
  440     599       1
  441     521       1
  442     563       1
  445     603       1
  446     686       1
  448     498       1
  449     599       1
  451     545       1
  452     454       1
  457     598       1
  458     476       1
  458     547       1
  460     505       1
  461     605       1
  465     698       1
  466     525       1
  466     640       1
  469     667       1
  470     697       1
  472     629       1
  480     547       1
  482     697       1
  483     637       1
  484     588       1
  486     526       1
  487     526       1
  487     619       1
  489     508       1
  489     655       1
  490     522       1
  491     602       1
  491     632       1
  491     699       1
  493     695       1
  495     540       1
  495     648       1
  497     503       1
  499     541       1
  499     666       1
  501     678       1
  502     542       1
  502     695       1
  505     649       1
  506     608       1
  509     612       1
  510     511       1
  512     617       1
  515     566       1
  518     543       1
  520     564       1
  521     546       1
  522     687       1
  523     630       1
  523     641       1
  524     683       1
  529     596       1
  533     534       1
  538     571       1
  545     577       1
  547     590       1
  548     660       1
  549     680       1
  550     558       1
  553     698       1
  554     609       1
  555     691       1
  556     674       1
  561     575       1
  561     592       1
  562     655       1
  565     637       1
  566     695       1
  567     577       1
  569     696       1
  570     658       1
  572     686       1
  574     619       1
  575     604       1
  575     678       1
  578     675       1
  584     647       1
  585     694       1
  590     609       1
  591     683       1
  593     677       1
  594     670       1
  594     692       1
  598     689       1
  601     684       1
  602     656       1
  606     684       1
  623     686       1
  624     629       1
  627     661       1
  629     639       1
  640     650       1
  643     695       1
  644     690       1
  645     660       1
  680     682       1
  683     696       1
  694     698       1
