  300     353
    1     263       1
    1     267       1
    2       5       1
    3     147       1
    4     145       1
    5     166       1
    6     208       1
    7     198       1
    7     242       1
    8      25       1
    8     153       1
    8     163       1
    8     196       1
    8     254       1
    8     260       1
    9      45       1
   10      45       1
   10     102       1
   10     187       1
   10     211       1
   10     251       1
   11     175       1
   11     238       1
   11     300       1
   12     198       1
   13     166       1
   13     202       1
   14     172       1
   14     173       1
   14     284       1
   15     120       1
   16     101       1
   16     121       1
   17     270       1
   17     287       1
   18     296       1
   19      24       1
   19      60       1
   19     110       1
   20      46       1
   21     217       1
   22     198       1
   22     288       1
   23     277       1
   23     279       1
   24     147       1
   25      32       1
   25      91       1
   25     143       1
   25     166       1
   25     222       1
   25     258       1
   26     272       1
   26     284       1
   27      40       1
   27      61       1
   27     244       1
   28     119       1
   28     136       1
   29      92       1
   29      96       1
   29     259       1
   30      47       1
   30      82       1
   30     222       1
   30     225       1
   30     228       1
   31      73       1
   31     264       1
   32      39       1
   33      74       1
   34     126       1
   34     134       1
   35     111       1
   36     110       1
   36     225       1
   37      72       1
   37     126       1
   38     116       1
   38     160       1
   40     274       1
   41     153       1
   41     213       1
   42      59       1
   42     135       1
   43      82       1
   44     189       1
   45     187       1
   45     197       1
   46      68       1
   48     251       1
   49     107       1
   50     241       1
   51     114       1
   52      54       1
   52     175       1
   53      99       1
   53     122       1
   54      73       1
   54     105       1
   54     109       1
   54     236       1
   54     265       1
   55     201       1
   55     275       1
   55     295       1
   56      85       1
   57     218       1
   57     224       1
   57     252       1
   58     135       1
   58     160       1
   58     237       1
   59      70       1
   59     158       1
   59     296       1
   60      69       1
   60     116       1
   60     159       1
   60     260       1
   61      67       1
   62      68       1
   62      81       1
   62     107       1
   62     179       1
   62     211       1
   62     242       1
   62     267       1
   63      65       1
   64      99       1
   65     100       1
   65     157       1
   65     187       1
   66     112       1
   67     137       1
   67     235       1
   67     256       1
   67     270       1
   68     178       1
   70     104       1
   70     203       1
   71     141       1
   71     261       1
   72     195       1
   73     101       1
   73     158       1
   73     182       1
   73     201       1
   73     239       1
   74     200       1
   74     202       1
   74     255       1
   75     177       1
   75     257       1
   76     229       1
   77      81       1
   77     277       1
   78     166       1
   79     108       1
   79     110       1
   79     154       1
   80     161       1
   80     206       1
   81     213       1
   81     228       1
   83     227       1
   83     297       1
   84     109       1
   85     163       1
   85     201       1
   86     134       1
   87     176       1
   87     198       1
   88     111       1
   88     119       1
   88     189       1
   88     284       1
   89     256       1
   90     144       1
   90     169       1
   92     111       1
   92     226       1
   93     269       1
   93     272       1
   94     259       1
   95     287       1
   96     198       1
   96     216       1
   96     249       1
   97     179       1
   97     268       1
   98     186       1
   98     188       1
   98     283       1
   99     151       1
   99     160       1
   99     269       1
  100     227       1
  101     164       1
  102     155       1
  102     170       1
  102     273       1
  103     125       1
  105     289       1
  106     297       1
  107     204       1
  107     261       1
  107     271       1
  110     142       1
  110     175       1
  112     179       1
  112     209       1
  112     258       1
  113     160       1
  113     271       1
  114     150       1
  115     155       1
  115     204       1
  115     279       1
  116     194       1
  117     163       1
  117     190       1
  117     225       1
  118     264       1
  118     284       1
  118     291       1
  120     139       1
  120     231       1
  120     256       1
  121     200       1
  122     225       1
  123     220       1
  123     270       1
  124     194       1
  125     228       1
  127     156       1
  128     193       1
  128     295       1
  129     293       1
  130     175       1
  131     150       1
  131     186       1
  131     243       1
  132     200       1
  132     204       1
  132     253       1
  132     294       1
  133     220       1
  133     269       1
  134     183       1
  134     198       1
  134     284       1
  138     176       1
  138     205       1
  140     166       1
  140     229       1
  141     146       1
  141     265       1
  142     181       1
  142     230       1
  143     214       1
  144     245       1
  144     247       1
  145     155       1
  146     156       1
  146     187       1
  147     240       1
  148     266       1
  149     186       1
  149     225       1
  151     187       1
  151     188       1
  152     223       1
  152     234       1
  154     204       1
  157     285       1
  158     190       1
  159     198       1
  160     223       1
  160     290       1
  162     280       1
  164     195       1
  165     179       1
  167     235       1
  168     207       1
  169     207       1
  171     228       1
  171     263       1
  172     201       1
  172     293       1
  174     197       1
  175     179       1
  176     226       1
  177     183       1
  178     206       1
  178     240       1
  178     287       1
  179     201       1
  180     295       1
  182     276       1
  184     245       1
  185     193       1
  187     258       1
  191     300       1
  192     208       1
  192     280       1
  192     284       1
  193     205       1
  193     237       1
  199     233       1
  199     288       1
  200     201       1
  200     241       1
  201     262       1
  201     284       1
  202     272       1
  205     282       1
  207     224       1
  207     244       1
  207     274       1
  207     278       1
  208     268       1
  209     266       1
  210     251       1
  211     221       1
  212     269       1
  214     215       1
  214     229       1
  215     284       1
  215     298       1
  216     292       1
  217     271       1
  219     225       1
  226     245       1
  227     246       1
  232     238       1
  232     239       1
  233     286       1
  245     252       1
  245     263       1
  248     287       1
  250     264       1
  252     285       1
  254     299       1
  255     289       1
  256     257       1
  259     279       1
  260     261       1
  261     297       1
  262     284       1
  265     281       1
  270     284       1
  276     290       1
