  500     568
    1     213       1
    1     294       1
    1     305       1
    1     336       1
    2     145       1
    2     221       1
    3     147       1
    3     312       1
    4      72       1
    4     483       1
    5     413       1
    5     500       1
    6     287       1
    6     476       1
    7      36       1
    7     160       1
    7     318       1
    8     158       1
    8     338       1
    9     183       1
    9     227       1
    9     392       1
    9     418       1
    9     446       1
   10     348       1
   10     420       1
   11      39       1
   12     317       1
   13      41       1
   13     263       1
   13     393       1
   14     335       1
   15     127       1
   16     207       1
   16     282       1
   17     190       1
   17     415       1
   18     144       1
   18     214       1
   18     267       1
   18     390       1
   18     425       1
   19      21       1
   19     210       1
   19     271       1
   19     400       1
   19     403       1
   20     231       1
   20     416       1
   21     198       1
   21     277       1
   21     326       1
   21     327       1
   21     404       1
   22      45       1
   22      86       1
   23      49       1
   24      60       1
   24     347       1
   24     362       1
   24     448       1
   24     466       1
   25     445       1
   26      48       1
   27     324       1
   28      50       1
   28     249       1
   28     276       1
   28     443       1
   29     174       1
   29     313       1
   30     234       1
   30     273       1
   30     308       1
   30     412       1
   31     149       1
   32     327       1
   33      46       1
   33     281       1
   33     423       1
   34      43       1
   34      58       1
   34      72       1
   34      99       1
   34     151       1
   34     398       1
   34     494       1
   35     328       1
   36     141       1
   36     189       1
   36     223       1
   36     244       1
   36     437       1
   37     110       1
   37     182       1
   37     486       1
   38     466       1
   39     209       1
   39     328       1
   40      91       1
   40     206       1
   41     103       1
   41     140       1
   41     193       1
   42     227       1
   43     304       1
   43     419       1
   43     472       1
   44      54       1
   44     142       1
   44     197       1
   45      73       1
   45     197       1
   45     334       1
   45     358       1
   46     195       1
   47     182       1
   48     190       1
   48     326       1
   48     332       1
   48     347       1
   49     203       1
   49     244       1
   51      69       1
   51     130       1
   51     376       1
   52      84       1
   52     278       1
   53     360       1
   53     392       1
   54      83       1
   54     225       1
   55     395       1
   55     438       1
   56     167       1
   56     284       1
   57     448       1
   59      89       1
   59     112       1
   59     431       1
   61     399       1
   61     473       1
   62     227       1
   63     462       1
   64     115       1
   64     163       1
   64     190       1
   64     192       1
   64     285       1
   64     330       1
   64     498       1
   65      72       1
   66     372       1
   67     247       1
   67     315       1
   67     336       1
   67     393       1
   67     454       1
   67     459       1
   68     127       1
   68     414       1
   68     433       1
   70     167       1
   70     313       1
   70     407       1
   70     469       1
   71     115       1
   71     309       1
   72     150       1
   72     181       1
   72     204       1
   72     264       1
   74     241       1
   74     338       1
   74     351       1
   74     378       1
   74     475       1
   75     464       1
   76      93       1
   76     146       1
   76     183       1
   76     239       1
   76     252       1
   76     307       1
   76     384       1
   76     413       1
   76     454       1
   77     440       1
   77     473       1
   78     287       1
   78     421       1
   79     193       1
   79     233       1
   79     288       1
   79     335       1
   79     380       1
   79     432       1
   80     311       1
   80     466       1
   81     214       1
   81     236       1
   81     242       1
   82     324       1
   83     419       1
   84     428       1
   84     490       1
   85     356       1
   86     271       1
   87     224       1
   88     227       1
   89     390       1
   90     447       1
   91     277       1
   92     276       1
   92     412       1
   93     497       1
   94     190       1
   94     249       1
   94     334       1
   95     232       1
   95     316       1
   95     387       1
   95     417       1
   96     255       1
   96     328       1
   96     339       1
   96     439       1
   96     466       1
   97     186       1
   98     207       1
  100     409       1
  100     412       1
  101     124       1
  101     224       1
  101     430       1
  102     126       1
  103     116       1
  103     362       1
  103     449       1
  104     194       1
  104     443       1
  105     301       1
  105     467       1
  106     386       1
  106     470       1
  107     167       1
  108     278       1
  109     449       1
  109     490       1
  111     371       1
  113     163       1
  114     125       1
  115     117       1
  115     226       1
  115     450       1
  116     176       1
  116     389       1
  117     254       1
  118     325       1
  119     263       1
  120     341       1
  120     365       1
  120     498       1
  121     303       1
  121     340       1
  122     247       1
  123     297       1
  123     445       1
  125     398       1
  126     149       1
  127     241       1
  127     374       1
  128     185       1
  128     330       1
  129     143       1
  129     214       1
  129     260       1
  129     290       1
  129     355       1
  129     463       1
  130     299       1
  130     463       1
  131     149       1
  131     278       1
  132     369       1
  133     494       1
  134     283       1
  134     338       1
  135     388       1
  135     389       1
  136     145       1
  137     314       1
  138     182       1
  139     440       1
  143     319       1
  144     191       1
  144     379       1
  145     449       1
  147     275       1
  147     424       1
  148     236       1
  149     402       1
  152     414       1
  153     327       1
  154     234       1
  155     335       1
  155     462       1
  156     199       1
  157     227       1
  159     416       1
  161     291       1
  161     403       1
  162     222       1
  162     430       1
  163     209       1
  163     224       1
  163     246       1
  164     237       1
  165     235       1
  165     336       1
  166     415       1
  167     173       1
  167     326       1
  167     455       1
  168     181       1
  169     394       1
  170     406       1
  171     395       1
  172     447       1
  173     293       1
  175     219       1
  175     494       1
  176     331       1
  176     493       1
  177     427       1
  178     252       1
  178     373       1
  179     292       1
  180     382       1
  181     257       1
  182     488       1
  183     196       1
  183     350       1
  183     372       1
  183     461       1
  183     471       1
  184     260       1
  184     329       1
  184     460       1
  185     310       1
  186     449       1
  187     297       1
  188     445       1
  190     207       1
  190     220       1
  190     280       1
  190     464       1
  192     276       1
  194     367       1
  194     466       1
  195     401       1
  195     482       1
  197     402       1
  199     459       1
  200     374       1
  201     475       1
  202     266       1
  202     355       1
  203     210       1
  204     425       1
  205     428       1
  206     466       1
  207     321       1
  208     329       1
  208     402       1
  209     222       1
  209     473       1
  210     265       1
  210     376       1
  210     384       1
  211     408       1
  212     338       1
  212     467       1
  215     220       1
  216     219       1
  217     326       1
  217     371       1
  218     270       1
  218     333       1
  218     419       1
  219     275       1
  219     320       1
  219     467       1
  220     489       1
  222     375       1
  222     410       1
  224     301       1
  224     457       1
  225     249       1
  225     343       1
  227     302       1
  227     313       1
  227     337       1
  228     272       1
  228     363       1
  228     493       1
  229     305       1
  229     475       1
  230     387       1
  232     466       1
  234     498       1
  235     390       1
  236     432       1
  237     287       1
  237     335       1
  238     392       1
  240     335       1
  240     353       1
  240     369       1
  242     414       1
  243     425       1
  244     251       1
  244     403       1
  244     406       1
  245     277       1
  248     289       1
  249     432       1
  250     398       1
  250     414       1
  253     356       1
  255     324       1
  255     427       1
  255     499       1
  256     366       1
  256     435       1
  258     416       1
  259     293       1
  261     344       1
  262     382       1
  262     461       1
  262     465       1
  262     485       1
  264     451       1
  264     466       1
  265     316       1
  266     339       1
  266     456       1
  268     485       1
  269     304       1
  270     377       1
  271     356       1
  272     498       1
  273     314       1
  274     323       1
  274     329       1
  274     453       1
  274     454       1
  275     423       1
  276     398       1
  277     359       1
  278     416       1
  279     296       1
  286     326       1
  286     490       1
  286     495       1
  287     454       1
  289     325       1
  289     464       1
  291     454       1
  292     415       1
  293     338       1
  295     312       1
  295     345       1
  296     375       1
  298     334       1
  300     480       1
  303     442       1
  305     348       1
  306     307       1
  307     448       1
  307     465       1
  307     485       1
  308     472       1
  308     492       1
  309     330       1
  309     469       1
  311     415       1
  312     346       1
  312     467       1
  315     322       1
  316     327       1
  316     359       1
  317     401       1
  319     495       1
  324     448       1
  325     446       1
  326     390       1
  326     412       1
  326     447       1
  326     486       1
  330     394       1
  330     424       1
  334     449       1
  334     454       1
  335     406       1
  336     444       1
  337     338       1
  338     416       1
  340     494       1
  342     391       1
  344     441       1
  345     412       1
  347     381       1
  347     445       1
  347     494       1
  347     496       1
  349     392       1
  351     354       1
  352     425       1
  353     437       1
  357     495       1
  358     426       1
  361     431       1
  362     395       1
  362     452       1
  364     425       1
  365     478       1
  368     391       1
  368     454       1
  370     403       1
  372     422       1
  373     405       1
  373     456       1
  373     480       1
  381     463       1
  381     484       1
  383     464       1
  385     446       1
  389     470       1
  392     412       1
  392     414       1
  393     454       1
  393     479       1
  394     424       1
  396     424       1
  397     447       1
  401     406       1
  405     486       1
  406     420       1
  406     492       1
  408     424       1
  409     482       1
  411     461       1
  414     429       1
  415     491       1
  416     417       1
  416     441       1
  416     487       1
  422     454       1
  434     466       1
  435     469       1
  436     455       1
  454     468       1
  458     481       1
  463     483       1
  464     474       1
  475     477       1
  481     490       1
