   50      73
    1      10       1
    1      11       1
    1      32       1
    2       4       1
    2      15       1
    2      34       1
    3      30       1
    3      49       1
    5       7       1
    5      28       1
    5      40       1
    6      31       1
    6      37       1
    7       9       1
    7      11       1
    7      14       1
    7      25       1
    7      27       1
    8      17       1
    8      32       1
    8      39       1
    9      29       1
   10      24       1
   10      30       1
   11      26       1
   12      24       1
   12      32       1
   12      34       1
   12      45       1
   13      18       1
   13      20       1
   13      23       1
   13      43       1
   15      16       1
   15      30       1
   16      42       1
   16      50       1
   17      23       1
   17      28       1
   17      36       1
   17      38       1
   17      42       1
   19      22       1
   19      25       1
   19      32       1
   19      39       1
   19      41       1
   19      46       1
   19      48       1
   20      32       1
   20      36       1
   21      23       1
   21      47       1
   25      28       1
   25      40       1
   26      36       1
   27      40       1
   28      33       1
   28      45       1
   29      50       1
   30      39       1
   31      47       1
   33      34       1
   33      43       1
   33      44       1
   35      49       1
   37      42       1
   37      48       1
   38      45       1
   43      50       1
   44      45       1
   48      50       1
   49      50       1
