  800     886
    1     736       1
    2     207       1
    2     371       1
    3     568       1
    3     576       1
    3     625       1
    3     669       1
    4      28       1
    4     198       1
    4     296       1
    4     388       1
    4     660       1
    5     566       1
    6      88       1
    6     133       1
    6     231       1
    6     544       1
    6     637       1
    6     770       1
    7      45       1
    7      53       1
    7     600       1
    8     326       1
    8     337       1
    8     692       1
    8     754       1
    9     794       1
   10     278       1
   11     230       1
   11     389       1
   12     137       1
   13     736       1
   14     659       1
   14     727       1
   15      77       1
   16      28       1
   16     217       1
   17     208       1
   17     340       1
   17     717       1
   17     781       1
   18     443       1
   18     749       1
   19     255       1
   19     314       1
   19     368       1
   19     386       1
   20     128       1
   21      78       1
   21     658       1
   22     117       1
   22     746       1
   23     213       1
   23     225       1
   23     272       1
   23     384       1
   23     612       1
   23     624       1
   24     218       1
   24     234       1
   24     254       1
   24     734       1
   25      28       1
   25      34       1
   25     203       1
   26     138       1
   27     561       1
   28      95       1
   28     127       1
   28     138       1
   28     227       1
   28     281       1
   28     666       1
   29      38       1
   29     251       1
   30     364       1
   31     572       1
   32     453       1
   33     371       1
   33     747       1
   35     142       1
   35     528       1
   36     175       1
   37     275       1
   37     335       1
   38      62       1
   38     131       1
   39     109       1
   40      41       1
   40     330       1
   41     436       1
   41     649       1
   41     696       1
   41     726       1
   41     762       1
   42     393       1
   43     442       1
   44     165       1
   44     262       1
   44     280       1
   44     281       1
   44     568       1
   44     663       1
   44     772       1
   45     187       1
   45     263       1
   46     442       1
   47     214       1
   47     797       1
   48     338       1
   48     719       1
   49     373       1
   50     298       1
   50     644       1
   50     679       1
   51     213       1
   51     336       1
   51     504       1
   52     430       1
   54     314       1
   55     692       1
   56      95       1
   56     200       1
   56     720       1
   56     749       1
   56     784       1
   57     363       1
   58     125       1
   59      74       1
   59     139       1
   59     564       1
   59     693       1
   59     699       1
   59     745       1
   60     427       1
   60     614       1
   61     425       1
   61     603       1
   62     228       1
   62     253       1
   62     647       1
   63     226       1
   63     647       1
   64     486       1
   65     553       1
   65     697       1
   65     735       1
   65     740       1
   66     400       1
   66     495       1
   66     666       1
   67     534       1
   68     469       1
   69     149       1
   69     337       1
   70     330       1
   70     743       1
   71     363       1
   72     538       1
   73     351       1
   73     516       1
   74     450       1
   74     675       1
   75     600       1
   76     582       1
   76     700       1
   77      78       1
   77      88       1
   77     143       1
   77     150       1
   78     386       1
   78     798       1
   79     150       1
   80     179       1
   80     665       1
   81     176       1
   81     211       1
   82     514       1
   82     749       1
   83     784       1
   84     282       1
   84     451       1
   84     456       1
   84     680       1
   85     680       1
   86     476       1
   86     490       1
   86     598       1
   87     189       1
   88     502       1
   88     705       1
   89     161       1
   90     582       1
   91     239       1
   91     791       1
   92     208       1
   92     219       1
   92     239       1
   92     319       1
   92     515       1
   92     543       1
   93     193       1
   93     484       1
   94     157       1
   94     581       1
   95     236       1
   95     242       1
   95     359       1
   95     555       1
   95     702       1
   96     125       1
   96     231       1
   96     735       1
   97     108       1
   97     132       1
   98     629       1
   99     773       1
  100     499       1
  100     589       1
  100     736       1
  101     402       1
  102     709       1
  103     276       1
  104     376       1
  104     682       1
  105     492       1
  106     510       1
  106     562       1
  107     241       1
  107     257       1
  107     498       1
  108     731       1
  108     737       1
  108     775       1
  109     216       1
  109     367       1
  109     502       1
  109     548       1
  110     185       1
  111     371       1
  111     704       1
  111     723       1
  111     782       1
  112     532       1
  113     137       1
  114     252       1
  115     337       1
  115     451       1
  115     492       1
  115     529       1
  116     262       1
  116     475       1
  117     464       1
  118     794       1
  119     147       1
  119     344       1
  119     366       1
  119     561       1
  119     614       1
  119     775       1
  120     393       1
  121     155       1
  121     645       1
  122     134       1
  123     226       1
  124     166       1
  124     291       1
  125     713       1
  125     767       1
  125     782       1
  126     296       1
  126     408       1
  126     522       1
  126     628       1
  127     195       1
  127     441       1
  127     634       1
  128     455       1
  128     497       1
  128     524       1
  128     666       1
  129     211       1
  130     359       1
  131     313       1
  132     691       1
  132     752       1
  133     199       1
  133     334       1
  134     251       1
  135     497       1
  135     643       1
  136     548       1
  137     449       1
  137     680       1
  138     270       1
  138     389       1
  138     393       1
  139     322       1
  139     345       1
  140     679       1
  141     710       1
  141     727       1
  142     575       1
  144     448       1
  144     772       1
  145     278       1
  145     401       1
  146     262       1
  148     325       1
  150     312       1
  151     284       1
  152     341       1
  152     481       1
  152     488       1
  152     598       1
  152     719       1
  153     645       1
  153     782       1
  154     601       1
  156     594       1
  156     696       1
  157     227       1
  157     484       1
  157     588       1
  158     328       1
  159     724       1
  160     247       1
  160     382       1
  160     543       1
  160     736       1
  161     164       1
  161     269       1
  162     783       1
  163     178       1
  163     606       1
  165     483       1
  165     623       1
  166     745       1
  167     372       1
  167     465       1
  167     572       1
  167     763       1
  168     212       1
  168     391       1
  168     690       1
  169     176       1
  169     367       1
  169     584       1
  170     249       1
  170     350       1
  170     703       1
  171     647       1
  172     277       1
  172     346       1
  172     366       1
  172     648       1
  173     521       1
  173     590       1
  174     325       1
  174     667       1
  175     328       1
  175     674       1
  176     641       1
  177     313       1
  178     228       1
  178     552       1
  178     587       1
  178     741       1
  179     341       1
  180     572       1
  181     744       1
  182     269       1
  183     753       1
  183     784       1
  184     377       1
  184     384       1
  184     571       1
  184     596       1
  185     442       1
  185     670       1
  186     261       1
  186     555       1
  186     557       1
  187     280       1
  187     792       1
  188     791       1
  189     298       1
  189     656       1
  190     212       1
  190     266       1
  191     359       1
  192     742       1
  194     261       1
  196     694       1
  197     494       1
  197     699       1
  198     474       1
  198     678       1
  201     483       1
  202     500       1
  204     609       1
  204     671       1
  205     235       1
  206     666       1
  206     735       1
  209     436       1
  210     437       1
  212     455       1
  212     777       1
  213     327       1
  213     380       1
  213     383       1
  213     579       1
  214     308       1
  214     556       1
  214     590       1
  215     672       1
  216     286       1
  219     530       1
  220     279       1
  220     288       1
  220     310       1
  221     370       1
  222     298       1
  222     725       1
  223     550       1
  223     624       1
  224     306       1
  224     640       1
  225     363       1
  225     798       1
  226     652       1
  227     250       1
  227     322       1
  227     523       1
  227     765       1
  228     244       1
  228     282       1
  228     667       1
  228     699       1
  229     622       1
  230     382       1
  230     461       1
  231     289       1
  232     324       1
  232     421       1
  233     526       1
  233     791       1
  234     261       1
  235     568       1
  236     567       1
  236     750       1
  237     473       1
  237     509       1
  238     297       1
  238     536       1
  238     605       1
  239     631       1
  240     464       1
  240     469       1
  240     701       1
  243     325       1
  243     563       1
  244     315       1
  244     432       1
  244     543       1
  244     747       1
  245     295       1
  245     537       1
  246     339       1
  246     364       1
  246     402       1
  246     417       1
  246     587       1
  246     669       1
  246     766       1
  248     328       1
  248     469       1
  248     496       1
  251     630       1
  251     672       1
  251     739       1
  252     317       1
  252     351       1
  252     798       1
  254     531       1
  255     757       1
  256     512       1
  257     287       1
  257     376       1
  257     435       1
  257     453       1
  257     473       1
  257     627       1
  257     799       1
  258     340       1
  258     392       1
  259     380       1
  260     428       1
  261     319       1
  262     278       1
  262     381       1
  262     528       1
  262     703       1
  264     407       1
  265     793       1
  267     631       1
  268     445       1
  268     527       1
  269     543       1
  269     574       1
  269     677       1
  270     689       1
  271     332       1
  271     608       1
  272     684       1
  273     582       1
  274     454       1
  276     406       1
  276     554       1
  277     784       1
  280     463       1
  281     290       1
  281     360       1
  281     363       1
  281     471       1
  281     570       1
  281     573       1
  282     418       1
  282     470       1
  282     595       1
  282     655       1
  283     438       1
  283     642       1
  284     371       1
  284     590       1
  285     623       1
  286     297       1
  286     301       1
  286     708       1
  287     700       1
  288     364       1
  288     624       1
  289     437       1
  289     453       1
  290     365       1
  290     489       1
  291     329       1
  291     445       1
  291     738       1
  292     364       1
  293     295       1
  293     395       1
  294     423       1
  295     453       1
  296     458       1
  296     774       1
  298     509       1
  298     517       1
  298     569       1
  299     725       1
  300     319       1
  300     423       1
  301     369       1
  301     645       1
  302     316       1
  302     424       1
  302     578       1
  303     422       1
  303     572       1
  303     709       1
  304     430       1
  305     380       1
  305     467       1
  305     615       1
  306     460       1
  306     769       1
  307     614       1
  308     698       1
  308     748       1
  309     318       1
  311     462       1
  311     772       1
  312     508       1
  313     382       1
  314     569       1
  316     439       1
  316     542       1
  317     427       1
  317     687       1
  318     745       1
  319     668       1
  320     662       1
  320     712       1
  320     718       1
  321     781       1
  323     445       1
  324     607       1
  325     379       1
  325     639       1
  326     549       1
  326     756       1
  326     790       1
  328     406       1
  328     412       1
  328     666       1
  329     390       1
  330     358       1
  330     404       1
  331     562       1
  332     473       1
  332     569       1
  333     536       1
  333     785       1
  335     373       1
  335     496       1
  337     532       1
  337     686       1
  337     773       1
  337     775       1
  341     757       1
  342     548       1
  343     626       1
  345     459       1
  347     415       1
  347     434       1
  348     649       1
  349     589       1
  350     351       1
  351     425       1
  351     572       1
  352     482       1
  353     394       1
  353     416       1
  354     618       1
  354     675       1
  355     719       1
  356     770       1
  357     382       1
  358     793       1
  359     392       1
  359     466       1
  359     499       1
  359     638       1
  361     626       1
  361     664       1
  362     393       1
  363     449       1
  363     662       1
  363     775       1
  363     781       1
  364     715       1
  365     403       1
  365     690       1
  365     744       1
  366     526       1
  367     569       1
  368     601       1
  369     451       1
  369     651       1
  369     695       1
  370     533       1
  370     538       1
  370     679       1
  371     506       1
  371     518       1
  371     539       1
  374     471       1
  375     460       1
  375     565       1
  376     545       1
  378     677       1
  381     546       1
  383     538       1
  384     599       1
  384     755       1
  385     418       1
  385     493       1
  386     421       1
  386     787       1
  387     695       1
  391     507       1
  391     570       1
  391     593       1
  391     614       1
  392     636       1
  394     467       1
  394     468       1
  394     565       1
  394     704       1
  394     719       1
  396     516       1
  396     794       1
  397     432       1
  398     563       1
  399     594       1
  402     771       1
  404     440       1
  404     597       1
  405     513       1
  405     747       1
  406     501       1
  407     566       1
  407     573       1
  409     572       1
  410     457       1
  411     542       1
  412     490       1
  412     730       1
  413     525       1
  413     699       1
  414     491       1
  414     572       1
  416     451       1
  417     457       1
  418     726       1
  419     569       1
  419     609       1
  420     577       1
  420     772       1
  422     653       1
  424     438       1
  424     503       1
  424     541       1
  424     570       1
  425     714       1
  425     780       1
  426     500       1
  426     542       1
  427     699       1
  428     480       1
  429     645       1
  430     454       1
  430     487       1
  430     673       1
  431     518       1
  431     586       1
  433     683       1
  433     758       1
  434     566       1
  435     790       1
  437     769       1
  442     729       1
  444     729       1
  444     775       1
  445     619       1
  445     660       1
  446     599       1
  446     695       1
  447     501       1
  448     541       1
  452     504       1
  453     778       1
  454     706       1
  455     628       1
  455     748       1
  455     785       1
  458     554       1
  459     631       1
  461     540       1
  470     547       1
  472     780       1
  473     476       1
  473     699       1
  473     743       1
  476     478       1
  477     565       1
  479     644       1
  480     663       1
  482     680       1
  485     574       1
  486     585       1
  486     783       1
  486     798       1
  487     569       1
  487     646       1
  487     700       1
  489     582       1
  493     756       1
  494     726       1
  499     611       1
  500     732       1
  502     613       1
  502     776       1
  505     613       1
  505     672       1
  511     548       1
  511     676       1
  512     535       1
  514     537       1
  514     590       1
  517     758       1
  519     536       1
  519     548       1
  520     561       1
  523     786       1
  523     794       1
  525     680       1
  528     629       1
  534     755       1
  535     549       1
  537     669       1
  539     632       1
  542     626       1
  542     719       1
  543     570       1
  543     603       1
  543     617       1
  547     554       1
  547     639       1
  551     640       1
  551     686       1
  553     616       1
  558     692       1
  559     735       1
  559     768       1
  560     648       1
  560     707       1
  562     572       1
  562     602       1
  562     796       1
  563     797       1
  565     711       1
  569     633       1
  569     775       1
  571     681       1
  573     610       1
  580     624       1
  583     792       1
  585     788       1
  587     637       1
  588     746       1
  591     689       1
  592     728       1
  596     597       1
  603     716       1
  604     649       1
  604     653       1
  604     729       1
  605     628       1
  607     679       1
  612     685       1
  612     766       1
  614     635       1
  620     782       1
  620     787       1
  621     680       1
  622     792       1
  624     638       1
  624     640       1
  627     789       1
  628     775       1
  629     736       1
  630     661       1
  631     659       1
  632     650       1
  634     764       1
  637     779       1
  640     724       1
  643     683       1
  644     761       1
  645     751       1
  647     651       1
  650     800       1
  654     669       1
  656     710       1
  657     714       1
  667     689       1
  688     711       1
  694     695       1
  695     773       1
  699     721       1
  699     775       1
  704     742       1
  710     713       1
  719     779       1
  719     798       1
  720     772       1
  722     749       1
  728     741       1
  733     784       1
  759     784       1
  760     768       1
  762     772       1
  765     795       1
  769     785       1
