  600     674
    1     184       1
    1     201       1
    1     439       1
    2     159       1
    2     229       1
    2     471       1
    2     502       1
    2     508       1
    3     179       1
    4     119       1
    4     161       1
    5     164       1
    6     141       1
    6     162       1
    6     550       1
    6     596       1
    7      15       1
    7     274       1
    7     508       1
    8     232       1
    8     429       1
    8     482       1
    9      99       1
    9     217       1
    9     479       1
    9     528       1
   10     164       1
   11     170       1
   11     179       1
   11     342       1
   11     449       1
   11     586       1
   12     166       1
   12     168       1
   12     255       1
   12     360       1
   13      51       1
   13     168       1
   14     581       1
   15      37       1
   15     167       1
   15     214       1
   15     480       1
   16      58       1
   16     555       1
   16     557       1
   17      95       1
   17     269       1
   17     507       1
   18     349       1
   18     425       1
   19     135       1
   19     160       1
   19     500       1
   19     559       1
   20     256       1
   21     150       1
   21     308       1
   22      97       1
   23     238       1
   24     391       1
   24     411       1
   24     487       1
   25      41       1
   25     444       1
   26     178       1
   27     154       1
   28      78       1
   28     246       1
   28     470       1
   29      61       1
   29     128       1
   30      75       1
   30      91       1
   30     308       1
   31     241       1
   31     367       1
   31     402       1
   31     442       1
   32     149       1
   32     303       1
   32     318       1
   32     397       1
   33     471       1
   33     498       1
   34     174       1
   34     254       1
   34     279       1
   35     159       1
   36      94       1
   36     366       1
   38     180       1
   39     114       1
   40     400       1
   41      55       1
   41     190       1
   41     422       1
   42     119       1
   43     307       1
   44     502       1
   45      74       1
   45     159       1
   45     329       1
   45     330       1
   45     354       1
   45     379       1
   46     192       1
   47     116       1
   47     232       1
   47     342       1
   48     321       1
   48     465       1
   49     182       1
   50      71       1
   50     285       1
   50     308       1
   52     516       1
   53     598       1
   54     593       1
   55      89       1
   55     138       1
   56     590       1
   57     441       1
   58     382       1
   59     241       1
   60      84       1
   60     277       1
   61     435       1
   62     119       1
   62     570       1
   63     186       1
   63     241       1
   63     322       1
   63     325       1
   63     339       1
   63     496       1
   63     582       1
   64      91       1
   64     372       1
   65     250       1
   66     101       1
   66     386       1
   67     441       1
   68     540       1
   69     339       1
   70     119       1
   70     410       1
   71     304       1
   71     319       1
   71     461       1
   71     475       1
   72     352       1
   72     530       1
   73      80       1
   73     441       1
   74     282       1
   75     257       1
   76      80       1
   76     179       1
   76     353       1
   76     387       1
   76     450       1
   76     516       1
   77     377       1
   78     115       1
   79     473       1
   80     357       1
   81     527       1
   81     545       1
   82     273       1
   82     451       1
   82     475       1
   83     197       1
   83     496       1
   84     379       1
   85     225       1
   85     544       1
   86     533       1
   87     407       1
   87     593       1
   88     249       1
   89     581       1
   90     298       1
   91     119       1
   91     179       1
   91     186       1
   91     294       1
   91     485       1
   92     265       1
   93     164       1
   93     277       1
   93     504       1
   96     102       1
   96     245       1
   97     275       1
   97     309       1
   97     483       1
   98     390       1
   98     436       1
  100     399       1
  101     175       1
  101     434       1
  101     545       1
  102     335       1
  102     388       1
  102     395       1
  102     547       1
  103     397       1
  103     412       1
  104     278       1
  104     535       1
  105     268       1
  106     370       1
  107     397       1
  108     165       1
  108     234       1
  108     491       1
  109     134       1
  109     533       1
  110     375       1
  110     473       1
  111     114       1
  111     121       1
  111     311       1
  111     317       1
  111     369       1
  112     327       1
  112     383       1
  113     201       1
  113     219       1
  113     239       1
  113     385       1
  113     569       1
  115     545       1
  116     187       1
  116     222       1
  116     351       1
  117     228       1
  117     260       1
  117     480       1
  117     574       1
  118     135       1
  118     573       1
  119     188       1
  119     199       1
  119     361       1
  119     478       1
  119     583       1
  120     148       1
  121     544       1
  121     546       1
  122     304       1
  123     275       1
  123     430       1
  124     295       1
  124     584       1
  125     433       1
  126     356       1
  127     205       1
  127     234       1
  128     170       1
  128     276       1
  128     300       1
  128     559       1
  128     582       1
  129     142       1
  129     347       1
  129     519       1
  129     595       1
  130     163       1
  130     549       1
  131     477       1
  132     401       1
  132     432       1
  133     333       1
  133     397       1
  133     499       1
  134     283       1
  134     338       1
  135     167       1
  135     190       1
  135     238       1
  136     320       1
  136     328       1
  137     492       1
  139     244       1
  139     303       1
  140     183       1
  140     456       1
  141     174       1
  141     186       1
  141     250       1
  141     465       1
  141     530       1
  142     582       1
  143     168       1
  144     566       1
  145     234       1
  145     310       1
  145     392       1
  146     490       1
  147     413       1
  147     464       1
  148     545       1
  151     185       1
  151     214       1
  152     196       1
  152     536       1
  153     317       1
  153     586       1
  154     156       1
  154     485       1
  154     539       1
  155     241       1
  155     578       1
  157     167       1
  157     181       1
  158     159       1
  158     383       1
  158     529       1
  159     221       1
  159     403       1
  160     346       1
  160     460       1
  160     556       1
  161     173       1
  163     481       1
  163     571       1
  164     241       1
  164     323       1
  164     377       1
  164     427       1
  164     509       1
  165     193       1
  165     222       1
  165     506       1
  165     591       1
  166     246       1
  167     512       1
  167     587       1
  168     301       1
  168     377       1
  169     261       1
  170     366       1
  171     248       1
  172     210       1
  172     310       1
  174     209       1
  174     464       1
  175     290       1
  176     246       1
  177     262       1
  178     524       1
  178     560       1
  180     216       1
  180     256       1
  180     324       1
  180     465       1
  180     577       1
  181     235       1
  181     464       1
  182     327       1
  182     580       1
  182     599       1
  184     325       1
  184     542       1
  184     585       1
  185     215       1
  185     222       1
  185     512       1
  186     213       1
  186     440       1
  186     498       1
  186     581       1
  187     584       1
  189     274       1
  190     269       1
  190     314       1
  190     421       1
  190     547       1
  191     319       1
  191     482       1
  192     509       1
  194     489       1
  195     254       1
  195     262       1
  195     348       1
  196     220       1
  196     223       1
  196     325       1
  198     317       1
  199     380       1
  199     404       1
  199     540       1
  199     571       1
  200     242       1
  200     434       1
  202     279       1
  202     501       1
  202     503       1
  203     490       1
  204     390       1
  206     467       1
  207     388       1
  208     560       1
  210     369       1
  211     512       1
  212     396       1
  214     514       1
  215     394       1
  215     571       1
  217     258       1
  217     384       1
  217     446       1
  217     575       1
  217     576       1
  218     364       1
  218     390       1
  224     427       1
  224     448       1
  226     241       1
  226     252       1
  227     353       1
  228     297       1
  229     484       1
  229     564       1
  230     509       1
  231     280       1
  232     594       1
  233     396       1
  233     572       1
  234     241       1
  234     359       1
  234     370       1
  234     406       1
  234     542       1
  234     558       1
  236     455       1
  237     458       1
  237     596       1
  238     524       1
  239     451       1
  239     489       1
  240     253       1
  241     287       1
  241     305       1
  241     523       1
  241     533       1
  242     538       1
  243     391       1
  244     327       1
  245     554       1
  247     272       1
  247     375       1
  248     439       1
  248     484       1
  249     588       1
  251     386       1
  251     408       1
  253     473       1
  254     270       1
  254     286       1
  255     418       1
  259     461       1
  259     581       1
  261     332       1
  261     490       1
  263     293       1
  264     425       1
  264     505       1
  265     325       1
  265     531       1
  266     373       1
  267     277       1
  267     431       1
  268     282       1
  268     495       1
  269     405       1
  269     443       1
  271     300       1
  271     598       1
  272     415       1
  272     476       1
  272     496       1
  273     484       1
  274     486       1
  274     541       1
  274     592       1
  275     314       1
  275     495       1
  275     517       1
  275     566       1
  276     522       1
  277     343       1
  277     565       1
  278     297       1
  278     366       1
  278     425       1
  278     477       1
  278     496       1
  278     531       1
  278     569       1
  280     345       1
  281     399       1
  281     579       1
  282     537       1
  284     592       1
  287     456       1
  287     567       1
  288     555       1
  289     513       1
  291     333       1
  292     350       1
  293     479       1
  293     536       1
  295     307       1
  295     508       1
  296     485       1
  298     372       1
  299     346       1
  299     371       1
  302     403       1
  304     306       1
  306     337       1
  307     532       1
  308     315       1
  310     331       1
  310     368       1
  310     592       1
  312     476       1
  312     540       1
  313     367       1
  314     355       1
  314     490       1
  314     582       1
  315     511       1
  316     455       1
  317     542       1
  319     521       1
  320     415       1
  322     346       1
  322     468       1
  326     396       1
  326     417       1
  327     376       1
  329     390       1
  329     420       1
  329     432       1
  329     563       1
  330     493       1
  330     549       1
  332     459       1
  332     474       1
  334     490       1
  336     396       1
  336     409       1
  337     401       1
  340     464       1
  341     342       1
  341     388       1
  342     348       1
  344     468       1
  345     391       1
  345     398       1
  345     435       1
  347     376       1
  348     560       1
  350     407       1
  353     438       1
  356     365       1
  356     496       1
  356     508       1
  356     528       1
  358     485       1
  362     516       1
  363     596       1
  364     422       1
  366     546       1
  367     378       1
  368     419       1
  368     440       1
  369     482       1
  369     588       1
  373     563       1
  374     562       1
  376     462       1
  376     583       1
  377     492       1
  377     562       1
  378     541       1
  381     483       1
  382     473       1
  383     450       1
  383     453       1
  387     431       1
  389     590       1
  390     441       1
  391     426       1
  391     499       1
  391     561       1
  391     599       1
  393     450       1
  393     563       1
  394     437       1
  394     518       1
  395     400       1
  396     457       1
  396     581       1
  397     552       1
  399     547       1
  399     550       1
  400     489       1
  401     558       1
  402     536       1
  403     568       1
  404     596       1
  406     510       1
  407     445       1
  407     485       1
  407     513       1
  412     569       1
  414     536       1
  415     548       1
  415     562       1
  416     425       1
  418     484       1
  419     488       1
  421     504       1
  421     544       1
  423     567       1
  424     450       1
  424     538       1
  428     592       1
  432     562       1
  433     587       1
  435     571       1
  436     521       1
  437     473       1
  438     463       1
  441     497       1
  441     593       1
  447     459       1
  451     494       1
  452     536       1
  454     495       1
  455     490       1
  455     589       1
  457     600       1
  463     488       1
  464     467       1
  466     586       1
  467     508       1
  467     515       1
  469     516       1
  469     570       1
  472     508       1
  473     583       1
  483     534       1
  488     508       1
  490     543       1
  496     499       1
  502     587       1
  509     521       1
  520     542       1
  525     544       1
  526     534       1
  530     553       1
  537     540       1
  544     551       1
  545     569       1
  545     588       1
  548     597       1
  557     590       1
  582     590       1
