  700     780
    1     193       1
    2     166       1
    2     310       1
    2     525       1
    3      94       1
    4     204       1
    4     652       1
    5     352       1
    5     408       1
    5     438       1
    5     493       1
    6     147       1
    7      34       1
    7     618       1
    8     627       1
    9     369       1
   10     152       1
   11      60       1
   12     124       1
   13     336       1
   14     616       1
   14     624       1
   15     216       1
   15     500       1
   16     163       1
   17     358       1
   18     664       1
   19     354       1
   20     139       1
   20     147       1
   20     268       1
   20     510       1
   21      25       1
   21      48       1
   21     552       1
   22     661       1
   23      59       1
   23     428       1
   23     482       1
   23     559       1
   24      34       1
   24     302       1
   24     377       1
   24     397       1
   25     239       1
   25     399       1
   25     408       1
   25     566       1
   26     279       1
   26     292       1
   27      60       1
   27     402       1
   27     657       1
   27     687       1
   28     410       1
   29      38       1
   29     256       1
   29     583       1
   30     220       1
   30     249       1
   30     638       1
   31     444       1
   31     614       1
   32     131       1
   33      62       1
   34     224       1
   34     570       1
   34     594       1
   35     245       1
   35     316       1
   35     691       1
   36     115       1
   36     576       1
   36     695       1
   37     377       1
   38     270       1
   39     548       1
   39     574       1
   40     195       1
   40     398       1
   41      68       1
   41     583       1
   42     128       1
   42     180       1
   42     556       1
   42     587       1
   42     681       1
   42     700       1
   43     106       1
   44     275       1
   45     264       1
   46     619       1
   47      50       1
   47     383       1
   47     575       1
   49     259       1
   49     288       1
   50     289       1
   50     423       1
   50     445       1
   50     481       1
   50     491       1
   50     550       1
   51     214       1
   51     426       1
   51     593       1
   52     264       1
   53     427       1
   54     287       1
   54     518       1
   55     555       1
   56     639       1
   57     295       1
   57     366       1
   58     661       1
   59     354       1
   60     282       1
   60     329       1
   60     610       1
   60     663       1
   60     685       1
   61     691       1
   62     189       1
   62     331       1
   63     426       1
   63     435       1
   63     562       1
   64     286       1
   65     169       1
   66     345       1
   66     475       1
   67     132       1
   67     173       1
   67     293       1
   67     314       1
   67     381       1
   69     132       1
   69     431       1
   69     437       1
   69     533       1
   70     326       1
   70     433       1
   71     334       1
   71     376       1
   72     546       1
   73     234       1
   73     250       1
   73     403       1
   74     251       1
   74     514       1
   75     305       1
   75     476       1
   76     182       1
   76     692       1
   77     112       1
   78     442       1
   79     433       1
   80     160       1
   81      91       1
   82     255       1
   83     537       1
   84     107       1
   84     261       1
   84     290       1
   84     340       1
   84     408       1
   84     443       1
   84     473       1
   85     263       1
   85     330       1
   85     356       1
   85     550       1
   85     567       1
   85     650       1
   85     670       1
   86     161       1
   86     380       1
   87     343       1
   88     111       1
   89     614       1
   90     219       1
   90     498       1
   90     539       1
   91     108       1
   91     112       1
   91     185       1
   92      93       1
   92     347       1
   92     678       1
   93     211       1
   94     249       1
   94     617       1
   95     132       1
   95     545       1
   96     381       1
   97     284       1
   98     136       1
   99     445       1
  100     141       1
  100     408       1
  101     128       1
  101     291       1
  102     392       1
  103     524       1
  103     637       1
  104     142       1
  104     199       1
  104     405       1
  104     520       1
  104     683       1
  105     348       1
  106     271       1
  106     318       1
  107     497       1
  109     179       1
  110     602       1
  111     342       1
  111     343       1
  111     631       1
  113     118       1
  113     187       1
  113     380       1
  113     509       1
  114     166       1
  114     176       1
  115     373       1
  116     198       1
  117     135       1
  117     181       1
  117     460       1
  118     260       1
  118     488       1
  118     558       1
  118     606       1
  119     364       1
  119     503       1
  119     537       1
  120     425       1
  120     650       1
  121     145       1
  122     151       1
  122     489       1
  123     423       1
  124     612       1
  124     672       1
  125     639       1
  126     636       1
  127     337       1
  128     280       1
  128     333       1
  129     639       1
  130     370       1
  131     194       1
  132     162       1
  132     253       1
  132     402       1
  132     488       1
  132     590       1
  132     610       1
  133     185       1
  133     569       1
  134     270       1
  135     199       1
  135     346       1
  135     384       1
  135     598       1
  136     261       1
  136     348       1
  137     444       1
  138     458       1
  138     556       1
  139     237       1
  139     345       1
  140     205       1
  143     639       1
  144     629       1
  145     178       1
  145     297       1
  146     203       1
  146     266       1
  148     364       1
  149     455       1
  150     658       1
  151     378       1
  151     580       1
  151     690       1
  152     379       1
  152     498       1
  153     164       1
  153     298       1
  153     402       1
  153     472       1
  153     507       1
  154     162       1
  154     338       1
  154     517       1
  155     250       1
  155     489       1
  155     630       1
  156     162       1
  156     467       1
  157     318       1
  158     230       1
  158     415       1
  159     515       1
  160     298       1
  160     395       1
  160     533       1
  160     619       1
  161     405       1
  161     472       1
  161     504       1
  161     532       1
  162     233       1
  162     302       1
  162     435       1
  162     696       1
  163     298       1
  164     462       1
  165     558       1
  166     308       1
  166     591       1
  167     241       1
  167     550       1
  168     573       1
  168     621       1
  169     270       1
  169     309       1
  169     347       1
  170     434       1
  170     541       1
  171     565       1
  171     571       1
  172     215       1
  172     526       1
  172     549       1
  173     303       1
  174     208       1
  175     330       1
  177     486       1
  178     393       1
  178     412       1
  178     435       1
  178     505       1
  179     302       1
  181     210       1
  181     440       1
  183     342       1
  183     466       1
  183     570       1
  184     308       1
  184     446       1
  185     369       1
  186     191       1
  188     219       1
  190     273       1
  190     598       1
  191     331       1
  191     402       1
  191     598       1
  191     639       1
  191     640       1
  191     652       1
  191     665       1
  192     473       1
  193     457       1
  193     691       1
  194     217       1
  194     488       1
  195     222       1
  196     297       1
  197     651       1
  198     300       1
  200     300       1
  200     592       1
  201     236       1
  202     440       1
  203     573       1
  204     218       1
  204     620       1
  204     698       1
  205     461       1
  206     349       1
  206     389       1
  207     415       1
  208     368       1
  208     402       1
  208     422       1
  208     476       1
  208     577       1
  209     246       1
  209     392       1
  210     257       1
  210     340       1
  210     677       1
  212     685       1
  213     362       1
  215     284       1
  215     404       1
  216     493       1
  216     697       1
  219     343       1
  219     659       1
  221     355       1
  222     285       1
  223     457       1
  223     641       1
  224     451       1
  224     482       1
  224     583       1
  225     661       1
  226     383       1
  226     474       1
  226     668       1
  227     549       1
  227     670       1
  228     572       1
  228     622       1
  228     626       1
  229     293       1
  229     515       1
  229     574       1
  229     632       1
  231     266       1
  232     372       1
  234     241       1
  234     662       1
  235     516       1
  235     531       1
  236     507       1
  237     272       1
  237     506       1
  237     582       1
  238     424       1
  238     500       1
  239     503       1
  240     402       1
  242     362       1
  242     482       1
  242     679       1
  243     487       1
  244     441       1
  244     599       1
  244     638       1
  246     267       1
  246     385       1
  246     394       1
  246     442       1
  246     642       1
  247     297       1
  247     554       1
  247     683       1
  248     477       1
  248     665       1
  249     507       1
  250     277       1
  250     453       1
  250     511       1
  250     691       1
  251     529       1
  252     336       1
  253     276       1
  253     321       1
  253     359       1
  253     426       1
  254     349       1
  254     408       1
  255     536       1
  258     453       1
  259     458       1
  259     628       1
  261     287       1
  262     492       1
  264     341       1
  264     523       1
  265     631       1
  266     332       1
  267     322       1
  267     342       1
  268     539       1
  268     667       1
  269     391       1
  269     604       1
  270     414       1
  270     439       1
  271     506       1
  272     475       1
  273     407       1
  274     325       1
  274     492       1
  275     294       1
  275     454       1
  275     491       1
  276     542       1
  277     459       1
  278     642       1
  280     398       1
  281     357       1
  281     379       1
  281     435       1
  283     535       1
  284     339       1
  286     479       1
  287     512       1
  288     648       1
  289     367       1
  289     417       1
  292     463       1
  293     536       1
  293     689       1
  295     452       1
  296     445       1
  298     317       1
  298     369       1
  298     407       1
  298     425       1
  299     358       1
  299     375       1
  301     535       1
  304     417       1
  304     439       1
  304     482       1
  305     474       1
  305     698       1
  306     421       1
  307     511       1
  309     591       1
  310     322       1
  311     479       1
  312     380       1
  312     690       1
  313     698       1
  314     458       1
  314     624       1
  315     409       1
  315     441       1
  316     357       1
  316     486       1
  316     575       1
  317     580       1
  318     385       1
  318     508       1
  319     398       1
  320     330       1
  323     591       1
  324     542       1
  325     496       1
  326     390       1
  326     695       1
  327     365       1
  327     540       1
  327     597       1
  328     394       1
  330     344       1
  331     430       1
  331     686       1
  332     402       1
  332     629       1
  335     451       1
  336     425       1
  336     529       1
  337     476       1
  338     481       1
  340     428       1
  340     488       1
  340     650       1
  341     401       1
  343     623       1
  344     480       1
  344     523       1
  344     546       1
  344     624       1
  347     492       1
  347     546       1
  347     602       1
  347     623       1
  348     653       1
  348     661       1
  350     563       1
  351     688       1
  353     533       1
  354     658       1
  355     600       1
  357     538       1
  359     453       1
  359     495       1
  359     521       1
  360     673       1
  360     684       1
  361     696       1
  362     568       1
  362     633       1
  363     426       1
  365     410       1
  365     507       1
  368     578       1
  370     483       1
  371     417       1
  371     418       1
  371     485       1
  371     507       1
  372     668       1
  374     453       1
  375     599       1
  376     379       1
  380     674       1
  381     388       1
  382     413       1
  382     629       1
  384     522       1
  385     398       1
  385     538       1
  386     674       1
  387     674       1
  388     651       1
  389     432       1
  389     580       1
  389     656       1
  393     606       1
  396     604       1
  398     476       1
  400     659       1
  402     450       1
  404     449       1
  405     573       1
  405     694       1
  406     610       1
  406     669       1
  407     631       1
  407     635       1
  408     452       1
  408     681       1
  408     688       1
  411     594       1
  414     557       1
  415     651       1
  416     541       1
  419     472       1
  420     589       1
  421     623       1
  422     447       1
  423     551       1
  425     543       1
  426     627       1
  427     523       1
  429     550       1
  429     634       1
  431     544       1
  431     665       1
  434     530       1
  436     573       1
  437     493       1
  440     633       1
  441     448       1
  441     685       1
  442     468       1
  443     549       1
  443     612       1
  443     668       1
  446     582       1
  448     579       1
  450     569       1
  450     614       1
  452     494       1
  452     697       1
  453     673       1
  455     550       1
  455     603       1
  456     574       1
  460     571       1
  461     492       1
  463     470       1
  463     576       1
  464     485       1
  464     508       1
  464     615       1
  465     482       1
  465     511       1
  465     539       1
  469     638       1
  471     651       1
  472     525       1
  472     566       1
  473     571       1
  475     606       1
  476     527       1
  476     534       1
  476     637       1
  477     530       1
  478     538       1
  478     662       1
  479     584       1
  479     690       1
  483     632       1
  484     656       1
  485     607       1
  487     691       1
  490     548       1
  493     616       1
  494     595       1
  495     641       1
  497     639       1
  499     649       1
  499     693       1
  500     623       1
  500     698       1
  501     550       1
  502     594       1
  505     603       1
  507     511       1
  507     646       1
  509     601       1
  511     682       1
  513     650       1
  514     628       1
  517     609       1
  519     594       1
  523     626       1
  528     538       1
  530     666       1
  530     691       1
  531     535       1
  533     649       1
  535     576       1
  537     699       1
  539     588       1
  541     556       1
  544     646       1
  544     674       1
  546     571       1
  547     646       1
  549     576       1
  550     580       1
  551     560       1
  551     645       1
  552     680       1
  553     618       1
  553     691       1
  555     636       1
  555     697       1
  556     691       1
  558     604       1
  558     613       1
  558     678       1
  559     589       1
  560     667       1
  561     679       1
  563     576       1
  564     691       1
  565     683       1
  568     655       1
  571     660       1
  576     647       1
  579     665       1
  580     581       1
  580     592       1
  580     675       1
  582     673       1
  585     614       1
  586     678       1
  589     676       1
  590     600       1
  595     692       1
  596     639       1
  604     699       1
  605     622       1
  608     644       1
  611     692       1
  612     620       1
  622     664       1
  625     641       1
  643     698       1
  644     685       1
  654     685       1
  657     687       1
  664     689       1
  671     700       1
  686     687       1
  691     693       1
  692     693       1
