  100     129
    1      48       1
    2      14       1
    2      71       1
    2      99       1
    3      31       1
    3      33       1
    3      51       1
    3      64       1
    4      97       1
    5      51       1
    5      75       1
    5      77       1
    5      90       1
    6      35       1
    7      18       1
    7      23       1
    8      90       1
    9      51       1
   10      77       1
   10      78       1
   11      14       1
   12      41       1
   12      53       1
   12      56       1
   12      70       1
   12      99       1
   13      29       1
   13      85       1
   14      98       1
   15      79       1
   15      82       1
   16      25       1
   17      33       1
   17      46       1
   17      90       1
   18      64       1
   18      70       1
   18      89       1
   19      70       1
   19      77       1
   20      50       1
   20      71       1
   21      45       1
   21      87       1
   21      92       1
   22      35       1
   22      55       1
   22      58       1
   23      48       1
   23      89       1
   24      33       1
   24      76       1
   24      83       1
   25      47       1
   25      81       1
   26      40       1
   26      58       1
   27      77       1
   28      41       1
   28      57       1
   28      63       1
   28      89       1
   29      44       1
   29      48       1
   29      52       1
   29      55       1
   29      62       1
   29      64       1
   29      65       1
   29      72       1
   29      79       1
   30      34       1
   30      62       1
   30     100       1
   31      49       1
   31      96       1
   32      84       1
   32      99       1
   34      55       1
   36      54       1
   37      87       1
   38      72       1
   38      78       1
   39      70       1
   40      42       1
   40      79       1
   41      59       1
   43      64       1
   44      95       1
   44      97       1
   45      53       1
   45      99       1
   46      88       1
   47      91       1
   49      57       1
   50      81       1
   51      68       1
   53      75       1
   53      96       1
   54      89       1
   54      94       1
   55      59       1
   55      74       1
   57      79       1
   57      89       1
   57      92       1
   58      72       1
   58      80       1
   58      81       1
   60      79       1
   60      89       1
   61      89       1
   62      69       1
   63      81       1
   63      97       1
   66      67       1
   66      76       1
   66      89       1
   68      76       1
   70      72       1
   70      84       1
   73      90       1
   76      79       1
   78      83       1
   81      90       1
   83      86       1
   83      97       1
   85      90       1
   92      93       1
