   50      73
    1      26       1
    1      43       1
    2      21       1
    2      39       1
    2      41       1
    2      49       1
    3       8       1
    3      29       1
    3      31       1
    3      38       1
    3      46       1
    4      10       1
    4      23       1
    4      27       1
    5      21       1
    5      23       1
    5      26       1
    5      27       1
    5      38       1
    6      12       1
    7      31       1
    7      34       1
    8      13       1
    8      21       1
    9      21       1
    9      28       1
   10      34       1
   10      42       1
   10      46       1
   11      16       1
   11      27       1
   11      28       1
   11      30       1
   11      43       1
   11      50       1
   12      16       1
   12      18       1
   13      25       1
   13      41       1
   13      45       1
   14      30       1
   15      32       1
   16      37       1
   16      39       1
   17      27       1
   17      44       1
   18      23       1
   18      30       1
   19      23       1
   19      33       1
   20      24       1
   20      32       1
   21      25       1
   22      34       1
   24      42       1
   26      28       1
   27      28       1
   27      34       1
   28      41       1
   29      30       1
   29      38       1
   30      32       1
   30      48       1
   32      35       1
   33      46       1
   33      48       1
   34      40       1
   35      36       1
   36      47       1
   38      49       1
   40      43       1
   41      44       1
   41      46       1
