  200     244
    1      75       1
    1     115       1
    1     131       1
    1     143       1
    2      41       1
    2      77       1
    2      93       1
    2     128       1
    2     134       1
    2     180       1
    3     178       1
    3     200       1
    4      71       1
    4     141       1
    4     161       1
    5     141       1
    6     105       1
    6     115       1
    7      18       1
    7      64       1
    8      28       1
    8      36       1
    8     107       1
    8     199       1
    9      89       1
    9     186       1
   10      59       1
   10      69       1
   11      89       1
   11      94       1
   12      64       1
   12     134       1
   13      16       1
   13      34       1
   13      93       1
   13      94       1
   13     101       1
   13     154       1
   14     150       1
   15     137       1
   15     141       1
   16      87       1
   16     198       1
   17      42       1
   18      38       1
   18      60       1
   18      93       1
   18     176       1
   19      52       1
   20      48       1
   20      94       1
   20     144       1
   20     187       1
   21      57       1
   21     146       1
   22      31       1
   22      91       1
   22     182       1
   23      47       1
   23      83       1
   23      88       1
   23     122       1
   24      98       1
   24     101       1
   25      62       1
   25     143       1
   25     153       1
   25     174       1
   26     155       1
   27      31       1
   28      45       1
   28      94       1
   28     144       1
   28     172       1
   28     183       1
   29      61       1
   29      75       1
   29     195       1
   30     155       1
   31      34       1
   31      87       1
   31     111       1
   31     159       1
   31     164       1
   32      73       1
   33      51       1
   33     178       1
   34      64       1
   34      67       1
   34     106       1
   35      59       1
   35      85       1
   36     161       1
   37     132       1
   38     181       1
   39      75       1
   40     173       1
   42     108       1
   43     160       1
   44     106       1
   44     190       1
   45      65       1
   46     173       1
   47     122       1
   47     200       1
   48      50       1
   48      83       1
   48     119       1
   48     160       1
   49      81       1
   49     181       1
   49     185       1
   49     192       1
   50     156       1
   51      94       1
   52      89       1
   52     121       1
   52     127       1
   53      92       1
   54     139       1
   54     178       1
   55     105       1
   55     109       1
   56      61       1
   57      92       1
   57     106       1
   58      62       1
   58     196       1
   62      74       1
   62     149       1
   63      77       1
   63     135       1
   63     191       1
   64     120       1
   64     136       1
   65      69       1
   65      71       1
   65      89       1
   66      96       1
   66     177       1
   67     102       1
   68     145       1
   68     186       1
   69     104       1
   69     196       1
   70      93       1
   71     152       1
   72     136       1
   73     125       1
   73     179       1
   74     141       1
   75     169       1
   75     171       1
   76     184       1
   78     106       1
   78     123       1
   79     154       1
   80      97       1
   80     129       1
   80     166       1
   82      96       1
   82     161       1
   84      88       1
   84     127       1
   84     169       1
   85     101       1
   85     121       1
   85     157       1
   86     101       1
   87     110       1
   87     143       1
   87     162       1
   87     196       1
   90     133       1
   91     122       1
   93     137       1
   93     194       1
   94     152       1
   94     158       1
   94     185       1
   95     161       1
   96     198       1
   97     156       1
   97     195       1
   99     169       1
  100     184       1
  102     154       1
  102     167       1
  103     131       1
  104     118       1
  104     143       1
  106     113       1
  106     132       1
  108     138       1
  108     154       1
  109     116       1
  109     139       1
  112     167       1
  113     145       1
  114     133       1
  115     159       1
  115     189       1
  115     193       1
  116     155       1
  117     180       1
  118     170       1
  120     148       1
  124     128       1
  125     149       1
  126     130       1
  126     185       1
  127     155       1
  127     184       1
  133     154       1
  135     200       1
  137     178       1
  139     157       1
  139     190       1
  140     161       1
  141     154       1
  142     171       1
  143     149       1
  143     199       1
  143     200       1
  144     148       1
  145     165       1
  145     180       1
  147     167       1
  147     193       1
  149     173       1
  150     164       1
  150     188       1
  151     192       1
  152     175       1
  154     155       1
  155     186       1
  155     197       1
  157     196       1
  159     193       1
  163     199       1
  168     171       1
  172     175       1
  192     200       1
  196     199       1
