  300     353
    1      69       1
    1     268       1
    2     101       1
    2     135       1
    2     204       1
    3     237       1
    4      48       1
    4     188       1
    4     225       1
    5      60       1
    5      98       1
    6     281       1
    7     191       1
    8      49       1
    9      40       1
   10     289       1
   11      43       1
   11      44       1
   11     207       1
   11     287       1
   12     116       1
   12     277       1
   13      34       1
   13      80       1
   13     106       1
   13     124       1
   13     147       1
   13     280       1
   14     120       1
   14     255       1
   15     237       1
   16      77       1
   16     126       1
   17     117       1
   17     177       1
   18      83       1
   18     202       1
   18     296       1
   19     157       1
   19     186       1
   19     252       1
   20     152       1
   21     264       1
   22      36       1
   22      82       1
   22      86       1
   22     159       1
   22     222       1
   22     298       1
   23     106       1
   24      67       1
   24     174       1
   25      49       1
   26      96       1
   26     282       1
   27     269       1
   28     153       1
   28     255       1
   28     272       1
   29      39       1
   29     143       1
   30     236       1
   31      71       1
   31     284       1
   32     119       1
   32     242       1
   33     298       1
   34     109       1
   34     113       1
   34     244       1
   34     286       1
   35      55       1
   35     107       1
   35     203       1
   35     268       1
   36      78       1
   37     155       1
   37     278       1
   38      91       1
   38      97       1
   39      46       1
   39     104       1
   39     291       1
   40      90       1
   40     188       1
   41     285       1
   41     290       1
   42     102       1
   43      86       1
   43     102       1
   43     148       1
   43     238       1
   43     259       1
   44     268       1
   45     100       1
   45     194       1
   46     293       1
   47      56       1
   47      80       1
   47      88       1
   47     103       1
   47     126       1
   48     206       1
   48     253       1
   49     220       1
   50     264       1
   50     297       1
   51     253       1
   52      79       1
   53      68       1
   53      97       1
   53     147       1
   53     198       1
   54      71       1
   55      80       1
   56     254       1
   57     137       1
   58     276       1
   58     292       1
   59     105       1
   59     178       1
   59     191       1
   59     234       1
   60     163       1
   60     181       1
   61     139       1
   61     248       1
   61     289       1
   62     117       1
   63     247       1
   64     142       1
   65     145       1
   65     273       1
   66     138       1
   66     275       1
   67     173       1
   67     191       1
   68     127       1
   68     215       1
   69     120       1
   69     226       1
   70     104       1
   70     106       1
   71     237       1
   72      94       1
   72     108       1
   72     123       1
   72     165       1
   72     173       1
   72     192       1
   72     194       1
   72     204       1
   72     282       1
   73     116       1
   73     168       1
   74     248       1
   75     191       1
   76     247       1
   77      94       1
   79      96       1
   79     137       1
   79     207       1
   79     222       1
   79     227       1
   80      90       1
   80     158       1
   80     229       1
   81     214       1
   82      83       1
   82     161       1
   83     276       1
   84     108       1
   84     183       1
   84     241       1
   85     155       1
   85     300       1
   86     182       1
   86     205       1
   87     223       1
   88     140       1
   89     264       1
   89     272       1
   90     160       1
   90     176       1
   90     191       1
   91     204       1
   92     215       1
   93     157       1
   94     132       1
   94     217       1
   95     237       1
   95     279       1
   96     118       1
   97     231       1
   97     233       1
   97     260       1
   97     271       1
   98     140       1
   98     172       1
   99     106       1
   99     161       1
  100     159       1
  103     164       1
  104     141       1
  104     196       1
  104     271       1
  105     139       1
  105     143       1
  106     121       1
  106     186       1
  106     211       1
  106     270       1
  109     161       1
  109     186       1
  109     274       1
  110     115       1
  110     144       1
  111     139       1
  111     149       1
  112     137       1
  114     130       1
  114     162       1
  114     245       1
  114     251       1
  115     125       1
  115     173       1
  115     244       1
  117     137       1
  120     179       1
  122     292       1
  123     150       1
  123     177       1
  123     195       1
  123     239       1
  123     261       1
  125     223       1
  125     264       1
  126     243       1
  126     289       1
  128     146       1
  128     256       1
  129     135       1
  129     150       1
  129     182       1
  131     183       1
  133     177       1
  133     232       1
  133     255       1
  134     236       1
  134     294       1
  136     152       1
  136     258       1
  137     216       1
  137     229       1
  137     262       1
  137     264       1
  139     140       1
  140     143       1
  141     277       1
  142     191       1
  142     250       1
  142     281       1
  143     207       1
  145     182       1
  145     204       1
  146     244       1
  147     197       1
  147     222       1
  147     226       1
  147     228       1
  147     247       1
  147     283       1
  150     218       1
  151     167       1
  151     191       1
  151     250       1
  152     276       1
  154     161       1
  155     187       1
  155     199       1
  155     239       1
  155     295       1
  156     230       1
  156     233       1
  157     298       1
  158     251       1
  159     244       1
  162     246       1
  164     299       1
  165     199       1
  166     258       1
  166     265       1
  168     171       1
  168     210       1
  169     189       1
  169     237       1
  169     256       1
  170     239       1
  171     195       1
  171     267       1
  172     252       1
  173     288       1
  174     237       1
  175     282       1
  176     228       1
  177     236       1
  180     295       1
  181     244       1
  182     277       1
  184     288       1
  185     258       1
  187     219       1
  188     226       1
  190     211       1
  191     193       1
  191     207       1
  192     278       1
  193     221       1
  195     230       1
  197     266       1
  200     263       1
  201     256       1
  208     291       1
  209     211       1
  212     258       1
  213     269       1
  214     250       1
  218     270       1
  220     222       1
  220     237       1
  221     287       1
  222     239       1
  222     284       1
  222     296       1
  224     264       1
  226     269       1
  228     240       1
  228     275       1
  228     277       1
  235     295       1
  237     271       1
  240     292       1
  242     257       1
  242     269       1
  243     299       1
  244     258       1
  249     286       1
  262     286       1
  263     277       1
  263     286       1
  273     283       1
  275     290       1
  285     290       1
