  300     353
    1      93       1
    1     240       1
    2     173       1
    2     197       1
    3      32       1
    3      47       1
    3     127       1
    3     152       1
    3     153       1
    4      67       1
    4      89       1
    4     148       1
    4     190       1
    5     251       1
    6      96       1
    6     107       1
    7      76       1
    8      39       1
    8      92       1
    8     278       1
    9      44       1
   10      11       1
   10      23       1
   10     156       1
   10     171       1
   10     202       1
   11      24       1
   11      43       1
   11     128       1
   11     167       1
   11     266       1
   11     273       1
   12      91       1
   12     130       1
   12     226       1
   13     157       1
   14     103       1
   15      20       1
   16      69       1
   17     124       1
   17     135       1
   17     288       1
   18      62       1
   18     146       1
   18     246       1
   19      27       1
   20     201       1
   20     237       1
   21     126       1
   21     209       1
   22     155       1
   22     165       1
   22     180       1
   22     215       1
   23     166       1
   23     275       1
   24     176       1
   24     177       1
   25     289       1
   26     146       1
   27      28       1
   27      70       1
   27      74       1
   27     112       1
   27     148       1
   27     201       1
   28      38       1
   28      99       1
   28     143       1
   28     162       1
   28     200       1
   29     232       1
   29     284       1
   30      48       1
   30     129       1
   30     175       1
   30     210       1
   30     223       1
   30     289       1
   30     296       1
   31      95       1
   31     129       1
   32     113       1
   32     119       1
   32     138       1
   32     279       1
   33     197       1
   33     234       1
   33     251       1
   34     139       1
   34     141       1
   35     169       1
   35     240       1
   35     277       1
   35     294       1
   36      58       1
   36     225       1
   37      63       1
   37     231       1
   37     244       1
   38      96       1
   38     103       1
   38     130       1
   38     277       1
   39      98       1
   39     190       1
   39     228       1
   39     252       1
   39     268       1
   40     146       1
   40     198       1
   41      83       1
   41     248       1
   42     133       1
   44     180       1
   44     230       1
   44     249       1
   44     277       1
   45     137       1
   46     159       1
   46     275       1
   47      49       1
   47     143       1
   47     154       1
   47     274       1
   48      50       1
   48     201       1
   48     274       1
   51      95       1
   51     158       1
   52     201       1
   53      77       1
   53     200       1
   53     295       1
   54     135       1
   54     207       1
   54     256       1
   55     254       1
   56      96       1
   57     171       1
   58     228       1
   58     254       1
   58     290       1
   59      75       1
   59     214       1
   59     261       1
   59     299       1
   60      70       1
   60     272       1
   60     292       1
   61     126       1
   64     109       1
   65      99       1
   66     247       1
   66     295       1
   67      76       1
   67      82       1
   67     111       1
   67     266       1
   68      75       1
   69     223       1
   70     151       1
   70     184       1
   70     234       1
   71     176       1
   71     212       1
   71     288       1
   72     232       1
   73     208       1
   75     102       1
   76     153       1
   77     145       1
   78     281       1
   79     190       1
   80     181       1
   80     277       1
   81     114       1
   81     160       1
   81     280       1
   82     161       1
   83     143       1
   84     109       1
   84     232       1
   84     250       1
   84     266       1
   85     213       1
   86     201       1
   86     244       1
   87     128       1
   87     185       1
   87     253       1
   88     122       1
   88     133       1
   89     137       1
   89     259       1
   90     201       1
   91     272       1
   93      94       1
   93     143       1
   96     128       1
   96     208       1
   96     211       1
   97     159       1
   97     203       1
   98     286       1
   99     247       1
  100     107       1
  101     147       1
  102     221       1
  104     141       1
  105     153       1
  106     154       1
  106     192       1
  108     130       1
  108     238       1
  109     153       1
  109     167       1
  110     278       1
  113     147       1
  113     201       1
  113     205       1
  114     122       1
  114     124       1
  114     167       1
  114     168       1
  114     250       1
  114     296       1
  115     282       1
  116     167       1
  116     239       1
  117     219       1
  117     260       1
  117     262       1
  118     129       1
  118     165       1
  118     254       1
  119     189       1
  119     227       1
  119     285       1
  120     289       1
  121     146       1
  123     133       1
  124     128       1
  124     213       1
  125     223       1
  126     207       1
  128     134       1
  128     154       1
  128     263       1
  129     218       1
  130     132       1
  130     183       1
  130     272       1
  131     272       1
  132     190       1
  134     236       1
  136     257       1
  136     282       1
  137     181       1
  137     278       1
  138     268       1
  140     274       1
  141     216       1
  141     268       1
  141     282       1
  142     263       1
  143     291       1
  144     207       1
  146     230       1
  148     196       1
  148     244       1
  149     179       1
  149     190       1
  149     284       1
  150     196       1
  151     183       1
  153     158       1
  153     262       1
  154     175       1
  154     235       1
  154     286       1
  157     289       1
  158     284       1
  159     201       1
  159     282       1
  161     191       1
  161     228       1
  161     238       1
  161     293       1
  163     202       1
  163     222       1
  164     270       1
  165     211       1
  167     174       1
  167     217       1
  167     265       1
  168     204       1
  170     277       1
  172     266       1
  173     197       1
  175     194       1
  177     188       1
  177     199       1
  178     200       1
  182     241       1
  182     244       1
  184     243       1
  184     295       1
  186     263       1
  187     217       1
  187     273       1
  189     212       1
  192     218       1
  193     226       1
  194     206       1
  195     281       1
  196     245       1
  197     233       1
  198     249       1
  199     206       1
  201     224       1
  202     298       1
  204     256       1
  204     258       1
  205     221       1
  206     224       1
  206     261       1
  207     245       1
  209     234       1
  210     229       1
  213     271       1
  214     256       1
  216     252       1
  216     267       1
  220     248       1
  221     266       1
  223     256       1
  232     269       1
  242     273       1
  243     283       1
  245     253       1
  245     297       1
  246     256       1
  250     275       1
  250     300       1
  251     258       1
  251     270       1
  251     281       1
  255     273       1
  264     278       1
  274     295       1
  276     282       1
  277     287       1
