  700     780
    1     420       1
    2     276       1
    2     577       1
    3     113       1
    3     342       1
    3     462       1
    3     505       1
    4     325       1
    4     609       1
    5     220       1
    5     695       1
    6     632       1
    7     364       1
    7     660       1
    8      68       1
    9      35       1
    9     157       1
    9     218       1
   10      12       1
   10     265       1
   10     442       1
   10     537       1
   11     154       1
   11     176       1
   11     342       1
   11     477       1
   12     232       1
   13     145       1
   13     258       1
   14     548       1
   15      75       1
   16     269       1
   16     448       1
   17     227       1
   17     390       1
   18     626       1
   19     258       1
   20     409       1
   21     597       1
   21     657       1
   21     668       1
   22     325       1
   23     224       1
   24     326       1
   24     393       1
   25     379       1
   26     563       1
   26     645       1
   27     348       1
   28      52       1
   29     245       1
   29     663       1
   30     235       1
   31     353       1
   31     592       1
   31     700       1
   32     661       1
   33      49       1
   33     125       1
   33     388       1
   33     548       1
   33     606       1
   34     322       1
   35      75       1
   35     149       1
   35     162       1
   35     319       1
   35     428       1
   35     617       1
   36     396       1
   36     444       1
   36     468       1
   37     278       1
   38      89       1
   38     152       1
   38     187       1
   38     239       1
   39     582       1
   40     690       1
   41     439       1
   42     359       1
   42     452       1
   43     179       1
   43     182       1
   43     236       1
   43     414       1
   43     541       1
   43     574       1
   43     660       1
   44      54       1
   45     289       1
   45     386       1
   46     436       1
   47     482       1
   48     329       1
   49     479       1
   50     101       1
   50     465       1
   51     260       1
   51     280       1
   52      99       1
   52     234       1
   52     507       1
   52     611       1
   53     154       1
   54     528       1
   55     345       1
   55     615       1
   56      96       1
   57     579       1
   58      93       1
   59     210       1
   60     147       1
   60     353       1
   61     103       1
   61     273       1
   61     587       1
   62     292       1
   62     573       1
   62     586       1
   63     232       1
   63     461       1
   64     130       1
   64     519       1
   64     671       1
   65     116       1
   65     507       1
   66     158       1
   66     213       1
   66     436       1
   66     576       1
   67     154       1
   67     220       1
   67     352       1
   67     573       1
   68     327       1
   69     447       1
   70     170       1
   70     389       1
   70     622       1
   70     651       1
   71     142       1
   71     354       1
   71     699       1
   72     339       1
   72     695       1
   73      75       1
   73     126       1
   74     355       1
   74     641       1
   75     225       1
   75     511       1
   76     253       1
   76     669       1
   77     162       1
   77     343       1
   77     616       1
   78     104       1
   79     294       1
   80     630       1
   81     102       1
   81     105       1
   81     391       1
   81     404       1
   82     109       1
   83     361       1
   84     122       1
   84     349       1
   85     293       1
   85     589       1
   86     278       1
   87     106       1
   88     178       1
   88     195       1
   88     288       1
   88     330       1
   88     372       1
   88     380       1
   88     528       1
   88     674       1
   89     583       1
   90     307       1
   90     485       1
   90     537       1
   90     608       1
   91     308       1
   91     392       1
   92     433       1
   92     610       1
   93     604       1
   94     489       1
   95     131       1
   95     439       1
   95     510       1
   96     118       1
   96     618       1
   97     460       1
   98     589       1
   99     352       1
  100     536       1
  100     537       1
  100     573       1
  101     180       1
  104     311       1
  104     400       1
  106     124       1
  106     550       1
  107     471       1
  107     552       1
  108     472       1
  108     667       1
  109     305       1
  109     495       1
  109     538       1
  109     644       1
  109     693       1
  110     211       1
  111     302       1
  112     121       1
  113     567       1
  114     555       1
  115     139       1
  115     186       1
  115     499       1
  116     239       1
  116     443       1
  117     323       1
  117     479       1
  119     520       1
  119     541       1
  119     672       1
  120     431       1
  120     552       1
  121     483       1
  121     531       1
  123     448       1
  123     482       1
  123     579       1
  123     591       1
  124     247       1
  124     324       1
  124     328       1
  125     549       1
  126     521       1
  127     635       1
  128     679       1
  129     150       1
  129     205       1
  129     400       1
  129     634       1
  131     360       1
  131     525       1
  131     601       1
  132     396       1
  133     429       1
  133     461       1
  134     664       1
  135     179       1
  135     226       1
  135     345       1
  135     655       1
  136     330       1
  136     485       1
  136     638       1
  136     678       1
  137     618       1
  138     315       1
  139     209       1
  139     238       1
  139     412       1
  139     436       1
  139     555       1
  139     612       1
  139     627       1
  140     250       1
  140     415       1
  140     594       1
  141     316       1
  142     453       1
  143     538       1
  144     358       1
  145     197       1
  145     200       1
  146     240       1
  146     436       1
  146     579       1
  147     425       1
  148     291       1
  149     227       1
  149     269       1
  149     472       1
  149     664       1
  150     156       1
  151     174       1
  152     346       1
  152     440       1
  152     557       1
  153     476       1
  154     199       1
  154     435       1
  154     456       1
  155     664       1
  156     229       1
  156     449       1
  156     619       1
  156     699       1
  158     646       1
  159     453       1
  159     664       1
  160     201       1
  161     281       1
  161     331       1
  161     498       1
  162     239       1
  162     340       1
  162     414       1
  162     436       1
  162     439       1
  162     607       1
  162     683       1
  162     684       1
  163     460       1
  164     177       1
  164     465       1
  165     173       1
  166     552       1
  166     578       1
  167     198       1
  168     575       1
  169     524       1
  171     269       1
  172     265       1
  173     588       1
  174     460       1
  175     545       1
  177     319       1
  177     357       1
  177     370       1
  177     421       1
  177     696       1
  178     258       1
  178     315       1
  178     419       1
  178     559       1
  179     214       1
  180     552       1
  181     280       1
  181     290       1
  182     256       1
  183     608       1
  184     346       1
  184     414       1
  184     515       1
  184     530       1
  184     546       1
  185     387       1
  188     202       1
  188     204       1
  188     292       1
  188     335       1
  188     531       1
  189     458       1
  189     463       1
  189     544       1
  190     582       1
  191     551       1
  191     589       1
  192     347       1
  193     390       1
  194     492       1
  195     615       1
  196     366       1
  198     203       1
  198     291       1
  198     384       1
  198     639       1
  201     258       1
  201     675       1
  202     496       1
  203     266       1
  204     291       1
  206     212       1
  206     259       1
  206     452       1
  206     537       1
  207     557       1
  208     528       1
  209     215       1
  209     312       1
  209     582       1
  210     389       1
  211     304       1
  211     375       1
  212     614       1
  214     387       1
  215     276       1
  215     293       1
  215     308       1
  216     402       1
  216     649       1
  217     320       1
  217     526       1
  218     327       1
  218     429       1
  219     604       1
  220     621       1
  221     383       1
  222     676       1
  223     676       1
  224     534       1
  226     281       1
  226     468       1
  227     334       1
  227     618       1
  227     643       1
  228     269       1
  228     553       1
  228     654       1
  229     280       1
  230     488       1
  231     387       1
  233     417       1
  233     497       1
  234     245       1
  234     409       1
  235     437       1
  235     505       1
  236     322       1
  237     458       1
  238     310       1
  238     454       1
  238     467       1
  239     373       1
  239     374       1
  239     506       1
  239     680       1
  240     344       1
  241     555       1
  242     269       1
  242     661       1
  243     268       1
  243     460       1
  243     549       1
  243     562       1
  244     529       1
  244     666       1
  245     318       1
  246     253       1
  248     251       1
  248     363       1
  249     457       1
  250     584       1
  251     349       1
  251     494       1
  252     264       1
  252     341       1
  252     688       1
  253     255       1
  254     427       1
  255     531       1
  256     394       1
  256     517       1
  256     615       1
  257     379       1
  258     317       1
  258     534       1
  259     328       1
  259     664       1
  260     571       1
  261     407       1
  261     458       1
  262     367       1
  262     633       1
  263     413       1
  267     430       1
  269     351       1
  270     458       1
  271     309       1
  271     631       1
  272     447       1
  272     448       1
  272     592       1
  272     691       1
  274     326       1
  274     621       1
  275     511       1
  275     602       1
  276     650       1
  277     299       1
  277     589       1
  278     324       1
  278     673       1
  279     612       1
  282     608       1
  283     402       1
  284     311       1
  284     405       1
  285     496       1
  285     646       1
  286     646       1
  287     372       1
  287     537       1
  288     296       1
  288     441       1
  289     395       1
  291     414       1
  291     642       1
  292     294       1
  292     513       1
  293     678       1
  294     451       1
  295     474       1
  295     665       1
  296     628       1
  297     498       1
  298     436       1
  298     455       1
  300     459       1
  301     611       1
  302     579       1
  303     306       1
  303     367       1
  303     552       1
  303     668       1
  304     452       1
  306     475       1
  307     347       1
  308     457       1
  309     396       1
  311     395       1
  311     449       1
  312     529       1
  313     526       1
  314     441       1
  316     505       1
  319     348       1
  320     561       1
  321     511       1
  321     692       1
  323     442       1
  324     423       1
  324     603       1
  324     648       1
  324     652       1
  325     639       1
  326     441       1
  328     588       1
  328     628       1
  329     459       1
  330     456       1
  330     491       1
  331     406       1
  331     413       1
  332     666       1
  333     379       1
  334     365       1
  334     569       1
  335     676       1
  336     699       1
  337     635       1
  338     448       1
  341     594       1
  342     362       1
  342     434       1
  342     551       1
  343     625       1
  343     630       1
  348     514       1
  349     587       1
  349     622       1
  350     582       1
  352     410       1
  352     543       1
  355     486       1
  355     503       1
  355     557       1
  356     552       1
  357     523       1
  358     436       1
  358     485       1
  358     498       1
  361     430       1
  363     611       1
  366     405       1
  368     619       1
  369     611       1
  369     677       1
  371     694       1
  372     424       1
  372     682       1
  374     527       1
  376     534       1
  376     586       1
  377     555       1
  378     607       1
  379     564       1
  379     664       1
  379     694       1
  381     396       1
  382     699       1
  383     436       1
  383     577       1
  383     663       1
  384     456       1
  385     668       1
  386     631       1
  386     700       1
  387     470       1
  393     461       1
  393     540       1
  396     520       1
  397     449       1
  398     458       1
  398     547       1
  399     459       1
  401     420       1
  401     451       1
  401     547       1
  402     485       1
  402     595       1
  403     582       1
  404     458       1
  404     558       1
  404     566       1
  405     493       1
  405     537       1
  405     578       1
  405     604       1
  406     510       1
  406     685       1
  407     509       1
  408     485       1
  410     415       1
  410     531       1
  411     610       1
  413     414       1
  413     415       1
  413     580       1
  414     465       1
  415     590       1
  416     689       1
  418     551       1
  419     445       1
  422     574       1
  426     687       1
  427     632       1
  429     434       1
  429     611       1
  430     550       1
  431     623       1
  432     481       1
  436     490       1
  436     549       1
  436     604       1
  438     619       1
  439     658       1
  441     632       1
  445     570       1
  445     585       1
  446     652       1
  448     501       1
  449     456       1
  449     536       1
  450     654       1
  456     649       1
  457     465       1
  457     488       1
  457     526       1
  457     629       1
  457     637       1
  457     641       1
  458     505       1
  459     595       1
  463     657       1
  463     672       1
  464     563       1
  465     560       1
  465     584       1
  466     599       1
  469     500       1
  470     671       1
  471     595       1
  473     498       1
  473     698       1
  474     487       1
  474     545       1
  474     617       1
  476     506       1
  476     686       1
  477     590       1
  478     489       1
  480     683       1
  481     523       1
  484     547       1
  485     539       1
  486     647       1
  487     647       1
  487     687       1
  489     641       1
  491     517       1
  491     597       1
  491     617       1
  492     526       1
  494     535       1
  497     658       1
  498     522       1
  498     572       1
  500     664       1
  502     528       1
  502     563       1
  504     624       1
  504     699       1
  505     622       1
  508     534       1
  509     601       1
  510     620       1
  512     690       1
  513     598       1
  516     561       1
  518     640       1
  520     541       1
  521     546       1
  524     601       1
  526     536       1
  526     689       1
  528     636       1
  530     638       1
  531     533       1
  531     552       1
  531     667       1
  532     550       1
  533     589       1
  533     656       1
  537     599       1
  538     622       1
  542     635       1
  543     599       1
  545     633       1
  545     681       1
  547     696       1
  554     700       1
  556     600       1
  556     635       1
  564     585       1
  565     573       1
  568     581       1
  568     685       1
  570     604       1
  575     605       1
  582     613       1
  590     697       1
  591     692       1
  592     649       1
  592     662       1
  593     642       1
  595     605       1
  596     619       1
  600     642       1
  602     657       1
  604     645       1
  606     665       1
  610     618       1
  617     622       1
  617     690       1
  618     659       1
  620     635       1
  622     700       1
  624     683       1
  626     645       1
  628     679       1
  633     640       1
  633     644       1
  634     654       1
  636     661       1
  638     697       1
  646     657       1
  653     699       1
  659     688       1
  665     673       1
  670     689       1
