  800     886
    1     113       1
    1     300       1
    1     765       1
    2      30       1
    2     115       1
    2     665       1
    3     350       1
    3     507       1
    3     680       1
    4      68       1
    4     724       1
    5     772       1
    6     409       1
    7     417       1
    7     631       1
    8     355       1
    9      40       1
    9      52       1
    9     165       1
    9     166       1
   10     449       1
   11     390       1
   11     595       1
   12     345       1
   12     498       1
   12     609       1
   12     653       1
   12     713       1
   12     728       1
   12     765       1
   13      33       1
   13     231       1
   14      55       1
   15      23       1
   15      63       1
   15     744       1
   16     269       1
   16     465       1
   16     623       1
   17     410       1
   17     494       1
   17     595       1
   18     757       1
   19     384       1
   20     243       1
   20     609       1
   21     465       1
   21     797       1
   22     147       1
   22     677       1
   23     115       1
   23     623       1
   24     154       1
   24     680       1
   24     749       1
   25     486       1
   25     608       1
   26     242       1
   27     785       1
   28      39       1
   29     599       1
   30      71       1
   30     207       1
   30     463       1
   30     725       1
   31     734       1
   32     321       1
   32     366       1
   32     499       1
   32     616       1
   33      82       1
   33     106       1
   34     220       1
   35     123       1
   35     284       1
   35     407       1
   36     149       1
   37      86       1
   37     431       1
   38     192       1
   38     232       1
   39      86       1
   39     117       1
   39     364       1
   39     547       1
   39     626       1
   41     719       1
   42     624       1
   43     330       1
   43     338       1
   43     454       1
   43     496       1
   43     668       1
   43     741       1
   44     142       1
   44     214       1
   44     633       1
   45     641       1
   46     658       1
   46     689       1
   47      77       1
   48     555       1
   49     160       1
   50     502       1
   50     534       1
   51     275       1
   52     793       1
   53     226       1
   54     250       1
   54     551       1
   54     664       1
   54     708       1
   55     387       1
   55     528       1
   56     769       1
   57     240       1
   57     723       1
   58     163       1
   58     442       1
   58     565       1
   59     107       1
   59     769       1
   60      75       1
   61     402       1
   61     572       1
   62     106       1
   62     324       1
   62     458       1
   63      86       1
   64     118       1
   64     299       1
   65     108       1
   65     279       1
   65     714       1
   65     745       1
   66     114       1
   66     401       1
   66     592       1
   67     462       1
   68     123       1
   68     670       1
   69     111       1
   69     271       1
   69     602       1
   69     660       1
   70     266       1
   70     652       1
   71     225       1
   71     506       1
   71     624       1
   71     732       1
   72     250       1
   72     679       1
   73     430       1
   74     263       1
   74     345       1
   74     482       1
   75     602       1
   76     632       1
   76     634       1
   77     397       1
   78      88       1
   79     156       1
   79     461       1
   79     618       1
   80     742       1
   81     123       1
   81     318       1
   81     503       1
   81     527       1
   81     601       1
   81     633       1
   81     637       1
   81     640       1
   83     713       1
   84     106       1
   84     479       1
   84     666       1
   84     791       1
   85     276       1
   85     690       1
   86     459       1
   86     747       1
   86     784       1
   87     178       1
   88     140       1
   88     396       1
   89     176       1
   89     483       1
   89     731       1
   90     130       1
   91     797       1
   92      98       1
   92     102       1
   92     315       1
   93     538       1
   94     314       1
   94     409       1
   94     487       1
   94     571       1
   94     575       1
   94     597       1
   94     603       1
   94     731       1
   95     156       1
   95     182       1
   95     290       1
   95     590       1
   95     797       1
   96     666       1
   96     790       1
   97     467       1
   98     158       1
   98     452       1
   98     617       1
   99     172       1
   99     209       1
   99     778       1
  100     132       1
  101     289       1
  101     672       1
  102     371       1
  102     432       1
  102     604       1
  102     625       1
  102     683       1
  102     718       1
  103     110       1
  103     456       1
  104     171       1
  105     544       1
  105     729       1
  106     253       1
  106     604       1
  106     754       1
  107     484       1
  107     581       1
  109     291       1
  110     132       1
  110     536       1
  110     542       1
  110     566       1
  110     640       1
  112     135       1
  112     572       1
  112     785       1
  113     177       1
  113     183       1
  113     592       1
  113     630       1
  114     363       1
  115     126       1
  116     581       1
  116     695       1
  117     237       1
  117     265       1
  117     321       1
  117     439       1
  117     450       1
  117     652       1
  117     746       1
  117     797       1
  119     291       1
  119     618       1
  120     743       1
  120     745       1
  121     170       1
  121     248       1
  122     407       1
  123     565       1
  123     697       1
  124     698       1
  125     274       1
  125     571       1
  127     280       1
  127     366       1
  127     445       1
  127     685       1
  127     703       1
  128     638       1
  129     464       1
  130     218       1
  131     323       1
  131     585       1
  131     614       1
  132     166       1
  132     180       1
  132     435       1
  133     584       1
  133     588       1
  134     477       1
  135     565       1
  135     582       1
  135     658       1
  136     624       1
  136     706       1
  137     227       1
  137     301       1
  137     428       1
  138     447       1
  138     782       1
  139     347       1
  139     390       1
  139     705       1
  140     738       1
  141     548       1
  141     771       1
  142     408       1
  142     727       1
  143     232       1
  143     272       1
  143     338       1
  143     428       1
  143     672       1
  144     244       1
  144     384       1
  144     429       1
  144     722       1
  145     393       1
  145     502       1
  146     324       1
  147     454       1
  147     770       1
  148     332       1
  149     234       1
  149     277       1
  150     757       1
  151     448       1
  152     316       1
  152     525       1
  152     699       1
  153     413       1
  154     236       1
  154     540       1
  155     292       1
  155     424       1
  155     470       1
  155     786       1
  156     785       1
  157     198       1
  157     325       1
  158     629       1
  159     573       1
  160     316       1
  161     276       1
  161     676       1
  162     301       1
  162     543       1
  163     615       1
  164     731       1
  166     538       1
  167     258       1
  168     749       1
  169     789       1
  170     281       1
  170     509       1
  170     534       1
  170     604       1
  170     619       1
  171     429       1
  172     403       1
  172     405       1
  172     500       1
  173     189       1
  173     235       1
  173     484       1
  174     267       1
  174     448       1
  175     435       1
  177     633       1
  178     250       1
  178     610       1
  178     750       1
  179     763       1
  181     505       1
  182     320       1
  182     493       1
  182     569       1
  184     209       1
  184     533       1
  184     719       1
  185     680       1
  186     617       1
  187     722       1
  187     797       1
  188     463       1
  190     312       1
  191     768       1
  193     404       1
  194     302       1
  194     401       1
  194     555       1
  194     772       1
  195     305       1
  195     368       1
  196     229       1
  197     301       1
  197     497       1
  198     394       1
  198     528       1
  198     638       1
  198     758       1
  198     797       1
  199     670       1
  200     217       1
  200     318       1
  200     386       1
  201     236       1
  201     316       1
  202     370       1
  202     774       1
  203     750       1
  204     487       1
  205     365       1
  206     338       1
  207     663       1
  208     705       1
  209     299       1
  209     555       1
  209     565       1
  209     636       1
  210     325       1
  211     264       1
  211     281       1
  211     331       1
  211     427       1
  212     734       1
  213     304       1
  213     336       1
  213     789       1
  215     392       1
  215     462       1
  216     419       1
  216     565       1
  216     722       1
  218     571       1
  218     755       1
  219     760       1
  220     277       1
  220     569       1
  220     723       1
  220     736       1
  221     652       1
  222     335       1
  222     467       1
  223     440       1
  224     400       1
  224     562       1
  225     780       1
  226     741       1
  227     554       1
  228     612       1
  229     232       1
  229     497       1
  229     573       1
  230     337       1
  231     321       1
  231     632       1
  231     800       1
  233     553       1
  234     398       1
  235     676       1
  236     268       1
  236     444       1
  236     606       1
  238     595       1
  239     602       1
  240     328       1
  240     765       1
  241     438       1
  242     322       1
  243     588       1
  245     246       1
  246     303       1
  246     447       1
  247     647       1
  249     424       1
  249     471       1
  250     404       1
  250     714       1
  251     491       1
  252     483       1
  252     633       1
  253     792       1
  254     474       1
  255     281       1
  255     294       1
  255     348       1
  256     786       1
  257     641       1
  258     474       1
  258     635       1
  259     695       1
  260     425       1
  260     452       1
  260     568       1
  261     268       1
  261     621       1
  262     270       1
  262     399       1
  262     769       1
  264     595       1
  265     470       1
  265     530       1
  265     558       1
  265     713       1
  265     726       1
  265     767       1
  269     370       1
  270     373       1
  270     392       1
  271     312       1
  273     340       1
  273     438       1
  274     683       1
  275     525       1
  275     528       1
  276     295       1
  276     421       1
  276     692       1
  276     735       1
  277     368       1
  278     649       1
  279     549       1
  280     363       1
  281     526       1
  281     694       1
  282     466       1
  283     609       1
  285     373       1
  285     449       1
  285     510       1
  285     756       1
  286     383       1
  286     754       1
  287     521       1
  287     598       1
  288     438       1
  288     457       1
  289     459       1
  290     367       1
  290     451       1
  291     298       1
  291     573       1
  292     307       1
  292     611       1
  293     641       1
  295     640       1
  296     420       1
  296     628       1
  296     705       1
  297     673       1
  299     512       1
  304     532       1
  306     424       1
  306     604       1
  307     669       1
  308     514       1
  308     545       1
  308     602       1
  308     642       1
  308     761       1
  308     796       1
  309     715       1
  310     584       1
  311     339       1
  311     601       1
  312     696       1
  313     386       1
  313     655       1
  315     598       1
  317     555       1
  317     651       1
  317     763       1
  319     493       1
  320     322       1
  320     416       1
  320     782       1
  321     323       1
  321     441       1
  321     484       1
  321     550       1
  322     461       1
  323     358       1
  323     667       1
  324     388       1
  325     372       1
  325     768       1
  326     533       1
  327     410       1
  327     419       1
  329     484       1
  330     341       1
  330     786       1
  332     609       1
  332     784       1
  333     681       1
  334     660       1
  335     346       1
  335     360       1
  336     602       1
  336     712       1
  337     342       1
  338     699       1
  340     390       1
  340     414       1
  340     520       1
  342     511       1
  342     603       1
  343     708       1
  344     365       1
  344     608       1
  344     757       1
  346     409       1
  346     472       1
  346     557       1
  346     688       1
  348     396       1
  348     763       1
  349     608       1
  351     484       1
  351     606       1
  352     365       1
  353     535       1
  354     526       1
  354     785       1
  355     502       1
  355     647       1
  356     640       1
  357     408       1
  359     684       1
  361     428       1
  361     556       1
  362     397       1
  362     746       1
  364     762       1
  366     600       1
  368     387       1
  369     703       1
  370     437       1
  370     583       1
  370     591       1
  370     619       1
  371     663       1
  373     745       1
  374     534       1
  375     403       1
  375     490       1
  375     518       1
  376     709       1
  376     783       1
  377     527       1
  378     773       1
  379     448       1
  380     569       1
  381     751       1
  382     497       1
  383     538       1
  385     577       1
  386     475       1
  386     678       1
  386     719       1
  388     446       1
  388     470       1
  389     772       1
  390     714       1
  391     656       1
  395     646       1
  395     745       1
  396     469       1
  397     546       1
  398     448       1
  398     528       1
  400     428       1
  400     477       1
  400     721       1
  401     513       1
  402     567       1
  402     745       1
  403     477       1
  403     515       1
  403     799       1
  404     641       1
  406     418       1
  407     490       1
  407     773       1
  408     564       1
  408     741       1
  411     734       1
  412     686       1
  412     759       1
  412     790       1
  413     438       1
  415     432       1
  418     698       1
  420     439       1
  420     577       1
  422     625       1
  422     778       1
  423     498       1
  424     602       1
  424     673       1
  426     592       1
  428     604       1
  429     495       1
  430     565       1
  430     682       1
  431     741       1
  432     632       1
  433     531       1
  433     722       1
  434     440       1
  436     580       1
  437     492       1
  438     800       1
  439     482       1
  439     744       1
  440     446       1
  440     528       1
  441     772       1
  443     754       1
  444     505       1
  446     570       1
  446     596       1
  447     638       1
  449     553       1
  449     565       1
  452     751       1
  452     783       1
  453     613       1
  454     473       1
  454     691       1
  455     483       1
  459     741       1
  460     726       1
  462     498       1
  463     681       1
  463     799       1
  464     555       1
  466     756       1
  468     579       1
  476     715       1
  476     768       1
  477     489       1
  478     589       1
  479     508       1
  480     719       1
  481     774       1
  482     730       1
  485     494       1
  485     765       1
  485     783       1
  487     594       1
  487     730       1
  488     581       1
  489     670       1
  491     604       1
  491     639       1
  491     781       1
  491     795       1
  497     535       1
  501     757       1
  502     740       1
  504     602       1
  504     722       1
  510     728       1
  516     712       1
  517     588       1
  519     546       1
  519     726       1
  520     728       1
  522     540       1
  523     594       1
  524     664       1
  526     741       1
  527     539       1
  528     650       1
  528     760       1
  529     548       1
  531     644       1
  533     563       1
  537     680       1
  541     626       1
  543     701       1
  544     713       1
  552     670       1
  553     622       1
  553     665       1
  553     748       1
  555     686       1
  556     564       1
  556     668       1
  559     652       1
  559     684       1
  560     561       1
  560     772       1
  565     604       1
  565     652       1
  569     707       1
  569     777       1
  570     706       1
  573     649       1
  574     609       1
  576     610       1
  576     612       1
  577     608       1
  577     629       1
  577     766       1
  578     650       1
  579     734       1
  580     641       1
  581     661       1
  581     692       1
  582     605       1
  584     604       1
  585     737       1
  586     590       1
  587     684       1
  589     705       1
  590     788       1
  593     693       1
  593     800       1
  594     794       1
  599     773       1
  602     604       1
  603     650       1
  603     679       1
  604     619       1
  604     710       1
  607     641       1
  609     652       1
  609     681       1
  613     800       1
  615     711       1
  616     753       1
  617     652       1
  617     787       1
  618     690       1
  619     668       1
  620     688       1
  621     664       1
  621     673       1
  624     648       1
  627     761       1
  628     675       1
  629     673       1
  629     798       1
  631     742       1
  631     768       1
  635     800       1
  638     734       1
  638     771       1
  640     768       1
  643     730       1
  645     702       1
  645     734       1
  646     733       1
  647     766       1
  650     671       1
  650     711       1
  652     700       1
  654     716       1
  656     657       1
  656     734       1
  659     684       1
  660     688       1
  662     680       1
  665     673       1
  674     727       1
  680     681       1
  682     776       1
  687     704       1
  693     717       1
  698     773       1
  699     752       1
  704     749       1
  716     790       1
  720     786       1
  735     764       1
  738     765       1
  738     791       1
  739     786       1
  741     775       1
  745     797       1
  766     779       1
  772     778       1
