  400     459
    1     175       1
    2      24       1
    2      48       1
    2     258       1
    3     150       1
    3     296       1
    4      33       1
    4     130       1
    4     154       1
    4     292       1
    4     335       1
    5     141       1
    6      22       1
    6      39       1
    6      45       1
    6     127       1
    6     164       1
    6     264       1
    6     311       1
    6     324       1
    7      82       1
    7     309       1
    8     136       1
    9     187       1
    9     313       1
    9     397       1
   10     321       1
   11      34       1
   11      49       1
   11      82       1
   11     120       1
   12      30       1
   12     183       1
   12     227       1
   12     250       1
   13      39       1
   13     321       1
   13     325       1
   14      56       1
   14     261       1
   15      56       1
   15     280       1
   16      90       1
   16     163       1
   16     174       1
   16     380       1
   17     156       1
   17     298       1
   17     334       1
   18     125       1
   18     205       1
   18     246       1
   19      25       1
   20     187       1
   21     244       1
   21     248       1
   21     357       1
   22     158       1
   22     273       1
   22     365       1
   23     134       1
   23     215       1
   25     119       1
   25     185       1
   26     323       1
   27      68       1
   27      96       1
   28     292       1
   29     264       1
   29     372       1
   30     231       1
   31      60       1
   32      91       1
   32     108       1
   32     370       1
   32     395       1
   33     341       1
   35     154       1
   36     198       1
   37     362       1
   37     383       1
   38     123       1
   39      70       1
   39     102       1
   39     131       1
   39     179       1
   39     236       1
   39     378       1
   40     222       1
   40     286       1
   41     114       1
   41     155       1
   41     184       1
   41     309       1
   42     283       1
   43     378       1
   44     336       1
   45      63       1
   45     141       1
   45     160       1
   45     168       1
   45     186       1
   45     284       1
   45     313       1
   45     317       1
   46     373       1
   47      52       1
   47      96       1
   47     259       1
   47     265       1
   48      66       1
   48      71       1
   48     150       1
   48     294       1
   48     347       1
   48     378       1
   49     216       1
   50      74       1
   50      82       1
   50     136       1
   50     168       1
   51      90       1
   51     366       1
   52     165       1
   53     174       1
   53     375       1
   54     394       1
   55      79       1
   55     310       1
   56     165       1
   56     289       1
   56     327       1
   57      58       1
   57     186       1
   57     310       1
   58      75       1
   59     167       1
   60     268       1
   61     382       1
   62     112       1
   62     162       1
   62     166       1
   63     255       1
   64     170       1
   64     324       1
   65     200       1
   65     369       1
   66      99       1
   66     110       1
   66     193       1
   67     292       1
   68     313       1
   69     372       1
   70     266       1
   71      78       1
   71     107       1
   71     134       1
   71     214       1
   71     239       1
   72     294       1
   73     188       1
   73     259       1
   74     192       1
   75     214       1
   76     265       1
   77     141       1
   79     223       1
   79     284       1
   79     343       1
   80     315       1
   81     392       1
   82     184       1
   82     284       1
   83     174       1
   83     238       1
   84     221       1
   84     354       1
   84     388       1
   85     164       1
   86     180       1
   86     212       1
   86     346       1
   87     100       1
   88     373       1
   89     187       1
   92     196       1
   93     199       1
   93     306       1
   93     314       1
   94     363       1
   95     230       1
   95     279       1
   95     308       1
   95     330       1
   96     118       1
   96     176       1
   97     186       1
   97     267       1
   98     192       1
  100     137       1
  100     164       1
  100     254       1
  100     293       1
  100     399       1
  101     366       1
  102     358       1
  103     120       1
  103     173       1
  104     239       1
  105     266       1
  106     385       1
  107     305       1
  109     198       1
  111     335       1
  113     139       1
  113     158       1
  113     329       1
  113     357       1
  114     381       1
  115     393       1
  116     247       1
  116     322       1
  117     304       1
  118     326       1
  119     149       1
  120     206       1
  120     241       1
  121     177       1
  121     322       1
  121     334       1
  122     370       1
  123     388       1
  124     174       1
  124     177       1
  124     353       1
  126     155       1
  126     242       1
  126     349       1
  127     319       1
  128     190       1
  128     217       1
  128     341       1
  129     265       1
  129     389       1
  131     140       1
  131     178       1
  131     351       1
  132     199       1
  132     228       1
  132     284       1
  132     394       1
  133     204       1
  134     194       1
  135     154       1
  135     165       1
  135     185       1
  135     345       1
  135     350       1
  135     389       1
  136     151       1
  136     268       1
  136     320       1
  137     359       1
  138     292       1
  139     192       1
  139     218       1
  140     260       1
  142     179       1
  143     169       1
  143     172       1
  143     174       1
  143     306       1
  144     218       1
  144     250       1
  144     375       1
  145     153       1
  145     268       1
  146     163       1
  146     257       1
  147     186       1
  147     281       1
  147     291       1
  147     305       1
  148     159       1
  148     358       1
  149     294       1
  149     389       1
  150     195       1
  152     170       1
  153     281       1
  154     157       1
  155     227       1
  155     277       1
  155     315       1
  155     376       1
  155     400       1
  156     397       1
  157     190       1
  157     279       1
  157     369       1
  157     396       1
  158     387       1
  159     160       1
  159     373       1
  161     264       1
  163     205       1
  163     303       1
  164     385       1
  165     224       1
  165     250       1
  165     276       1
  165     308       1
  166     278       1
  166     283       1
  166     394       1
  167     279       1
  168     224       1
  170     180       1
  170     188       1
  170     295       1
  170     302       1
  171     331       1
  174     394       1
  175     232       1
  176     317       1
  181     317       1
  182     341       1
  182     391       1
  183     263       1
  183     355       1
  187     243       1
  187     321       1
  189     386       1
  190     271       1
  190     338       1
  191     276       1
  191     362       1
  191     398       1
  192     340       1
  193     283       1
  196     303       1
  197     224       1
  198     347       1
  201     277       1
  202     294       1
  203     281       1
  204     228       1
  204     302       1
  207     225       1
  207     283       1
  208     346       1
  208     352       1
  208     396       1
  209     260       1
  210     216       1
  211     299       1
  213     260       1
  213     290       1
  213     398       1
  214     375       1
  215     285       1
  218     355       1
  218     384       1
  219     229       1
  220     286       1
  224     244       1
  224     256       1
  224     344       1
  226     271       1
  226     323       1
  227     260       1
  227     334       1
  229     252       1
  229     342       1
  229     363       1
  231     389       1
  232     252       1
  233     250       1
  233     392       1
  234     367       1
  235     260       1
  236     270       1
  236     333       1
  237     264       1
  239     324       1
  240     252       1
  244     252       1
  244     329       1
  245     392       1
  246     302       1
  247     268       1
  248     295       1
  249     294       1
  249     296       1
  250     282       1
  250     312       1
  251     274       1
  251     305       1
  251     337       1
  251     390       1
  253     361       1
  256     315       1
  257     371       1
  259     276       1
  259     352       1
  260     318       1
  260     364       1
  262     275       1
  263     383       1
  264     361       1
  267     339       1
  268     367       1
  269     303       1
  272     359       1
  274     301       1
  275     336       1
  275     352       1
  276     334       1
  278     285       1
  282     388       1
  282     392       1
  283     300       1
  285     367       1
  286     321       1
  287     289       1
  288     391       1
  290     332       1
  297     373       1
  299     324       1
  299     360       1
  300     355       1
  301     305       1
  301     386       1
  304     348       1
  306     331       1
  307     323       1
  308     395       1
  311     373       1
  311     379       1
  316     363       1
  316     382       1
  324     386       1
  328     365       1
  331     372       1
  332     365       1
  333     392       1
  334     368       1
  337     397       1
  340     353       1
  343     352       1
  348     382       1
  348     394       1
  355     377       1
  356     386       1
  372     394       1
  372     398       1
  374     394       1
  376     390       1
  385     393       1
