   50      73
    1      20       1
    1      24       1
    1      27       1
    1      36       1
    1      48       1
    2       6       1
    3       4       1
    3      22       1
    4      44       1
    4      48       1
    5      13       1
    5      44       1
    6      27       1
    7      22       1
    7      30       1
    7      31       1
    7      41       1
    7      46       1
    8      49       1
    9      11       1
    9      45       1
   10      32       1
   11      20       1
   11      37       1
   12      25       1
   14      17       1
   14      30       1
   14      32       1
   14      39       1
   15      27       1
   15      41       1
   15      45       1
   16      17       1
   16      33       1
   16      44       1
   17      22       1
   17      39       1
   17      40       1
   18      25       1
   18      37       1
   19      27       1
   19      31       1
   20      23       1
   20      24       1
   20      30       1
   21      23       1
   21      28       1
   21      34       1
   21      37       1
   22      28       1
   22      43       1
   22      49       1
   25      28       1
   25      29       1
   26      37       1
   26      46       1
   27      35       1
   27      39       1
   27      43       1
   28      31       1
   29      39       1
   30      43       1
   31      43       1
   31      50       1
   32      42       1
   32      45       1
   36      43       1
   38      45       1
   39      45       1
   40      47       1
   40      50       1
   46      47       1
   46      48       1
