  100     129
    1      16       1
    1      30       1
    1      45       1
    1      52       1
    1      54       1
    1      66       1
    2      96       1
    3      24       1
    3      51       1
    3      54       1
    3      65       1
    3      88       1
    4       8       1
    4      55       1
    5      44       1
    6      64       1
    6      78       1
    6      85       1
    6      94       1
    7      73       1
    7      74       1
    7      82       1
    8      37       1
    9      22       1
    9      51       1
    9      55       1
    9      83       1
    9      93       1
   10      18       1
   10      29       1
   11      87       1
   12      17       1
   12      27       1
   12      33       1
   12      57       1
   13      57       1
   14      32       1
   14      70       1
   15      28       1
   15      55       1
   15      63       1
   16      89       1
   17      21       1
   17      56       1
   18      26       1
   18      55       1
   19      48       1
   19      94       1
   19      97       1
   20      49       1
   21      23       1
   21      47       1
   22      44       1
   22      75       1
   23      52       1
   23      63       1
   24      75       1
   25      37       1
   25      54       1
   25      68       1
   26      33       1
   27      47       1
   27      70       1
   27      80       1
   27      81       1
   28      61       1
   29      61       1
   30      63       1
   30      82       1
   31      55       1
   31      96       1
   33      72       1
   34      37       1
   34      52       1
   35      39       1
   36      79       1
   37      40       1
   37      57       1
   38      74       1
   39      58       1
   39      70       1
   41      50       1
   41      72       1
   41      87       1
   41      94       1
   42      60       1
   42      82       1
   42      91       1
   43     100       1
   46      52       1
   47      48       1
   47      86       1
   49      52       1
   50      80       1
   51      74       1
   51      90       1
   53      57       1
   53      94       1
   55      82       1
   55      95       1
   56      83       1
   57      61       1
   57      62       1
   57      71       1
   57      92       1
   58      84       1
   59      66       1
   60      79       1
   62      99       1
   63      66       1
   63      77       1
   63      83       1
   64      72       1
   64      84       1
   66      72       1
   67      79       1
   69      82       1
   69      98       1
   70      81       1
   70      82       1
   70      87       1
   70     100       1
   75      79       1
   76      85       1
   80      92       1
   82      94       1
   86      92       1
   88      98       1
   96      99       1
