  700     780
    1     156       1
    1     375       1
    2     211       1
    3      22       1
    3     492       1
    3     611       1
    4     151       1
    4     253       1
    4     461       1
    5     590       1
    6     130       1
    6     389       1
    7      97       1
    7     108       1
    7     120       1
    7     139       1
    7     410       1
    7     508       1
    8     178       1
    8     317       1
    9     648       1
   10     331       1
   10     372       1
   11      83       1
   11     335       1
   11     608       1
   12     104       1
   12     499       1
   12     622       1
   13     511       1
   14      17       1
   14      74       1
   14     501       1
   15     211       1
   15     246       1
   15     678       1
   16     233       1
   16     253       1
   16     258       1
   16     383       1
   17     172       1
   17     547       1
   18     268       1
   19      56       1
   19     197       1
   19     604       1
   20      23       1
   20     154       1
   20     241       1
   21     267       1
   22     552       1
   23      60       1
   23     393       1
   23     501       1
   23     656       1
   24     414       1
   25     343       1
   26      84       1
   26     155       1
   26     265       1
   26     442       1
   26     519       1
   26     547       1
   26     612       1
   26     634       1
   27     472       1
   27     531       1
   27     582       1
   28     397       1
   29     226       1
   29     254       1
   29     357       1
   30     217       1
   30     378       1
   31      33       1
   31     588       1
   32     557       1
   33     696       1
   34      69       1
   35     585       1
   36      96       1
   36     249       1
   36     303       1
   36     316       1
   36     650       1
   37     536       1
   37     695       1
   38     595       1
   39     221       1
   40     598       1
   41     531       1
   42     231       1
   42     254       1
   43     392       1
   44     180       1
   44     609       1
   45     250       1
   46     160       1
   46     260       1
   47     564       1
   48     350       1
   48     481       1
   49      77       1
   50      77       1
   50     282       1
   51      73       1
   51      77       1
   51     216       1
   51     626       1
   52     451       1
   52     693       1
   53     542       1
   54     405       1
   54     489       1
   55      82       1
   56     135       1
   56     161       1
   56     256       1
   56     445       1
   56     544       1
   56     693       1
   57      73       1
   58     370       1
   58     517       1
   58     662       1
   59     207       1
   59     457       1
   60     179       1
   60     217       1
   60     351       1
   60     485       1
   60     591       1
   60     600       1
   61     123       1
   61     138       1
   61     169       1
   61     308       1
   61     457       1
   61     528       1
   61     647       1
   62     451       1
   62     508       1
   62     598       1
   63     371       1
   64     267       1
   64     647       1
   64     696       1
   65      78       1
   66      78       1
   67     444       1
   68     384       1
   69     515       1
   69     628       1
   70     525       1
   70     560       1
   71     106       1
   71     124       1
   72     586       1
   73     628       1
   75     149       1
   75     469       1
   75     590       1
   75     621       1
   76     144       1
   76     612       1
   77     182       1
   77     217       1
   77     228       1
   77     260       1
   77     298       1
   77     516       1
   78      87       1
   78     246       1
   78     289       1
   79     213       1
   79     576       1
   80     538       1
   81     297       1
   81     367       1
   81     381       1
   82     234       1
   82     235       1
   82     456       1
   82     508       1
   82     568       1
   82     571       1
   85     475       1
   85     526       1
   86     114       1
   86     288       1
   88     516       1
   88     535       1
   89     176       1
   89     395       1
   89     481       1
   90     425       1
   91     597       1
   92     611       1
   93     200       1
   93     675       1
   94     103       1
   94     292       1
   94     301       1
   94     391       1
   94     417       1
   94     555       1
   95     247       1
   95     653       1
   96     329       1
   96     409       1
   96     475       1
   97     310       1
   97     611       1
   98     145       1
   98     251       1
   98     421       1
   98     472       1
   98     537       1
   99     121       1
   99     155       1
   99     343       1
  100     564       1
  101     205       1
  101     270       1
  101     396       1
  102     118       1
  102     431       1
  102     579       1
  103     242       1
  103     295       1
  104     333       1
  104     659       1
  105     449       1
  106     539       1
  107     637       1
  108     347       1
  108     633       1
  109     431       1
  109     478       1
  110     668       1
  111     477       1
  111     520       1
  111     522       1
  112     492       1
  113     320       1
  115     477       1
  116     564       1
  117     324       1
  117     654       1
  117     677       1
  119     651       1
  120     597       1
  122     533       1
  122     691       1
  123     444       1
  123     516       1
  123     527       1
  123     594       1
  123     655       1
  125     194       1
  125     449       1
  125     503       1
  126     377       1
  127     258       1
  127     507       1
  128     414       1
  128     545       1
  129     362       1
  129     425       1
  130     627       1
  131     251       1
  132     237       1
  132     581       1
  133     477       1
  133     645       1
  134     308       1
  135     182       1
  135     599       1
  135     686       1
  136     260       1
  137     321       1
  138     315       1
  138     471       1
  138     610       1
  138     615       1
  139     334       1
  139     346       1
  139     592       1
  140     247       1
  141     435       1
  141     504       1
  141     609       1
  141     641       1
  141     688       1
  142     249       1
  143     608       1
  144     639       1
  145     268       1
  146     700       1
  147     481       1
  148     541       1
  148     602       1
  150     279       1
  150     606       1
  151     337       1
  152     333       1
  152     576       1
  152     583       1
  153     207       1
  153     229       1
  154     320       1
  155     408       1
  155     425       1
  155     439       1
  155     644       1
  156     592       1
  157     169       1
  158     280       1
  158     328       1
  158     349       1
  158     432       1
  158     475       1
  158     496       1
  159     225       1
  159     586       1
  160     418       1
  162     409       1
  162     609       1
  163     466       1
  163     481       1
  164     226       1
  164     561       1
  165     181       1
  165     225       1
  165     371       1
  165     646       1
  166     644       1
  167     676       1
  168     232       1
  168     416       1
  170     412       1
  170     501       1
  171     265       1
  171     314       1
  171     584       1
  172     209       1
  172     439       1
  173     472       1
  173     477       1
  173     509       1
  173     556       1
  173     572       1
  173     581       1
  173     662       1
  174     528       1
  174     540       1
  175     411       1
  175     554       1
  175     690       1
  176     287       1
  177     486       1
  177     562       1
  178     262       1
  179     453       1
  182     253       1
  182     270       1
  182     508       1
  182     634       1
  183     212       1
  183     494       1
  183     549       1
  184     234       1
  184     513       1
  185     304       1
  185     452       1
  185     684       1
  186     405       1
  186     413       1
  187     320       1
  188     346       1
  189     221       1
  189     327       1
  190     391       1
  191     504       1
  192     381       1
  192     448       1
  193     325       1
  193     336       1
  193     356       1
  195     683       1
  196     566       1
  198     627       1
  198     643       1
  199     410       1
  200     312       1
  200     630       1
  201     443       1
  201     558       1
  202     576       1
  202     583       1
  203     386       1
  204     611       1
  206     292       1
  208     428       1
  209     291       1
  209     548       1
  210     349       1
  210     430       1
  210     487       1
  210     511       1
  210     567       1
  211     311       1
  211     626       1
  211     700       1
  213     344       1
  213     502       1
  214     268       1
  215     284       1
  216     479       1
  217     278       1
  217     419       1
  217     609       1
  217     658       1
  218     264       1
  218     353       1
  218     500       1
  219     321       1
  220     425       1
  220     455       1
  220     477       1
  221     286       1
  222     651       1
  223     495       1
  223     656       1
  224     590       1
  224     694       1
  226     253       1
  226     349       1
  226     391       1
  226     440       1
  226     614       1
  226     636       1
  227     273       1
  228     249       1
  228     564       1
  228     683       1
  229     608       1
  230     610       1
  232     253       1
  232     312       1
  232     617       1
  232     648       1
  234     300       1
  234     455       1
  235     560       1
  235     590       1
  236     605       1
  238     494       1
  239     658       1
  240     251       1
  243     623       1
  244     450       1
  245     325       1
  247     294       1
  247     524       1
  247     633       1
  248     574       1
  249     322       1
  249     532       1
  250     341       1
  250     602       1
  251     593       1
  252     512       1
  252     626       1
  253     371       1
  253     466       1
  253     494       1
  253     601       1
  253     613       1
  254     352       1
  254     486       1
  255     532       1
  256     601       1
  257     376       1
  257     442       1
  257     485       1
  257     692       1
  257     699       1
  259     265       1
  259     330       1
  259     384       1
  260     474       1
  261     634       1
  263     372       1
  263     402       1
  263     422       1
  263     527       1
  264     514       1
  265     631       1
  266     361       1
  266     373       1
  267     438       1
  267     454       1
  268     683       1
  269     578       1
  269     619       1
  270     667       1
  271     440       1
  272     317       1
  272     476       1
  273     340       1
  273     491       1
  274     657       1
  275     276       1
  276     501       1
  277     280       1
  279     634       1
  280     438       1
  281     308       1
  283     689       1
  284     376       1
  285     635       1
  287     415       1
  288     397       1
  289     290       1
  289     379       1
  289     676       1
  290     577       1
  292     323       1
  293     429       1
  296     384       1
  297     673       1
  299     478       1
  299     506       1
  301     424       1
  302     672       1
  305     501       1
  306     501       1
  307     627       1
  308     380       1
  308     685       1
  309     393       1
  310     363       1
  310     504       1
  310     518       1
  313     419       1
  315     603       1
  317     365       1
  317     616       1
  317     661       1
  318     493       1
  318     627       1
  319     416       1
  320     572       1
  321     525       1
  326     588       1
  327     457       1
  327     657       1
  328     685       1
  329     332       1
  329     521       1
  330     657       1
  331     493       1
  332     627       1
  336     358       1
  338     673       1
  339     525       1
  340     503       1
  341     590       1
  342     408       1
  343     675       1
  345     613       1
  347     687       1
  348     390       1
  348     423       1
  348     435       1
  349     551       1
  350     490       1
  353     525       1
  353     554       1
  353     557       1
  354     387       1
  354     642       1
  355     539       1
  356     391       1
  357     483       1
  358     447       1
  358     542       1
  358     587       1
  358     685       1
  359     693       1
  360     434       1
  360     678       1
  361     639       1
  363     497       1
  363     674       1
  363     686       1
  364     469       1
  365     381       1
  365     579       1
  365     607       1
  365     670       1
  366     635       1
  366     642       1
  367     419       1
  367     660       1
  368     532       1
  369     372       1
  369     681       1
  370     559       1
  371     525       1
  371     587       1
  371     694       1
  373     421       1
  373     478       1
  373     590       1
  374     616       1
  377     667       1
  378     626       1
  380     518       1
  382     629       1
  383     673       1
  384     428       1
  384     507       1
  385     503       1
  386     637       1
  387     426       1
  388     408       1
  391     466       1
  392     504       1
  394     478       1
  396     669       1
  397     572       1
  397     576       1
  397     623       1
  398     638       1
  399     618       1
  399     671       1
  399     689       1
  400     424       1
  400     581       1
  401     653       1
  403     480       1
  404     494       1
  405     533       1
  405     552       1
  405     573       1
  406     474       1
  407     462       1
  407     521       1
  407     530       1
  415     587       1
  417     452       1
  418     552       1
  418     697       1
  420     466       1
  422     430       1
  422     692       1
  423     683       1
  424     465       1
  424     663       1
  425     472       1
  427     639       1
  429     612       1
  433     531       1
  435     550       1
  436     549       1
  437     441       1
  437     553       1
  437     689       1
  439     443       1
  440     635       1
  442     694       1
  443     468       1
  444     536       1
  446     616       1
  448     581       1
  449     626       1
  450     487       1
  453     620       1
  457     675       1
  458     613       1
  459     642       1
  460     463       1
  462     479       1
  462     510       1
  463     504       1
  464     495       1
  466     467       1
  466     559       1
  466     608       1
  469     595       1
  469     618       1
  469     679       1
  470     529       1
  470     664       1
  473     588       1
  474     629       1
  477     492       1
  477     527       1
  479     571       1
  480     594       1
  481     494       1
  481     569       1
  482     560       1
  484     585       1
  485     522       1
  488     668       1
  494     566       1
  494     692       1
  495     538       1
  495     678       1
  498     695       1
  500     549       1
  501     640       1
  503     611       1
  503     658       1
  504     539       1
  505     604       1
  506     549       1
  508     580       1
  508     583       1
  511     698       1
  513     611       1
  516     643       1
  522     672       1
  523     581       1
  527     587       1
  527     645       1
  528     542       1
  528     622       1
  528     696       1
  529     591       1
  531     575       1
  532     699       1
  534     541       1
  535     695       1
  536     624       1
  539     585       1
  539     659       1
  540     589       1
  541     554       1
  543     677       1
  545     600       1
  546     622       1
  549     574       1
  551     680       1
  552     634       1
  552     654       1
  553     586       1
  563     625       1
  563     693       1
  565     586       1
  566     635       1
  570     626       1
  572     664       1
  572     668       1
  579     652       1
  581     597       1
  590     609       1
  590     616       1
  590     649       1
  591     616       1
  596     612       1
  598     695       1
  600     627       1
  605     638       1
  611     638       1
  611     666       1
  613     677       1
  616     651       1
  616     676       1
  619     644       1
  626     632       1
  626     641       1
  627     689       1
  627     691       1
  637     672       1
  665     678       1
  682     700       1
