  500     568
    1     271       1
    1     444       1
    1     500       1
    2     469       1
    3     107       1
    3     384       1
    4     354       1
    5     458       1
    6     209       1
    7      64       1
    8     490       1
    9     461       1
   10     144       1
   11     117       1
   11     285       1
   11     391       1
   12      41       1
   12     357       1
   13     171       1
   13     328       1
   13     411       1
   14      71       1
   15     355       1
   16     444       1
   17     329       1
   17     441       1
   18     125       1
   18     422       1
   19     231       1
   19     287       1
   19     407       1
   19     426       1
   20     325       1
   20     337       1
   21     326       1
   22      68       1
   22     371       1
   23     241       1
   23     252       1
   23     309       1
   24     176       1
   25     257       1
   25     457       1
   26     127       1
   26     211       1
   26     259       1
   26     476       1
   27     155       1
   27     364       1
   28      52       1
   28     118       1
   28     281       1
   28     300       1
   28     302       1
   28     413       1
   29     413       1
   29     489       1
   30     350       1
   30     494       1
   31     369       1
   32      87       1
   32     178       1
   32     318       1
   32     325       1
   32     351       1
   32     363       1
   33     182       1
   33     413       1
   34     102       1
   35     147       1
   35     272       1
   36      45       1
   36     251       1
   36     311       1
   37     102       1
   37     149       1
   37     401       1
   38     137       1
   38     159       1
   38     391       1
   38     488       1
   38     493       1
   39     108       1
   40      76       1
   40     274       1
   42     285       1
   43     113       1
   43     226       1
   43     284       1
   43     324       1
   43     444       1
   44     445       1
   46     146       1
   47     270       1
   47     290       1
   48     293       1
   48     386       1
   48     397       1
   48     403       1
   49     484       1
   50     323       1
   51     155       1
   51     319       1
   53      95       1
   53     257       1
   53     279       1
   53     394       1
   54      83       1
   54     188       1
   55     237       1
   56     312       1
   57     117       1
   57     182       1
   57     399       1
   57     443       1
   58     168       1
   59      63       1
   59     248       1
   60     413       1
   61      93       1
   61     112       1
   61     309       1
   61     316       1
   61     377       1
   62     129       1
   63     249       1
   63     299       1
   64     176       1
   64     260       1
   64     484       1
   65      89       1
   65     493       1
   66     141       1
   66     164       1
   66     412       1
   66     435       1
   67     168       1
   67     202       1
   68     163       1
   68     368       1
   68     405       1
   69     177       1
   70     425       1
   70     474       1
   70     478       1
   71     110       1
   71     187       1
   72     136       1
   72     449       1
   73     151       1
   73     196       1
   74     304       1
   75     394       1
   75     480       1
   76     434       1
   77     110       1
   77     389       1
   78     249       1
   79     108       1
   79     119       1
   79     498       1
   80     206       1
   80     388       1
   81     332       1
   81     421       1
   81     430       1
   81     469       1
   82     154       1
   83     137       1
   83     138       1
   83     252       1
   84     358       1
   85     306       1
   85     361       1
   86     137       1
   86     184       1
   86     238       1
   86     297       1
   86     306       1
   86     393       1
   87     113       1
   87     176       1
   87     386       1
   87     403       1
   87     464       1
   88     309       1
   88     467       1
   89     132       1
   89     181       1
   89     457       1
   90     197       1
   90     259       1
   91     349       1
   91     367       1
   92     416       1
   94     440       1
   94     480       1
   96     185       1
   96     309       1
   96     406       1
   97     234       1
   98     398       1
   99     488       1
  100     116       1
  100     252       1
  101     151       1
  101     345       1
  102     420       1
  102     451       1
  103     205       1
  103     304       1
  104     127       1
  105     210       1
  106     407       1
  107     265       1
  107     301       1
  107     358       1
  108     293       1
  109     170       1
  110     249       1
  110     276       1
  110     371       1
  110     486       1
  111     196       1
  112     280       1
  112     313       1
  112     315       1
  112     370       1
  112     434       1
  113     339       1
  113     436       1
  114     266       1
  115     325       1
  115     478       1
  117     261       1
  118     427       1
  119     151       1
  119     407       1
  120     392       1
  120     414       1
  121     221       1
  121     402       1
  122     408       1
  123     246       1
  123     306       1
  124     158       1
  124     178       1
  124     304       1
  124     424       1
  125     149       1
  125     161       1
  126     363       1
  127     174       1
  127     234       1
  127     263       1
  127     445       1
  128     164       1
  129     295       1
  130     222       1
  130     306       1
  130     350       1
  130     454       1
  131     195       1
  132     234       1
  132     300       1
  132     408       1
  133     157       1
  133     395       1
  134     187       1
  134     417       1
  135     370       1
  136     497       1
  137     320       1
  137     378       1
  137     455       1
  138     329       1
  139     251       1
  139     353       1
  140     147       1
  142     150       1
  142     213       1
  142     257       1
  142     309       1
  143     455       1
  144     451       1
  145     200       1
  145     237       1
  146     416       1
  147     263       1
  148     153       1
  148     434       1
  148     446       1
  149     172       1
  149     333       1
  149     374       1
  150     266       1
  150     461       1
  151     309       1
  152     345       1
  153     178       1
  153     330       1
  154     458       1
  155     240       1
  155     245       1
  155     264       1
  155     499       1
  156     290       1
  157     379       1
  158     385       1
  160     199       1
  160     251       1
  160     399       1
  160     500       1
  161     212       1
  162     401       1
  163     307       1
  163     476       1
  165     317       1
  166     182       1
  166     280       1
  166     304       1
  167     288       1
  167     465       1
  168     194       1
  168     207       1
  168     289       1
  168     378       1
  169     304       1
  170     237       1
  170     252       1
  171     185       1
  173     318       1
  174     428       1
  174     475       1
  174     490       1
  175     357       1
  175     364       1
  177     286       1
  179     216       1
  179     290       1
  180     349       1
  180     409       1
  183     231       1
  183     289       1
  184     187       1
  186     380       1
  186     451       1
  189     308       1
  189     384       1
  190     269       1
  191     238       1
  192     458       1
  193     222       1
  194     208       1
  194     383       1
  195     331       1
  195     345       1
  196     255       1
  196     332       1
  198     327       1
  201     256       1
  201     330       1
  201     476       1
  202     283       1
  202     423       1
  203     289       1
  204     336       1
  204     339       1
  204     355       1
  204     430       1
  206     302       1
  207     318       1
  207     480       1
  207     496       1
  209     465       1
  209     482       1
  210     277       1
  210     473       1
  211     305       1
  213     356       1
  214     332       1
  215     386       1
  216     455       1
  217     456       1
  218     263       1
  218     487       1
  219     283       1
  220     315       1
  221     343       1
  222     468       1
  223     413       1
  223     452       1
  224     342       1
  225     294       1
  225     463       1
  225     482       1
  226     275       1
  227     339       1
  228     325       1
  229     497       1
  230     487       1
  231     320       1
  232     457       1
  233     268       1
  235     392       1
  236     428       1
  237     273       1
  237     332       1
  239     399       1
  240     332       1
  241     420       1
  241     432       1
  242     318       1
  243     412       1
  244     397       1
  244     498       1
  247     329       1
  248     294       1
  248     311       1
  248     361       1
  249     256       1
  249     308       1
  249     421       1
  249     456       1
  250     276       1
  251     481       1
  252     484       1
  253     367       1
  253     410       1
  254     395       1
  255     344       1
  255     395       1
  255     466       1
  255     482       1
  257     327       1
  257     353       1
  258     391       1
  259     303       1
  259     358       1
  262     323       1
  263     272       1
  263     309       1
  263     376       1
  263     480       1
  263     482       1
  264     373       1
  266     302       1
  267     400       1
  268     306       1
  268     471       1
  269     340       1
  269     427       1
  270     318       1
  272     429       1
  273     299       1
  273     404       1
  275     431       1
  275     451       1
  278     309       1
  281     360       1
  282     310       1
  282     407       1
  283     422       1
  284     437       1
  284     497       1
  285     376       1
  285     405       1
  286     332       1
  289     438       1
  290     311       1
  291     306       1
  291     338       1
  292     372       1
  295     338       1
  295     352       1
  295     410       1
  296     337       1
  298     447       1
  301     312       1
  304     470       1
  304     479       1
  305     483       1
  306     309       1
  306     328       1
  306     416       1
  306     469       1
  309     456       1
  312     482       1
  313     323       1
  313     397       1
  314     394       1
  315     408       1
  315     475       1
  317     398       1
  317     399       1
  317     415       1
  318     419       1
  319     347       1
  321     496       1
  322     337       1
  325     369       1
  326     328       1
  326     373       1
  328     387       1
  328     413       1
  328     447       1
  329     369       1
  329     385       1
  332     473       1
  334     416       1
  334     483       1
  335     399       1
  338     339       1
  338     340       1
  338     414       1
  338     458       1
  339     474       1
  340     492       1
  341     378       1
  342     348       1
  342     460       1
  346     376       1
  346     461       1
  347     462       1
  348     411       1
  348     456       1
  348     495       1
  349     357       1
  353     472       1
  353     485       1
  354     473       1
  359     433       1
  359     439       1
  362     426       1
  365     372       1
  366     394       1
  367     400       1
  367     464       1
  371     381       1
  372     396       1
  375     417       1
  378     382       1
  386     471       1
  390     495       1
  393     491       1
  394     441       1
  396     455       1
  401     467       1
  402     459       1
  402     464       1
  405     442       1
  405     448       1
  406     450       1
  412     480       1
  417     418       1
  417     446       1
  422     456       1
  434     451       1
  436     486       1
  437     463       1
  439     476       1
  453     462       1
  453     490       1
  465     473       1
  468     492       1
  470     497       1
  476     477       1
  484     500       1
