   50      73
    1       6       1
    1      11       1
    2       8       1
    2      16       1
    2      39       1
    3      43       1
    3      46       1
    4       8       1
    4      10       1
    4      14       1
    4      27       1
    4      28       1
    4      43       1
    5      10       1
    5      27       1
    6       7       1
    6       8       1
    6      17       1
    6      35       1
    6      50       1
    8      20       1
    8      27       1
    8      40       1
    9      11       1
    9      13       1
    9      33       1
    9      43       1
   10      12       1
   10      37       1
   11      20       1
   12      30       1
   12      48       1
   12      49       1
   13      22       1
   15      23       1
   15      36       1
   16      35       1
   16      38       1
   17      26       1
   17      43       1
   17      47       1
   18      35       1
   19      24       1
   19      45       1
   20      30       1
   20      32       1
   20      35       1
   20      50       1
   21      45       1
   21      48       1
   23      43       1
   24      28       1
   25      26       1
   25      43       1
   26      27       1
   27      31       1
   27      36       1
   28      31       1
   29      33       1
   29      44       1
   32      41       1
   34      43       1
   36      38       1
   37      49       1
   39      40       1
   39      42       1
   39      43       1
   39      47       1
   40      41       1
   41      43       1
   41      45       1
   43      44       1
   43      49       1
