  600     674
    1      33       1
    1     245       1
    1     264       1
    2     254       1
    2     524       1
    3     419       1
    3     487       1
    4      33       1
    4     291       1
    4     428       1
    5     284       1
    5     505       1
    5     536       1
    5     562       1
    6     175       1
    7      29       1
    7      45       1
    7      95       1
    7     269       1
    7     426       1
    7     438       1
    7     440       1
    7     590       1
    8     453       1
    9     215       1
   10     480       1
   11      63       1
   12     399       1
   13     151       1
   14     246       1
   14     299       1
   15     188       1
   15     302       1
   16     265       1
   17      44       1
   17     211       1
   17     517       1
   18     253       1
   19     519       1
   20     160       1
   20     194       1
   20     288       1
   20     539       1
   20     544       1
   20     580       1
   20     585       1
   21     304       1
   22      56       1
   22     151       1
   22     202       1
   22     231       1
   23      88       1
   23     210       1
   24     346       1
   25      82       1
   25     544       1
   26     422       1
   26     517       1
   27     358       1
   28      96       1
   29      40       1
   29     178       1
   29     181       1
   29     364       1
   29     468       1
   29     511       1
   30     186       1
   30     218       1
   30     432       1
   30     474       1
   31      90       1
   32     275       1
   32     379       1
   33      41       1
   33      99       1
   33     205       1
   33     493       1
   34      52       1
   34     100       1
   34     112       1
   34     387       1
   34     462       1
   35     307       1
   36     169       1
   36     255       1
   36     423       1
   36     532       1
   36     583       1
   37     286       1
   37     439       1
   38     364       1
   39     435       1
   39     546       1
   39     560       1
   40     394       1
   42      68       1
   42     342       1
   43     424       1
   44     219       1
   44     445       1
   44     511       1
   45     200       1
   46     310       1
   46     317       1
   47     557       1
   48     314       1
   48     405       1
   48     551       1
   48     575       1
   49     114       1
   49     217       1
   50     107       1
   50     113       1
   50     410       1
   50     560       1
   51     296       1
   51     349       1
   53     587       1
   54     427       1
   55     174       1
   55     508       1
   57     278       1
   58     104       1
   58     291       1
   58     424       1
   58     522       1
   59      73       1
   60     597       1
   61     269       1
   61     397       1
   61     556       1
   62     403       1
   63     504       1
   64     261       1
   65     322       1
   65     534       1
   65     582       1
   66     178       1
   67     329       1
   68     569       1
   69     428       1
   70     375       1
   71     108       1
   71     400       1
   71     598       1
   72     255       1
   72     357       1
   73     526       1
   74     215       1
   74     219       1
   74     233       1
   74     354       1
   75     227       1
   76      79       1
   76     271       1
   76     593       1
   77     427       1
   78     107       1
   78     114       1
   78     384       1
   80     335       1
   80     355       1
   81     219       1
   82     433       1
   82     451       1
   83      95       1
   83     204       1
   83     552       1
   84     270       1
   84     312       1
   85     570       1
   86     223       1
   87     514       1
   87     537       1
   87     573       1
   88     520       1
   89     226       1
   89     362       1
   90      98       1
   90     124       1
   90     126       1
   90     311       1
   90     577       1
   90     597       1
   90     599       1
   91     101       1
   91     338       1
   91     408       1
   92     159       1
   92     161       1
   92     213       1
   93     227       1
   93     491       1
   94     104       1
   94     242       1
   95     430       1
   96     318       1
   97     144       1
   97     296       1
   97     435       1
   97     514       1
   98     329       1
   98     375       1
   98     565       1
   99     426       1
   99     482       1
   99     494       1
  101     278       1
  101     357       1
  101     463       1
  102     369       1
  102     432       1
  103     324       1
  104     105       1
  105     348       1
  105     360       1
  106     527       1
  107     213       1
  109     504       1
  110     141       1
  110     218       1
  110     535       1
  111     455       1
  112     134       1
  112     188       1
  112     209       1
  112     406       1
  112     542       1
  112     563       1
  113     575       1
  113     576       1
  114     320       1
  115     199       1
  115     492       1
  115     511       1
  116     220       1
  116     268       1
  116     395       1
  117     153       1
  117     418       1
  117     521       1
  118     396       1
  118     436       1
  118     475       1
  119     185       1
  119     583       1
  120     180       1
  120     274       1
  120     490       1
  120     590       1
  121     335       1
  121     439       1
  121     467       1
  122     466       1
  123     162       1
  123     362       1
  123     371       1
  124     174       1
  125     342       1
  125     379       1
  125     426       1
  125     532       1
  126     553       1
  127     514       1
  128     494       1
  129     530       1
  130     149       1
  131     455       1
  132     151       1
  133     560       1
  134     381       1
  134     448       1
  134     533       1
  135     136       1
  135     196       1
  135     336       1
  135     389       1
  137     397       1
  137     410       1
  138     223       1
  138     385       1
  138     438       1
  139     380       1
  140     454       1
  141     303       1
  141     429       1
  142     230       1
  143     248       1
  143     280       1
  143     312       1
  143     460       1
  143     512       1
  144     465       1
  144     517       1
  144     591       1
  145     289       1
  145     545       1
  146     489       1
  147     544       1
  148     446       1
  149     343       1
  149     389       1
  150     372       1
  151     522       1
  152     550       1
  153     158       1
  153     225       1
  153     339       1
  153     464       1
  154     532       1
  155     454       1
  156     517       1
  157     237       1
  158     598       1
  160     281       1
  160     420       1
  161     186       1
  161     454       1
  161     557       1
  161     558       1
  163     453       1
  163     555       1
  164     526       1
  164     582       1
  165     373       1
  166     444       1
  167     182       1
  167     344       1
  168     300       1
  168     324       1
  168     362       1
  170     228       1
  170     336       1
  170     528       1
  170     530       1
  171     271       1
  171     454       1
  172     192       1
  172     269       1
  173     544       1
  174     441       1
  175     530       1
  175     587       1
  176     207       1
  177     380       1
  179     379       1
  179     448       1
  182     211       1
  182     275       1
  182     442       1
  183     301       1
  183     311       1
  184     590       1
  185     276       1
  185     438       1
  187     474       1
  187     600       1
  189     193       1
  189     368       1
  190     360       1
  191     216       1
  192     561       1
  193     419       1
  195     264       1
  197     467       1
  197     586       1
  198     282       1
  199     501       1
  200     518       1
  201     225       1
  201     250       1
  202     364       1
  202     507       1
  203     265       1
  203     489       1
  203     574       1
  206     353       1
  206     599       1
  207     356       1
  208     419       1
  209     263       1
  209     292       1
  212     319       1
  212     526       1
  212     588       1
  214     574       1
  216     362       1
  217     389       1
  217     419       1
  217     447       1
  217     505       1
  217     511       1
  219     502       1
  219     527       1
  220     418       1
  220     427       1
  221     261       1
  222     312       1
  222     412       1
  222     426       1
  222     530       1
  223     230       1
  223     372       1
  223     421       1
  224     437       1
  225     479       1
  226     312       1
  226     481       1
  227     383       1
  227     425       1
  229     287       1
  229     572       1
  230     485       1
  230     497       1
  231     314       1
  231     403       1
  231     413       1
  231     438       1
  231     588       1
  232     388       1
  234     414       1
  234     493       1
  234     504       1
  235     375       1
  236     380       1
  237     403       1
  238     537       1
  239     532       1
  240     413       1
  241     466       1
  242     262       1
  242     345       1
  243     440       1
  244     314       1
  244     499       1
  246     296       1
  246     302       1
  246     425       1
  247     312       1
  247     346       1
  247     523       1
  249     439       1
  249     496       1
  250     447       1
  250     500       1
  251     324       1
  252     580       1
  253     379       1
  254     493       1
  255     340       1
  256     460       1
  257     599       1
  258     376       1
  259     350       1
  260     283       1
  260     394       1
  261     278       1
  261     426       1
  261     548       1
  263     369       1
  263     566       1
  264     465       1
  266     427       1
  266     431       1
  266     531       1
  266     571       1
  267     426       1
  267     436       1
  267     454       1
  267     563       1
  268     544       1
  269     585       1
  272     286       1
  272     419       1
  273     295       1
  273     320       1
  273     540       1
  274     299       1
  277     544       1
  278     476       1
  278     590       1
  279     306       1
  279     358       1
  279     438       1
  279     589       1
  282     292       1
  282     362       1
  283     308       1
  283     453       1
  283     568       1
  285     470       1
  286     555       1
  287     349       1
  289     507       1
  290     375       1
  290     478       1
  293     376       1
  293     444       1
  293     578       1
  294     529       1
  295     594       1
  297     515       1
  298     533       1
  300     326       1
  302     317       1
  302     446       1
  302     563       1
  303     394       1
  303     407       1
  303     573       1
  304     313       1
  305     455       1
  305     510       1
  306     385       1
  306     591       1
  307     390       1
  307     550       1
  309     510       1
  310     403       1
  313     538       1
  313     563       1
  313     592       1
  314     436       1
  315     394       1
  316     563       1
  317     326       1
  317     357       1
  318     560       1
  321     326       1
  322     333       1
  322     403       1
  323     350       1
  323     445       1
  325     580       1
  326     495       1
  327     570       1
  328     502       1
  330     477       1
  331     339       1
  332     528       1
  333     584       1
  334     554       1
  335     511       1
  337     365       1
  337     409       1
  337     484       1
  337     521       1
  337     574       1
  337     577       1
  338     505       1
  339     341       1
  339     580       1
  340     369       1
  342     399       1
  342     402       1
  343     347       1
  344     401       1
  345     457       1
  346     502       1
  348     454       1
  351     441       1
  352     528       1
  355     389       1
  355     441       1
  355     478       1
  356     411       1
  356     498       1
  359     444       1
  359     505       1
  361     374       1
  361     385       1
  362     389       1
  363     451       1
  366     398       1
  366     551       1
  367     401       1
  369     550       1
  370     428       1
  370     600       1
  371     458       1
  373     463       1
  373     516       1
  374     438       1
  374     488       1
  377     427       1
  378     493       1
  379     520       1
  380     436       1
  382     511       1
  385     464       1
  386     525       1
  388     571       1
  389     437       1
  390     449       1
  391     444       1
  392     492       1
  393     423       1
  401     573       1
  404     502       1
  408     436       1
  410     566       1
  411     477       1
  412     567       1
  415     505       1
  416     535       1
  417     511       1
  419     583       1
  421     480       1
  423     486       1
  424     582       1
  426     429       1
  426     507       1
  426     577       1
  427     467       1
  427     563       1
  431     529       1
  432     579       1
  434     474       1
  435     457       1
  435     564       1
  437     469       1
  437     567       1
  438     472       1
  438     491       1
  438     543       1
  440     477       1
  442     506       1
  443     536       1
  443     598       1
  445     596       1
  449     549       1
  450     576       1
  451     461       1
  451     476       1
  451     518       1
  452     473       1
  453     455       1
  453     456       1
  453     505       1
  454     511       1
  456     570       1
  459     506       1
  461     590       1
  466     530       1
  467     582       1
  467     600       1
  470     517       1
  471     598       1
  473     480       1
  480     515       1
  483     489       1
  490     513       1
  502     541       1
  503     530       1
  507     560       1
  509     568       1
  509     589       1
  512     561       1
  519     599       1
  525     550       1
  525     563       1
  530     585       1
  532     550       1
  532     569       1
  547     583       1
  548     579       1
  554     585       1
  559     585       1
  572     573       1
  573     590       1
  576     581       1
  585     598       1
  586     593       1
  595     599       1
