  400     459
    1      58       1
    2       4       1
    2     135       1
    2     141       1
    2     164       1
    2     194       1
    2     236       1
    3     237       1
    4     281       1
    5     386       1
    6     244       1
    7      98       1
    7     115       1
    7     342       1
    7     347       1
    8      35       1
    8      84       1
    8     321       1
    9     168       1
   10     221       1
   10     294       1
   11     320       1
   12     273       1
   12     300       1
   13     193       1
   13     275       1
   13     282       1
   14      56       1
   14      91       1
   14     189       1
   15     146       1
   15     249       1
   16     303       1
   16     307       1
   16     344       1
   17     147       1
   18     188       1
   18     212       1
   18     289       1
   18     345       1
   19     366       1
   19     399       1
   20     120       1
   20     317       1
   20     320       1
   20     375       1
   21     182       1
   22      35       1
   22      88       1
   23     388       1
   24     394       1
   25      62       1
   25      79       1
   25     145       1
   25     152       1
   25     248       1
   26     221       1
   27     194       1
   28     343       1
   29     124       1
   29     167       1
   29     370       1
   30      62       1
   30     155       1
   31     213       1
   31     391       1
   32     152       1
   33     128       1
   34     230       1
   35     235       1
   35     257       1
   35     259       1
   35     382       1
   36     140       1
   36     152       1
   36     162       1
   36     182       1
   36     203       1
   36     310       1
   36     318       1
   37     297       1
   37     337       1
   38     243       1
   39      95       1
   39     105       1
   39     367       1
   40     337       1
   41     124       1
   41     152       1
   41     224       1
   41     228       1
   41     372       1
   42     251       1
   43     136       1
   43     143       1
   43     217       1
   44      71       1
   44     225       1
   45     148       1
   45     261       1
   45     276       1
   45     282       1
   46      84       1
   46     126       1
   47     213       1
   48     147       1
   49      71       1
   49     123       1
   49     284       1
   50     295       1
   51     134       1
   52     205       1
   52     274       1
   52     346       1
   53     235       1
   54     184       1
   54     296       1
   55     260       1
   55     282       1
   55     399       1
   56     283       1
   56     394       1
   57     111       1
   57     280       1
   57     381       1
   58     144       1
   59     175       1
   59     382       1
   60     118       1
   60     138       1
   61      93       1
   61     159       1
   61     352       1
   62     102       1
   62     112       1
   63     137       1
   63     258       1
   63     349       1
   64     369       1
   64     375       1
   65     184       1
   66     316       1
   67      99       1
   67     224       1
   67     232       1
   67     292       1
   68     182       1
   69     196       1
   70     251       1
   71     155       1
   71     205       1
   72      91       1
   72     151       1
   72     157       1
   72     314       1
   72     378       1
   73     104       1
   73     400       1
   74     282       1
   75     236       1
   76     162       1
   77     188       1
   77     206       1
   78     131       1
   78     231       1
   78     233       1
   78     288       1
   79     196       1
   79     244       1
   79     286       1
   80     162       1
   80     278       1
   80     367       1
   81     304       1
   82     307       1
   83     162       1
   84     300       1
   85     132       1
   85     309       1
   86     311       1
   86     359       1
   87     221       1
   89     223       1
   89     238       1
   90     145       1
   90     254       1
   90     262       1
   90     283       1
   90     322       1
   90     388       1
   92     376       1
   93     164       1
   94     101       1
   94     215       1
   94     324       1
   96      98       1
   96     319       1
   97     219       1
   97     380       1
   98     206       1
   99     201       1
   99     338       1
  100     216       1
  100     272       1
  101     267       1
  102     357       1
  103     139       1
  103     170       1
  103     274       1
  104     217       1
  105     354       1
  106     108       1
  106     162       1
  107     129       1
  107     156       1
  108     226       1
  108     279       1
  108     300       1
  108     377       1
  109     149       1
  110     378       1
  112     249       1
  113     138       1
  113     356       1
  114     205       1
  115     382       1
  116     179       1
  116     321       1
  117     171       1
  117     265       1
  118     165       1
  118     247       1
  118     279       1
  119     316       1
  121     253       1
  122     302       1
  124     147       1
  124     279       1
  124     371       1
  125     174       1
  125     343       1
  126     176       1
  126     208       1
  127     190       1
  128     160       1
  129     302       1
  129     331       1
  130     252       1
  130     301       1
  131     214       1
  132     291       1
  133     179       1
  134     259       1
  135     396       1
  136     351       1
  138     269       1
  138     294       1
  138     333       1
  139     150       1
  141     165       1
  141     246       1
  142     227       1
  142     262       1
  142     358       1
  144     211       1
  144     273       1
  144     366       1
  144     387       1
  145     253       1
  145     278       1
  147     308       1
  148     243       1
  148     390       1
  149     269       1
  150     160       1
  152     239       1
  152     272       1
  152     395       1
  153     230       1
  154     357       1
  155     163       1
  155     193       1
  155     348       1
  156     383       1
  158     236       1
  160     293       1
  160     392       1
  160     395       1
  161     168       1
  161     287       1
  161     316       1
  162     263       1
  162     302       1
  162     354       1
  164     185       1
  164     224       1
  164     334       1
  164     362       1
  165     187       1
  165     194       1
  166     191       1
  166     244       1
  166     335       1
  168     180       1
  168     257       1
  168     317       1
  169     189       1
  171     357       1
  172     247       1
  173     235       1
  176     232       1
  177     236       1
  177     287       1
  177     360       1
  178     180       1
  178     373       1
  179     182       1
  180     237       1
  181     190       1
  181     195       1
  181     230       1
  182     216       1
  182     322       1
  183     302       1
  184     230       1
  184     290       1
  186     196       1
  186     349       1
  187     295       1
  188     279       1
  189     252       1
  189     285       1
  190     382       1
  192     378       1
  193     264       1
  194     290       1
  195     344       1
  196     219       1
  196     238       1
  197     286       1
  198     355       1
  199     269       1
  199     393       1
  200     306       1
  202     224       1
  203     217       1
  203     321       1
  204     238       1
  204     383       1
  205     343       1
  207     270       1
  207     292       1
  207     332       1
  208     277       1
  209     282       1
  209     391       1
  210     231       1
  210     389       1
  212     242       1
  213     315       1
  214     294       1
  215     229       1
  215     257       1
  215     337       1
  217     218       1
  217     249       1
  219     255       1
  219     382       1
  220     256       1
  220     349       1
  221     295       1
  221     305       1
  221     330       1
  222     294       1
  223     388       1
  224     234       1
  224     264       1
  224     280       1
  233     249       1
  233     256       1
  233     384       1
  236     265       1
  238     251       1
  238     271       1
  239     264       1
  240     302       1
  241     384       1
  243     377       1
  244     297       1
  244     383       1
  245     263       1
  248     274       1
  248     282       1
  248     309       1
  248     366       1
  249     269       1
  249     342       1
  249     367       1
  249     379       1
  250     274       1
  251     311       1
  251     329       1
  252     274       1
  253     270       1
  255     313       1
  255     350       1
  259     335       1
  259     361       1
  261     340       1
  262     372       1
  263     368       1
  263     398       1
  264     327       1
  264     374       1
  266     269       1
  267     336       1
  268     294       1
  276     375       1
  278     323       1
  279     299       1
  280     307       1
  282     291       1
  282     328       1
  282     376       1
  284     301       1
  285     362       1
  286     312       1
  286     365       1
  290     314       1
  290     354       1
  294     296       1
  294     321       1
  294     331       1
  298     315       1
  298     366       1
  304     331       1
  306     342       1
  309     384       1
  310     332       1
  315     382       1
  317     385       1
  320     363       1
  321     394       1
  325     385       1
  326     395       1
  328     331       1
  330     364       1
  330     395       1
  336     391       1
  339     392       1
  341     376       1
  346     353       1
  352     366       1
  354     393       1
  355     383       1
  357     369       1
  372     386       1
  384     397       1
  391     395       1
