  700     780
    1      29       1
    2     254       1
    2     404       1
    3     182       1
    4      55       1
    4     155       1
    4     337       1
    4     499       1
    4     523       1
    5     239       1
    5     491       1
    5     602       1
    6     659       1
    7      72       1
    7     217       1
    8     103       1
    8     339       1
    8     522       1
    8     644       1
    9     635       1
   10     303       1
   11     178       1
   11     491       1
   11     593       1
   12     220       1
   12     330       1
   12     467       1
   13     531       1
   14     599       1
   14     681       1
   15     267       1
   15     345       1
   16     620       1
   16     677       1
   17     231       1
   17     288       1
   17     349       1
   17     425       1
   18     149       1
   18     446       1
   18     508       1
   19      62       1
   20     316       1
   21      36       1
   21     366       1
   22     328       1
   23     156       1
   23     234       1
   24     109       1
   24     529       1
   25     129       1
   25     131       1
   25     189       1
   25     437       1
   25     521       1
   26     123       1
   27     284       1
   28     202       1
   28     435       1
   29     488       1
   29     523       1
   30     310       1
   30     355       1
   30     389       1
   30     422       1
   31     393       1
   31     554       1
   32     263       1
   32     593       1
   33     173       1
   34     229       1
   34     309       1
   35     252       1
   35     502       1
   36     328       1
   36     549       1
   36     669       1
   37     236       1
   38     241       1
   38     614       1
   39     682       1
   40     445       1
   40     542       1
   41     272       1
   41     636       1
   41     639       1
   42      87       1
   42     594       1
   43     178       1
   43     555       1
   44     191       1
   44     257       1
   44     524       1
   45     424       1
   46      78       1
   46     368       1
   46     612       1
   46     685       1
   47     678       1
   48      61       1
   49     436       1
   50      95       1
   50     378       1
   50     609       1
   51     672       1
   52     274       1
   53     377       1
   54     227       1
   56      57       1
   57     588       1
   57     650       1
   58      71       1
   58     488       1
   59     559       1
   60     502       1
   61     226       1
   61     243       1
   61     362       1
   61     460       1
   62     249       1
   62     337       1
   62     352       1
   62     522       1
   63     460       1
   63     598       1
   64     193       1
   64     384       1
   64     529       1
   64     658       1
   65     536       1
   66      90       1
   66     177       1
   66     584       1
   66     649       1
   67     145       1
   68     635       1
   69     402       1
   70      74       1
   70     225       1
   70     692       1
   71     526       1
   72     545       1
   73     608       1
   74     276       1
   74     382       1
   74     405       1
   74     536       1
   74     599       1
   75     209       1
   76     268       1
   76     560       1
   76     617       1
   77     154       1
   77     580       1
   77     597       1
   78     669       1
   79     163       1
   79     390       1
   80     433       1
   81     384       1
   81     390       1
   82     493       1
   82     648       1
   83     316       1
   83     563       1
   84     292       1
   84     495       1
   84     651       1
   85     344       1
   86     425       1
   87     698       1
   88     239       1
   89      91       1
   89     604       1
   91     157       1
   91     199       1
   91     572       1
   91     578       1
   92     650       1
   93     137       1
   94     185       1
   95     247       1
   96     340       1
   96     491       1
   97     190       1
   97     234       1
   97     526       1
   97     620       1
   98     243       1
   98     522       1
   99     441       1
   99     469       1
  100     319       1
  101     128       1
  101     358       1
  101     484       1
  102     379       1
  102     609       1
  104     145       1
  104     509       1
  104     643       1
  105     365       1
  105     672       1
  106     649       1
  107     123       1
  107     285       1
  107     308       1
  108     138       1
  108     505       1
  109     355       1
  109     592       1
  110     133       1
  111     568       1
  111     603       1
  111     623       1
  112     442       1
  113     609       1
  114     580       1
  115     271       1
  115     700       1
  116     682       1
  117     195       1
  117     274       1
  117     561       1
  117     628       1
  118     162       1
  118     478       1
  119     255       1
  120     194       1
  121     377       1
  122     425       1
  122     589       1
  122     698       1
  124     320       1
  124     459       1
  125     481       1
  125     498       1
  125     611       1
  126     362       1
  126     601       1
  127     417       1
  128     151       1
  129     442       1
  130     340       1
  130     477       1
  132     279       1
  133     457       1
  133     520       1
  133     586       1
  133     688       1
  134     512       1
  134     577       1
  135     180       1
  135     385       1
  136     221       1
  136     394       1
  136     448       1
  136     673       1
  137     164       1
  137     189       1
  139     599       1
  140     176       1
  140     200       1
  140     208       1
  140     434       1
  141     579       1
  142     662       1
  143     529       1
  144     668       1
  145     640       1
  146     634       1
  147     222       1
  148     160       1
  148     413       1
  149     153       1
  150     247       1
  150     391       1
  150     491       1
  150     519       1
  150     640       1
  151     152       1
  151     669       1
  153     198       1
  154     334       1
  154     443       1
  155     486       1
  157     162       1
  157     345       1
  157     492       1
  158     392       1
  158     484       1
  159     467       1
  161     505       1
  162     610       1
  163     643       1
  164     166       1
  164     202       1
  164     328       1
  164     523       1
  164     573       1
  164     633       1
  164     650       1
  165     484       1
  166     366       1
  167     700       1
  168     285       1
  169     457       1
  169     472       1
  169     484       1
  169     558       1
  170     502       1
  171     206       1
  172     498       1
  173     174       1
  173     426       1
  174     405       1
  174     444       1
  174     680       1
  175     657       1
  178     266       1
  178     322       1
  178     324       1
  179     366       1
  181     364       1
  182     270       1
  182     319       1
  182     432       1
  182     467       1
  182     470       1
  182     512       1
  182     544       1
  183     328       1
  184     461       1
  185     200       1
  185     440       1
  186     580       1
  187     233       1
  187     382       1
  188     518       1
  188     599       1
  189     245       1
  189     566       1
  190     574       1
  191     435       1
  192     605       1
  192     618       1
  193     357       1
  193     463       1
  193     536       1
  194     436       1
  196     472       1
  197     496       1
  197     530       1
  198     405       1
  198     542       1
  199     507       1
  200     224       1
  200     277       1
  200     300       1
  200     302       1
  200     369       1
  201     682       1
  202     479       1
  203     291       1
  203     661       1
  204     322       1
  204     477       1
  205     360       1
  205     505       1
  206     223       1
  207     344       1
  207     388       1
  207     409       1
  209     491       1
  210     351       1
  211     505       1
  211     546       1
  212     546       1
  213     380       1
  214     384       1
  215     257       1
  215     298       1
  215     425       1
  216     304       1
  217     309       1
  217     467       1
  218     394       1
  219     428       1
  220     532       1
  222     251       1
  222     397       1
  223     370       1
  223     460       1
  223     590       1
  223     605       1
  224     441       1
  226     670       1
  227     656       1
  228     557       1
  228     686       1
  230     373       1
  232     385       1
  235     350       1
  235     505       1
  236     621       1
  237     336       1
  237     417       1
  238     477       1
  238     627       1
  240     633       1
  242     396       1
  242     659       1
  243     357       1
  243     664       1
  244     355       1
  245     345       1
  245     393       1
  245     570       1
  245     684       1
  246     273       1
  246     498       1
  247     367       1
  247     380       1
  247     525       1
  247     579       1
  248     286       1
  248     474       1
  248     487       1
  249     359       1
  249     416       1
  250     332       1
  250     405       1
  250     480       1
  251     377       1
  253     529       1
  254     673       1
  255     403       1
  256     445       1
  256     589       1
  257     294       1
  257     361       1
  258     318       1
  258     360       1
  258     699       1
  259     355       1
  259     685       1
  260     328       1
  260     372       1
  260     433       1
  260     585       1
  260     632       1
  261     345       1
  262     307       1
  262     517       1
  262     638       1
  262     695       1
  263     394       1
  263     442       1
  263     455       1
  264     381       1
  264     523       1
  264     548       1
  264     694       1
  265     362       1
  266     377       1
  266     409       1
  266     489       1
  268     526       1
  268     633       1
  269     380       1
  272     476       1
  272     486       1
  273     354       1
  273     383       1
  274     405       1
  274     645       1
  275     425       1
  277     420       1
  278     299       1
  279     365       1
  279     467       1
  280     432       1
  281     310       1
  282     604       1
  283     285       1
  284     380       1
  284     538       1
  285     441       1
  285     484       1
  285     559       1
  285     621       1
  285     693       1
  286     593       1
  286     638       1
  287     441       1
  287     533       1
  289     428       1
  289     690       1
  290     362       1
  292     500       1
  292     503       1
  292     531       1
  292     693       1
  293     542       1
  295     514       1
  295     611       1
  296     331       1
  296     537       1
  296     646       1
  296     698       1
  297     459       1
  297     644       1
  298     662       1
  299     328       1
  300     417       1
  300     696       1
  301     694       1
  302     475       1
  303     631       1
  303     669       1
  304     607       1
  304     645       1
  305     312       1
  305     328       1
  305     421       1
  305     567       1
  306     353       1
  306     535       1
  311     534       1
  313     521       1
  314     386       1
  314     405       1
  314     580       1
  315     344       1
  316     556       1
  317     365       1
  317     376       1
  317     459       1
  318     352       1
  318     377       1
  318     464       1
  318     606       1
  319     493       1
  319     628       1
  321     526       1
  322     547       1
  323     345       1
  323     475       1
  323     567       1
  323     587       1
  324     451       1
  325     366       1
  326     603       1
  327     559       1
  328     402       1
  328     638       1
  329     345       1
  329     346       1
  329     411       1
  329     428       1
  329     438       1
  329     460       1
  329     484       1
  333     349       1
  335     438       1
  335     652       1
  335     684       1
  337     608       1
  338     461       1
  338     499       1
  340     490       1
  341     458       1
  342     472       1
  343     590       1
  345     467       1
  345     506       1
  345     522       1
  345     552       1
  346     603       1
  347     363       1
  347     467       1
  347     509       1
  347     542       1
  347     557       1
  347     642       1
  348     590       1
  349     408       1
  350     407       1
  351     582       1
  353     425       1
  356     446       1
  358     393       1
  358     670       1
  359     453       1
  359     484       1
  359     556       1
  360     529       1
  360     532       1
  360     563       1
  360     571       1
  360     635       1
  360     649       1
  360     668       1
  363     564       1
  364     604       1
  364     625       1
  365     428       1
  365     528       1
  366     615       1
  368     414       1
  368     595       1
  371     453       1
  373     466       1
  373     563       1
  374     644       1
  375     676       1
  378     522       1
  380     620       1
  382     581       1
  384     387       1
  384     553       1
  385     512       1
  386     399       1
  387     545       1
  390     663       1
  391     504       1
  391     643       1
  392     485       1
  395     564       1
  396     412       1
  396     428       1
  397     509       1
  397     542       1
  398     551       1
  400     482       1
  401     628       1
  402     543       1
  403     416       1
  403     653       1
  403     678       1
  404     542       1
  405     450       1
  405     501       1
  405     550       1
  405     569       1
  405     693       1
  406     492       1
  406     495       1
  408     581       1
  410     695       1
  413     431       1
  413     593       1
  414     517       1
  415     613       1
  418     685       1
  419     460       1
  421     579       1
  423     427       1
  423     457       1
  424     564       1
  425     546       1
  427     658       1
  428     429       1
  428     524       1
  428     661       1
  430     635       1
  436     487       1
  436     508       1
  436     591       1
  439     486       1
  441     491       1
  441     673       1
  442     587       1
  443     523       1
  443     534       1
  444     608       1
  446     472       1
  446     655       1
  447     517       1
  449     582       1
  449     592       1
  450     542       1
  451     521       1
  451     622       1
  452     460       1
  452     596       1
  454     593       1
  456     613       1
  456     640       1
  457     641       1
  458     470       1
  458     579       1
  460     545       1
  461     600       1
  462     629       1
  462     645       1
  465     485       1
  468     642       1
  469     562       1
  469     570       1
  471     700       1
  472     646       1
  472     680       1
  473     475       1
  473     676       1
  477     505       1
  478     510       1
  478     606       1
  481     659       1
  481     697       1
  482     661       1
  483     580       1
  484     498       1
  484     523       1
  484     674       1
  485     499       1
  485     653       1
  487     638       1
  488     654       1
  489     541       1
  491     523       1
  491     540       1
  491     657       1
  494     637       1
  494     698       1
  497     520       1
  498     575       1
  498     672       1
  499     539       1
  499     627       1
  502     612       1
  508     617       1
  511     589       1
  511     689       1
  513     562       1
  513     636       1
  515     519       1
  516     622       1
  519     594       1
  520     552       1
  521     565       1
  523     614       1
  524     527       1
  524     691       1
  526     624       1
  530     580       1
  536     647       1
  537     547       1
  537     561       1
  544     626       1
  549     610       1
  551     611       1
  552     589       1
  565     658       1
  567     666       1
  572     583       1
  573     658       1
  576     597       1
  577     679       1
  579     582       1
  580     616       1
  580     634       1
  581     700       1
  584     683       1
  598     601       1
  599     675       1
  599     682       1
  604     693       1
  611     667       1
  612     669       1
  615     656       1
  619     633       1
  621     665       1
  623     666       1
  627     630       1
  627     687       1
  628     671       1
  636     689       1
  657     685       1
  660     697       1
