  200     244
    1     127       1
    1     131       1
    2      91       1
    2     171       1
    3     135       1
    4     157       1
    4     159       1
    5      59       1
    5      98       1
    6      53       1
    6     162       1
    7      36       1
    7     161       1
    7     166       1
    8      96       1
    8     196       1
    9     162       1
   10      27       1
   10      36       1
   10      85       1
   10      95       1
   10     100       1
   11      21       1
   11     145       1
   12     191       1
   13     153       1
   14     167       1
   14     184       1
   15      36       1
   15     123       1
   16      33       1
   16     134       1
   17     126       1
   18     107       1
   19      66       1
   20     108       1
   20     111       1
   21      78       1
   21      82       1
   21      87       1
   21     121       1
   21     142       1
   21     162       1
   21     182       1
   22      39       1
   22      61       1
   22      87       1
   22     100       1
   22     192       1
   23     157       1
   24     189       1
   25      49       1
   26      65       1
   26      92       1
   26     146       1
   27      38       1
   28      29       1
   28      87       1
   28     126       1
   28     148       1
   28     178       1
   29      63       1
   29     154       1
   29     176       1
   30     138       1
   30     144       1
   30     169       1
   31      96       1
   31     127       1
   32     138       1
   33      60       1
   33     178       1
   34      37       1
   34      65       1
   35     170       1
   37     141       1
   40      60       1
   40     179       1
   41     121       1
   41     142       1
   42      48       1
   42     142       1
   42     182       1
   42     193       1
   43     134       1
   43     156       1
   44     106       1
   44     132       1
   44     190       1
   45     146       1
   46      62       1
   46      76       1
   46     162       1
   46     182       1
   47      87       1
   47      97       1
   47     118       1
   47     135       1
   47     141       1
   49     133       1
   50      88       1
   50     178       1
   51     128       1
   52     108       1
   52     143       1
   53      66       1
   53     158       1
   53     174       1
   54      94       1
   54     193       1
   55      69       1
   55     125       1
   55     165       1
   55     168       1
   56      59       1
   56      81       1
   56      90       1
   56     131       1
   56     164       1
   56     183       1
   57     123       1
   57     132       1
   58     108       1
   59     177       1
   60     159       1
   60     196       1
   61     144       1
   63     189       1
   64     115       1
   65     107       1
   65     109       1
   65     114       1
   65     117       1
   65     175       1
   65     195       1
   67     106       1
   68     146       1
   69     187       1
   70      89       1
   71     146       1
   72      83       1
   72     140       1
   72     197       1
   73     157       1
   74     108       1
   74     116       1
   74     184       1
   75     191       1
   76     116       1
   76     130       1
   77     181       1
   78     200       1
   79     163       1
   80     159       1
   80     162       1
   81     166       1
   84     118       1
   85     101       1
   86     132       1
   86     198       1
   87     136       1
   88     117       1
   89     126       1
   91     132       1
   93     186       1
   94     162       1
   94     191       1
   95     190       1
   96     162       1
   98     146       1
   99     115       1
  100     137       1
  101     115       1
  101     196       1
  102     179       1
  103     191       1
  104     183       1
  105     126       1
  105     129       1
  106     166       1
  107     118       1
  107     136       1
  107     164       1
  107     188       1
  107     194       1
  108     136       1
  108     162       1
  108     168       1
  110     136       1
  111     145       1
  112     115       1
  112     136       1
  113     140       1
  113     184       1
  114     124       1
  114     150       1
  115     162       1
  117     194       1
  119     180       1
  119     193       1
  120     126       1
  120     172       1
  122     162       1
  122     180       1
  123     200       1
  124     166       1
  126     150       1
  126     186       1
  127     169       1
  128     141       1
  129     179       1
  130     199       1
  131     144       1
  132     136       1
  132     140       1
  133     142       1
  133     197       1
  137     184       1
  138     164       1
  139     156       1
  140     147       1
  140     196       1
  144     151       1
  144     159       1
  145     159       1
  149     178       1
  150     162       1
  150     163       1
  152     153       1
  153     163       1
  155     174       1
  155     193       1
  156     188       1
  160     175       1
  165     178       1
  166     168       1
  167     177       1
  168     172       1
  168     196       1
  170     176       1
  173     178       1
  175     192       1
  176     185       1
  181     182       1
