  300     353
    1      71       1
    2      22       1
    2     107       1
    3      79       1
    3     125       1
    3     231       1
    4     122       1
    5     215       1
    6     133       1
    6     169       1
    6     179       1
    6     225       1
    6     239       1
    7     166       1
    7     244       1
    8      96       1
    8     202       1
    8     296       1
    9     233       1
   10     145       1
   11      28       1
   11      52       1
   11      60       1
   11      94       1
   11     129       1
   12     118       1
   12     217       1
   12     246       1
   13     224       1
   13     232       1
   14      90       1
   14     130       1
   14     160       1
   14     269       1
   15     193       1
   16      47       1
   16      59       1
   17      72       1
   17     148       1
   18     200       1
   19     276       1
   20     123       1
   21      99       1
   22      61       1
   22     143       1
   22     191       1
   22     209       1
   22     229       1
   22     283       1
   23     252       1
   24     103       1
   24     107       1
   25     109       1
   25     124       1
   26      73       1
   26      74       1
   26      82       1
   26     139       1
   27     123       1
   29      60       1
   29      69       1
   29     250       1
   30     122       1
   30     160       1
   31      72       1
   31     145       1
   31     210       1
   32     281       1
   33     162       1
   33     240       1
   33     273       1
   34      92       1
   35      39       1
   35     106       1
   36     212       1
   36     236       1
   37      90       1
   37     216       1
   38      91       1
   38     147       1
   38     217       1
   39     162       1
   39     276       1
   40     163       1
   41      86       1
   41     107       1
   41     133       1
   41     267       1
   42      54       1
   42     110       1
   42     290       1
   43     214       1
   44     193       1
   44     207       1
   45      62       1
   45     155       1
   46     149       1
   46     252       1
   47     195       1
   48      53       1
   48     182       1
   49     194       1
   50      63       1
   51     112       1
   53     121       1
   54     116       1
   55     210       1
   56     110       1
   57     112       1
   57     160       1
   57     162       1
   57     215       1
   57     281       1
   58      59       1
   58     159       1
   58     201       1
   58     281       1
   60      77       1
   60     178       1
   60     251       1
   62     197       1
   62     226       1
   62     231       1
   63      96       1
   63     258       1
   64     107       1
   64     171       1
   64     248       1
   64     297       1
   65     258       1
   66     272       1
   67     107       1
   68     248       1
   68     295       1
   70      78       1
   70     136       1
   70     141       1
   71     184       1
   72     115       1
   72     179       1
   73     166       1
   73     213       1
   73     219       1
   73     252       1
   74     152       1
   74     228       1
   74     280       1
   75     194       1
   76     144       1
   78      98       1
   78     100       1
   78     171       1
   80     142       1
   81     105       1
   81     251       1
   81     257       1
   82     185       1
   83      96       1
   83     128       1
   83     299       1
   84     104       1
   84     289       1
   85     287       1
   86     151       1
   87     153       1
   87     154       1
   88     192       1
   89     117       1
   89     144       1
   90     199       1
   91     119       1
   91     253       1
   92     166       1
   92     227       1
   93     176       1
   94     168       1
   94     220       1
   95     283       1
   96     129       1
   96     165       1
   97     213       1
   98     171       1
   99     108       1
   99     129       1
  100     157       1
  101     117       1
  102     182       1
  102     274       1
  102     297       1
  103     233       1
  104     189       1
  105     178       1
  105     202       1
  106     188       1
  106     234       1
  106     247       1
  106     297       1
  107     169       1
  107     183       1
  107     198       1
  107     282       1
  108     141       1
  110     143       1
  111     278       1
  111     284       1
  113     131       1
  113     193       1
  113     231       1
  113     293       1
  114     223       1
  116     208       1
  117     131       1
  117     236       1
  117     297       1
  118     235       1
  118     247       1
  120     240       1
  120     253       1
  121     278       1
  121     299       1
  122     291       1
  123     298       1
  124     206       1
  125     150       1
  126     222       1
  126     248       1
  127     287       1
  129     145       1
  129     206       1
  131     270       1
  132     190       1
  132     248       1
  133     243       1
  133     285       1
  134     229       1
  135     279       1
  137     204       1
  137     209       1
  138     190       1
  139     161       1
  139     197       1
  139     199       1
  139     205       1
  139     231       1
  139     239       1
  139     255       1
  139     258       1
  140     154       1
  140     204       1
  142     205       1
  143     160       1
  145     186       1
  145     237       1
  146     178       1
  149     227       1
  150     276       1
  151     223       1
  151     227       1
  152     232       1
  154     256       1
  154     271       1
  154     281       1
  154     288       1
  156     180       1
  156     208       1
  156     221       1
  156     263       1
  156     278       1
  158     260       1
  158     269       1
  160     166       1
  160     248       1
  160     258       1
  160     268       1
  161     272       1
  162     249       1
  163     171       1
  164     233       1
  165     174       1
  165     196       1
  165     214       1
  165     231       1
  165     300       1
  167     175       1
  170     187       1
  171     184       1
  171     235       1
  172     228       1
  173     249       1
  173     263       1
  174     176       1
  175     249       1
  176     210       1
  177     297       1
  180     258       1
  180     287       1
  181     215       1
  181     229       1
  187     196       1
  187     224       1
  191     220       1
  191     279       1
  192     279       1
  193     231       1
  193     269       1
  194     200       1
  194     285       1
  195     297       1
  196     287       1
  196     298       1
  197     199       1
  200     238       1
  200     266       1
  200     297       1
  203     240       1
  203     268       1
  208     245       1
  208     298       1
  211     289       1
  211     296       1
  215     239       1
  215     275       1
  216     236       1
  217     292       1
  218     289       1
  222     285       1
  223     242       1
  223     281       1
  224     268       1
  224     286       1
  229     263       1
  230     253       1
  231     271       1
  233     298       1
  241     277       1
  243     254       1
  243     265       1
  243     281       1
  245     259       1
  246     265       1
  248     289       1
  249     262       1
  253     297       1
  257     261       1
  257     267       1
  259     293       1
  260     295       1
  264     268       1
  265     273       1
  267     294       1
  274     288       1
  277     299       1
  297     298       1
