  400     459
    1      74       1
    1     291       1
    1     299       1
    2     314       1
    2     356       1
    3     332       1
    3     342       1
    3     397       1
    4     218       1
    5     255       1
    5     349       1
    6     365       1
    7      54       1
    8      46       1
    8     241       1
    8     279       1
    8     331       1
    8     382       1
    9     376       1
   10      19       1
   10     280       1
   11      24       1
   11     147       1
   11     368       1
   12      32       1
   12      69       1
   12     159       1
   12     194       1
   12     206       1
   13     302       1
   14      25       1
   14     153       1
   14     246       1
   15      54       1
   16     241       1
   17     100       1
   17     179       1
   18      64       1
   19     269       1
   20      53       1
   20     151       1
   20     253       1
   20     319       1
   20     321       1
   20     388       1
   20     391       1
   21      99       1
   21     190       1
   21     215       1
   21     248       1
   21     360       1
   22      36       1
   22     188       1
   23     131       1
   23     222       1
   25      99       1
   25     197       1
   26     240       1
   27      28       1
   27      33       1
   27     108       1
   27     172       1
   27     202       1
   27     229       1
   27     358       1
   27     369       1
   29     279       1
   30      60       1
   30     269       1
   31      35       1
   31     178       1
   32     328       1
   33     344       1
   34     159       1
   34     227       1
   34     317       1
   35     300       1
   36      56       1
   36     163       1
   37     146       1
   37     336       1
   38      73       1
   38     101       1
   38     177       1
   38     262       1
   38     289       1
   38     319       1
   38     360       1
   38     369       1
   39     273       1
   40      42       1
   41      76       1
   42     270       1
   42     312       1
   43     175       1
   43     247       1
   44     119       1
   44     319       1
   44     348       1
   45      79       1
   45     175       1
   46     142       1
   46     259       1
   46     323       1
   47      69       1
   48      92       1
   48     133       1
   49      82       1
   50     170       1
   51      52       1
   51     257       1
   53      76       1
   53      78       1
   53     174       1
   54     168       1
   54     247       1
   55     134       1
   55     214       1
   55     246       1
   56     156       1
   57     141       1
   57     150       1
   57     300       1
   57     319       1
   58      65       1
   58     183       1
   58     379       1
   59     263       1
   59     365       1
   61     124       1
   62     193       1
   63      68       1
   64      68       1
   64     260       1
   64     398       1
   66     154       1
   66     283       1
   66     378       1
   67     339       1
   69     151       1
   69     161       1
   69     195       1
   69     231       1
   69     286       1
   69     305       1
   70     365       1
   71      93       1
   71     130       1
   72     273       1
   72     363       1
   73     203       1
   73     257       1
   74     272       1
   74     361       1
   75     237       1
   77     282       1
   77     287       1
   78     270       1
   79     114       1
   79     150       1
   79     181       1
   79     368       1
   79     399       1
   80     215       1
   81     242       1
   82     387       1
   83     144       1
   83     157       1
   83     310       1
   83     360       1
   83     369       1
   84     169       1
   84     221       1
   84     300       1
   85     355       1
   86     235       1
   86     328       1
   86     381       1
   86     387       1
   87     136       1
   88     324       1
   88     357       1
   89     193       1
   90     237       1
   90     378       1
   91     361       1
   92     298       1
   92     368       1
   93     214       1
   93     360       1
   94     125       1
   94     196       1
   95     392       1
   96     168       1
   96     319       1
   96     375       1
   97     370       1
   98     170       1
   98     288       1
   98     336       1
   99     201       1
   99     285       1
   99     365       1
  100     162       1
  100     222       1
  100     396       1
  102     276       1
  103     140       1
  103     177       1
  104     177       1
  104     213       1
  105     284       1
  106     121       1
  106     160       1
  106     347       1
  107     116       1
  108     139       1
  109     130       1
  110     180       1
  110     306       1
  111     244       1
  112     384       1
  113     168       1
  114     203       1
  114     271       1
  115     397       1
  116     289       1
  117     214       1
  117     250       1
  118     244       1
  120     282       1
  121     189       1
  122     355       1
  122     382       1
  123     358       1
  124     344       1
  125     189       1
  125     265       1
  125     356       1
  126     230       1
  127     150       1
  127     344       1
  128     329       1
  128     342       1
  128     353       1
  129     154       1
  130     195       1
  131     147       1
  131     266       1
  132     270       1
  133     234       1
  134     240       1
  134     316       1
  134     332       1
  135     231       1
  135     364       1
  136     159       1
  137     157       1
  138     377       1
  143     278       1
  145     332       1
  146     205       1
  146     269       1
  147     211       1
  148     342       1
  149     306       1
  150     169       1
  150     293       1
  150     304       1
  150     372       1
  151     204       1
  151     212       1
  151     291       1
  152     320       1
  152     325       1
  153     387       1
  154     316       1
  155     185       1
  155     252       1
  155     377       1
  156     344       1
  157     271       1
  157     338       1
  158     267       1
  158     343       1
  159     389       1
  161     201       1
  161     207       1
  162     223       1
  162     393       1
  163     362       1
  164     243       1
  165     176       1
  166     288       1
  167     231       1
  167     334       1
  167     366       1
  168     269       1
  170     200       1
  170     326       1
  171     272       1
  171     392       1
  172     218       1
  173     265       1
  174     233       1
  174     234       1
  175     309       1
  176     185       1
  176     253       1
  177     179       1
  177     290       1
  177     292       1
  177     378       1
  179     241       1
  182     256       1
  183     260       1
  184     244       1
  184     343       1
  185     319       1
  186     307       1
  187     342       1
  188     247       1
  189     198       1
  189     208       1
  189     284       1
  189     331       1
  190     314       1
  191     291       1
  192     327       1
  193     290       1
  193     329       1
  195     208       1
  195     209       1
  195     277       1
  195     332       1
  199     335       1
  199     393       1
  200     295       1
  202     301       1
  204     369       1
  205     304       1
  207     246       1
  208     306       1
  209     231       1
  210     320       1
  211     223       1
  211     340       1
  211     341       1
  211     362       1
  216     297       1
  216     350       1
  217     260       1
  219     297       1
  220     253       1
  220     390       1
  221     335       1
  221     368       1
  222     400       1
  223     319       1
  223     374       1
  224     244       1
  225     346       1
  226     318       1
  228     332       1
  229     239       1
  229     264       1
  229     390       1
  230     251       1
  231     256       1
  231     275       1
  231     361       1
  231     370       1
  232     243       1
  232     253       1
  233     361       1
  234     255       1
  234     291       1
  235     313       1
  235     358       1
  236     309       1
  238     248       1
  242     260       1
  242     280       1
  242     364       1
  244     265       1
  245     290       1
  246     267       1
  246     288       1
  246     369       1
  247     383       1
  249     254       1
  249     261       1
  250     268       1
  250     361       1
  251     270       1
  251     288       1
  251     320       1
  252     290       1
  254     302       1
  254     305       1
  255     311       1
  255     359       1
  256     399       1
  257     274       1
  258     312       1
  260     276       1
  260     291       1
  260     328       1
  260     350       1
  262     367       1
  263     317       1
  264     308       1
  265     394       1
  272     352       1
  273     291       1
  276     386       1
  276     395       1
  277     311       1
  277     334       1
  278     388       1
  280     376       1
  281     311       1
  285     305       1
  287     383       1
  290     392       1
  291     376       1
  291     385       1
  292     294       1
  296     327       1
  297     318       1
  300     358       1
  303     388       1
  307     309       1
  311     340       1
  313     333       1
  314     399       1
  315     370       1
  319     351       1
  319     380       1
  319     390       1
  322     392       1
  323     393       1
  324     382       1
  327     373       1
  327     388       1
  330     331       1
  331     352       1
  334     339       1
  337     367       1
  345     365       1
  345     382       1
  346     360       1
  350     391       1
  354     374       1
  355     358       1
  357     388       1
  370     384       1
  371     378       1
  377     393       1
