   50      73
    1      17       1
    1      42       1
    2      32       1
    2      33       1
    3       8       1
    3      21       1
    3      24       1
    3      33       1
    3      36       1
    3      47       1
    4      14       1
    4      30       1
    4      46       1
    5       6       1
    5      21       1
    5      41       1
    6      12       1
    6      29       1
    6      44       1
    7      18       1
    8      18       1
    8      28       1
    8      29       1
    8      30       1
    8      34       1
    8      39       1
    9      36       1
    9      37       1
   10      11       1
   10      27       1
   11      38       1
   12      19       1
   12      27       1
   12      28       1
   12      36       1
   12      49       1
   12      50       1
   13      20       1
   14      30       1
   14      36       1
   15      39       1
   15      42       1
   16      36       1
   16      45       1
   17      36       1
   17      40       1
   18      25       1
   19      32       1
   19      47       1
   20      35       1
   20      38       1
   22      26       1
   22      31       1
   23      49       1
   24      43       1
   24      46       1
   25      47       1
   26      42       1
   26      47       1
   27      39       1
   31      36       1
   31      41       1
   31      43       1
   32      50       1
   33      36       1
   33      41       1
   33      48       1
   35      42       1
   35      43       1
   36      38       1
   37      49       1
   38      43       1
   42      49       1
