  800     886
    1     239       1
    1     473       1
    1     482       1
    1     546       1
    1     568       1
    2     524       1
    2     654       1
    3      13       1
    3     600       1
    4     552       1
    5     416       1
    5     619       1
    6      18       1
    6     290       1
    6     389       1
    6     469       1
    6     746       1
    7     667       1
    7     756       1
    8      88       1
    8     655       1
    9     227       1
    9     547       1
    9     621       1
   10     744       1
   11     240       1
   11     242       1
   11     341       1
   11     376       1
   12     452       1
   13      32       1
   13     218       1
   13     334       1
   13     544       1
   13     694       1
   13     711       1
   13     798       1
   14     664       1
   15     467       1
   16     238       1
   17      25       1
   17     403       1
   18     195       1
   19     377       1
   19     467       1
   20     718       1
   21     482       1
   22     436       1
   23     211       1
   23     264       1
   23     786       1
   24     160       1
   24     795       1
   25     237       1
   26     403       1
   27      90       1
   28     508       1
   29      60       1
   29     511       1
   30     612       1
   31     452       1
   31     510       1
   32     492       1
   33     187       1
   34     368       1
   35      74       1
   35      82       1
   35     391       1
   35     727       1
   36     276       1
   37     187       1
   37     197       1
   37     252       1
   37     459       1
   38     235       1
   39     192       1
   39     713       1
   39     718       1
   40     423       1
   41     337       1
   42     298       1
   43     564       1
   43     612       1
   43     625       1
   43     686       1
   44     326       1
   45     119       1
   46      98       1
   47     109       1
   47     523       1
   48      62       1
   48     162       1
   48     652       1
   49     478       1
   50     152       1
   50     528       1
   50     669       1
   51     661       1
   52     144       1
   52     186       1
   52     455       1
   53     336       1
   53     503       1
   54     521       1
   55     102       1
   56     183       1
   56     360       1
   57     174       1
   57     189       1
   57     552       1
   58     252       1
   58     483       1
   59     538       1
   59     587       1
   60     200       1
   60     406       1
   60     563       1
   61     761       1
   62     105       1
   62     687       1
   62     786       1
   63     274       1
   63     341       1
   64     398       1
   65     247       1
   65     630       1
   66     136       1
   67     366       1
   67     547       1
   68     306       1
   68     332       1
   68     385       1
   68     404       1
   68     483       1
   68     664       1
   69     512       1
   69     671       1
   69     720       1
   70     461       1
   70     682       1
   71     295       1
   71     341       1
   71     346       1
   71     529       1
   71     761       1
   72     263       1
   72     377       1
   73     245       1
   74     461       1
   75     298       1
   76     245       1
   77     144       1
   77     369       1
   77     457       1
   78     136       1
   79     585       1
   79     719       1
   80     104       1
   81     427       1
   82     289       1
   83     302       1
   84     111       1
   84     144       1
   84     368       1
   84     719       1
   85     168       1
   86     321       1
   86     459       1
   86     738       1
   87     651       1
   88     504       1
   88     584       1
   88     611       1
   88     651       1
   89     107       1
   89     587       1
   90     434       1
   91     238       1
   91     577       1
   92     307       1
   92     390       1
   93     639       1
   93     780       1
   94     649       1
   95     336       1
   95     782       1
   96     509       1
   97     647       1
   98     202       1
   99     389       1
   99     577       1
  100     728       1
  101     117       1
  102     198       1
  102     616       1
  103     649       1
  104     533       1
  104     689       1
  105     173       1
  105     403       1
  106     205       1
  106     248       1
  108     531       1
  108     626       1
  108     635       1
  109     383       1
  109     655       1
  110     166       1
  111     668       1
  112     219       1
  112     273       1
  112     609       1
  113     317       1
  114     739       1
  115     428       1
  115     614       1
  115     749       1
  115     751       1
  116     249       1
  116     348       1
  116     368       1
  116     416       1
  116     495       1
  116     555       1
  116     563       1
  116     582       1
  116     626       1
  117     134       1
  118     541       1
  118     544       1
  118     576       1
  119     405       1
  120     644       1
  121     123       1
  121     590       1
  122     350       1
  122     685       1
  123     198       1
  123     465       1
  124     624       1
  125     454       1
  126     649       1
  127     182       1
  128     472       1
  129     207       1
  130     190       1
  130     667       1
  131     335       1
  131     687       1
  132     239       1
  133     172       1
  134     303       1
  134     597       1
  134     640       1
  135     689       1
  136     189       1
  137     274       1
  137     540       1
  138     144       1
  139     342       1
  140     664       1
  141     662       1
  142     223       1
  142     426       1
  143     276       1
  144     238       1
  144     301       1
  144     479       1
  144     755       1
  145     723       1
  146     548       1
  146     639       1
  147     657       1
  148     695       1
  148     781       1
  149     266       1
  149     449       1
  149     646       1
  150     565       1
  151     166       1
  151     230       1
  151     289       1
  152     327       1
  152     378       1
  152     419       1
  152     712       1
  153     312       1
  153     552       1
  154     163       1
  154     534       1
  154     739       1
  154     744       1
  155     157       1
  155     249       1
  155     596       1
  156     444       1
  156     506       1
  157     168       1
  157     492       1
  157     494       1
  158     227       1
  158     536       1
  159     189       1
  159     407       1
  159     444       1
  160     772       1
  161     257       1
  162     420       1
  163     380       1
  163     603       1
  163     696       1
  164     174       1
  165     414       1
  166     551       1
  166     563       1
  166     623       1
  166     627       1
  167     238       1
  168     254       1
  168     409       1
  169     337       1
  169     390       1
  169     509       1
  170     451       1
  170     522       1
  170     721       1
  171     176       1
  171     659       1
  172     361       1
  172     614       1
  172     733       1
  173     246       1
  174     284       1
  174     517       1
  174     649       1
  175     494       1
  175     643       1
  176     242       1
  177     349       1
  177     434       1
  178     606       1
  179     742       1
  180     466       1
  181     311       1
  181     479       1
  181     485       1
  182     298       1
  182     468       1
  182     535       1
  182     599       1
  183     297       1
  183     555       1
  184     202       1
  185     652       1
  186     371       1
  186     485       1
  188     351       1
  188     373       1
  188     738       1
  188     766       1
  189     249       1
  189     793       1
  190     292       1
  190     368       1
  191     675       1
  193     712       1
  194     226       1
  194     357       1
  194     588       1
  194     664       1
  196     248       1
  196     470       1
  196     637       1
  198     421       1
  198     499       1
  198     584       1
  199     346       1
  201     254       1
  201     276       1
  202     428       1
  203     259       1
  203     281       1
  203     671       1
  204     493       1
  206     261       1
  206     752       1
  207     378       1
  208     519       1
  209     218       1
  209     425       1
  210     744       1
  211     223       1
  212     260       1
  213     635       1
  214     326       1
  214     388       1
  214     705       1
  215     249       1
  215     737       1
  216     532       1
  216     665       1
  217     595       1
  218     618       1
  218     622       1
  218     664       1
  219     445       1
  220     470       1
  220     564       1
  221     529       1
  222     556       1
  223     712       1
  224     517       1
  224     583       1
  225     786       1
  227     293       1
  227     595       1
  227     613       1
  227     794       1
  228     418       1
  229     585       1
  229     630       1
  230     717       1
  231     653       1
  231     688       1
  232     406       1
  232     706       1
  233     479       1
  234     542       1
  235     583       1
  236     458       1
  237     267       1
  237     282       1
  238     349       1
  238     377       1
  238     678       1
  239     385       1
  239     599       1
  239     633       1
  241     283       1
  241     516       1
  241     726       1
  243     401       1
  243     438       1
  243     491       1
  244     287       1
  244     399       1
  245     343       1
  245     348       1
  246     379       1
  246     526       1
  246     745       1
  247     295       1
  248     554       1
  249     338       1
  249     401       1
  249     408       1
  249     452       1
  249     564       1
  250     281       1
  250     731       1
  251     256       1
  251     714       1
  253     729       1
  254     274       1
  254     424       1
  255     550       1
  255     776       1
  256     526       1
  257     276       1
  257     442       1
  257     678       1
  257     738       1
  257     776       1
  258     401       1
  259     707       1
  260     308       1
  260     744       1
  262     645       1
  262     768       1
  263     275       1
  263     560       1
  264     460       1
  264     563       1
  265     564       1
  268     456       1
  268     745       1
  269     425       1
  270     468       1
  271     613       1
  271     743       1
  272     389       1
  274     496       1
  274     552       1
  274     800       1
  277     693       1
  278     360       1
  278     504       1
  279     420       1
  280     362       1
  280     396       1
  280     467       1
  280     507       1
  280     515       1
  280     779       1
  280     792       1
  282     348       1
  283     329       1
  283     539       1
  284     570       1
  285     581       1
  286     402       1
  287     305       1
  287     521       1
  287     574       1
  288     796       1
  289     326       1
  289     394       1
  290     330       1
  290     620       1
  291     386       1
  294     304       1
  295     322       1
  295     515       1
  295     759       1
  296     426       1
  298     442       1
  298     548       1
  299     457       1
  300     389       1
  300     717       1
  302     356       1
  304     406       1
  306     680       1
  307     773       1
  308     386       1
  308     543       1
  309     348       1
  310     473       1
  313     593       1
  314     402       1
  315     344       1
  315     562       1
  316     786       1
  317     580       1
  317     680       1
  318     379       1
  319     439       1
  320     543       1
  323     402       1
  324     696       1
  325     364       1
  325     672       1
  328     333       1
  330     771       1
  331     348       1
  333     361       1
  333     464       1
  333     534       1
  335     692       1
  335     703       1
  336     478       1
  336     737       1
  337     339       1
  337     552       1
  337     632       1
  338     376       1
  338     593       1
  338     726       1
  340     346       1
  340     657       1
  341     573       1
  341     578       1
  342     699       1
  343     356       1
  343     732       1
  343     736       1
  345     718       1
  345     741       1
  346     453       1
  346     722       1
  347     662       1
  350     367       1
  352     669       1
  352     779       1
  353     504       1
  353     586       1
  354     381       1
  355     371       1
  356     613       1
  356     791       1
  357     431       1
  357     626       1
  358     521       1
  359     421       1
  361     434       1
  361     517       1
  362     597       1
  362     602       1
  362     728       1
  363     652       1
  364     498       1
  364     698       1
  365     765       1
  366     725       1
  367     627       1
  367     641       1
  368     385       1
  368     534       1
  368     697       1
  370     602       1
  371     384       1
  371     463       1
  372     799       1
  373     411       1
  374     442       1
  375     428       1
  375     466       1
  378     387       1
  379     524       1
  380     798       1
  381     574       1
  381     777       1
  381     785       1
  382     632       1
  385     552       1
  387     405       1
  387     422       1
  387     459       1
  387     624       1
  387     715       1
  388     483       1
  388     769       1
  389     667       1
  390     796       1
  391     591       1
  392     566       1
  393     464       1
  395     491       1
  395     648       1
  396     764       1
  397     650       1
  398     475       1
  400     487       1
  400     798       1
  401     735       1
  402     406       1
  402     437       1
  402     483       1
  402     750       1
  403     529       1
  403     770       1
  404     703       1
  405     488       1
  405     529       1
  405     534       1
  405     581       1
  405     728       1
  407     525       1
  407     666       1
  408     476       1
  408     545       1
  408     671       1
  408     778       1
  409     415       1
  410     499       1
  410     628       1
  412     499       1
  412     559       1
  413     542       1
  414     591       1
  415     418       1
  415     755       1
  417     744       1
  420     474       1
  420     537       1
  421     513       1
  421     661       1
  421     717       1
  421     763       1
  423     489       1
  423     645       1
  424     780       1
  425     636       1
  425     731       1
  425     797       1
  426     483       1
  427     441       1
  427     486       1
  427     730       1
  427     732       1
  428     594       1
  428     650       1
  428     660       1
  429     457       1
  430     567       1
  432     521       1
  433     653       1
  434     689       1
  435     795       1
  436     457       1
  436     491       1
  439     471       1
  439     799       1
  440     627       1
  441     767       1
  443     673       1
  443     739       1
  444     574       1
  444     745       1
  445     475       1
  446     746       1
  446     786       1
  447     774       1
  448     467       1
  448     519       1
  449     534       1
  449     566       1
  450     580       1
  450     734       1
  451     694       1
  452     748       1
  452     775       1
  454     625       1
  457     542       1
  457     579       1
  458     524       1
  460     781       1
  461     560       1
  461     693       1
  462     614       1
  463     773       1
  468     774       1
  472     746       1
  473     531       1
  474     688       1
  475     554       1
  475     615       1
  475     650       1
  475     766       1
  477     667       1
  478     681       1
  479     533       1
  480     641       1
  481     526       1
  482     556       1
  482     617       1
  483     757       1
  484     669       1
  485     702       1
  487     783       1
  488     785       1
  490     694       1
  493     523       1
  493     626       1
  495     567       1
  495     586       1
  495     789       1
  497     669       1
  499     580       1
  500     531       1
  501     740       1
  502     746       1
  502     778       1
  504     665       1
  504     750       1
  505     746       1
  507     508       1
  507     742       1
  510     797       1
  514     714       1
  517     647       1
  518     549       1
  519     566       1
  520     784       1
  525     594       1
  527     725       1
  529     572       1
  530     539       1
  530     638       1
  531     605       1
  534     650       1
  534     684       1
  534     745       1
  537     682       1
  539     729       1
  545     631       1
  546     663       1
  546     676       1
  548     634       1
  549     583       1
  549     675       1
  551     721       1
  552     609       1
  552     652       1
  553     702       1
  554     753       1
  556     754       1
  557     730       1
  558     632       1
  561     652       1
  562     633       1
  563     674       1
  564     729       1
  565     596       1
  566     760       1
  569     773       1
  571     678       1
  572     587       1
  572     767       1
  573     662       1
  575     763       1
  577     661       1
  577     677       1
  577     762       1
  579     788       1
  580     747       1
  581     661       1
  581     667       1
  581     688       1
  584     608       1
  587     765       1
  588     699       1
  588     752       1
  589     629       1
  589     732       1
  592     615       1
  593     604       1
  595     755       1
  598     702       1
  600     681       1
  601     735       1
  603     714       1
  604     776       1
  606     729       1
  607     730       1
  607     794       1
  610     791       1
  612     642       1
  612     795       1
  615     644       1
  617     711       1
  618     677       1
  620     658       1
  621     715       1
  623     718       1
  623     778       1
  626     691       1
  627     725       1
  627     740       1
  630     632       1
  630     783       1
  639     734       1
  642     690       1
  642     772       1
  650     787       1
  651     659       1
  651     667       1
  652     799       1
  656     704       1
  656     755       1
  662     699       1
  662     785       1
  665     722       1
  670     708       1
  672     716       1
  673     735       1
  674     702       1
  675     697       1
  679     730       1
  683     697       1
  688     693       1
  696     701       1
  700     719       1
  708     709       1
  708     732       1
  710     718       1
  710     759       1
  716     737       1
  718     723       1
  722     758       1
  724     727       1
  728     732       1
  737     768       1
  743     764       1
  744     790       1
  763     784       1
