  700     780
    1     106       1
    1     186       1
    1     328       1
    1     584       1
    2     413       1
    2     454       1
    3     216       1
    3     428       1
    4     456       1
    4     476       1
    4     587       1
    5     512       1
    6     178       1
    7     203       1
    7     281       1
    8     232       1
    9      40       1
    9     163       1
    9     393       1
   10     616       1
   10     666       1
   11     160       1
   12      21       1
   12     327       1
   13     203       1
   13     207       1
   13     438       1
   14      92       1
   15      87       1
   16     423       1
   17     611       1
   18     572       1
   19     282       1
   19     679       1
   20     182       1
   20     403       1
   20     448       1
   20     635       1
   21     535       1
   21     588       1
   21     644       1
   21     677       1
   22     126       1
   22     282       1
   22     547       1
   23     160       1
   23     179       1
   23     553       1
   24      85       1
   24     194       1
   24     216       1
   24     223       1
   24     275       1
   25     234       1
   25     314       1
   25     364       1
   25     535       1
   26     486       1
   27     141       1
   28     217       1
   28     258       1
   29      39       1
   29     379       1
   29     556       1
   30     102       1
   30     153       1
   30     386       1
   30     605       1
   31     281       1
   32     185       1
   32     483       1
   32     504       1
   33     371       1
   33     589       1
   34     232       1
   34     645       1
   35     542       1
   36     440       1
   37      46       1
   37     528       1
   38     412       1
   39     154       1
   39     316       1
   40     313       1
   41      51       1
   41      56       1
   41     292       1
   41     535       1
   42     132       1
   42     552       1
   42     643       1
   43     177       1
   43     211       1
   44      53       1
   44     625       1
   44     649       1
   45     287       1
   45     306       1
   47     185       1
   47     293       1
   47     570       1
   48     380       1
   49     513       1
   50     124       1
   50     316       1
   50     430       1
   50     684       1
   51      85       1
   52     602       1
   53     314       1
   54     128       1
   54     198       1
   54     445       1
   54     524       1
   54     565       1
   55      94       1
   55     100       1
   55     330       1
   55     379       1
   57     198       1
   57     459       1
   57     678       1
   58     510       1
   58     517       1
   59     249       1
   59     351       1
   60     116       1
   60     287       1
   60     433       1
   60     527       1
   61     142       1
   61     506       1
   62      83       1
   62     145       1
   62     218       1
   62     350       1
   62     476       1
   62     700       1
   63     143       1
   63     322       1
   64     499       1
   65      66       1
   65     575       1
   66     189       1
   66     328       1
   66     342       1
   66     362       1
   66     542       1
   66     692       1
   67     174       1
   67     326       1
   67     449       1
   67     698       1
   68     581       1
   69     417       1
   70     503       1
   70     616       1
   71     497       1
   72     160       1
   72     450       1
   72     652       1
   73     459       1
   74     159       1
   75     228       1
   75     595       1
   75     693       1
   76     190       1
   77     441       1
   77     509       1
   77     586       1
   78     225       1
   79     185       1
   79     201       1
   80     332       1
   80     392       1
   81     142       1
   82     317       1
   82     477       1
   82     520       1
   82     619       1
   84     546       1
   85     294       1
   86     571       1
   87     344       1
   87     605       1
   87     699       1
   88     484       1
   89     468       1
   90     308       1
   90     517       1
   91     200       1
   92     356       1
   93     374       1
   93     601       1
   95     228       1
   96     270       1
   96     683       1
   97     471       1
   97     508       1
   98     381       1
   98     664       1
   99     165       1
   99     172       1
   99     308       1
   99     491       1
  100     205       1
  100     482       1
  101     431       1
  101     503       1
  102     433       1
  102     579       1
  103     253       1
  104     506       1
  105     119       1
  105     144       1
  105     572       1
  105     686       1
  107     330       1
  108     171       1
  108     251       1
  109     169       1
  109     266       1
  109     316       1
  110     638       1
  111     159       1
  112     154       1
  113     280       1
  113     405       1
  114     362       1
  114     458       1
  115     235       1
  115     367       1
  117     249       1
  117     354       1
  118     368       1
  118     460       1
  118     599       1
  120     236       1
  121     294       1
  122     265       1
  122     300       1
  122     665       1
  123     690       1
  124     687       1
  125     209       1
  125     667       1
  127     309       1
  128     139       1
  128     324       1
  128     431       1
  128     606       1
  129     146       1
  129     545       1
  130     364       1
  131     629       1
  132     151       1
  133     544       1
  133     649       1
  134     304       1
  134     416       1
  134     555       1
  134     607       1
  134     643       1
  135     328       1
  136     152       1
  136     291       1
  136     437       1
  136     493       1
  136     520       1
  136     564       1
  137     447       1
  137     448       1
  138     632       1
  139     332       1
  139     516       1
  139     597       1
  139     668       1
  140     156       1
  140     362       1
  141     260       1
  142     185       1
  142     212       1
  142     448       1
  143     286       1
  143     313       1
  143     435       1
  143     660       1
  144     164       1
  144     504       1
  144     512       1
  145     674       1
  146     296       1
  147     259       1
  148     419       1
  149     383       1
  149     554       1
  149     567       1
  149     629       1
  150     405       1
  151     165       1
  151     339       1
  151     464       1
  151     530       1
  151     566       1
  152     229       1
  153     342       1
  153     434       1
  153     604       1
  154     224       1
  155     626       1
  157     621       1
  158     602       1
  159     261       1
  159     640       1
  161     405       1
  162     217       1
  162     275       1
  162     447       1
  162     484       1
  162     504       1
  162     621       1
  162     633       1
  162     644       1
  164     260       1
  166     508       1
  167     330       1
  168     334       1
  168     405       1
  168     562       1
  168     689       1
  169     182       1
  169     318       1
  169     414       1
  169     556       1
  169     608       1
  170     278       1
  170     303       1
  170     393       1
  170     669       1
  171     343       1
  171     427       1
  171     465       1
  172     498       1
  172     515       1
  173     484       1
  175     351       1
  176     282       1
  177     546       1
  178     184       1
  178     496       1
  179     609       1
  180     523       1
  181     287       1
  181     292       1
  181     355       1
  182     211       1
  182     276       1
  183     567       1
  184     552       1
  184     567       1
  185     320       1
  185     462       1
  185     683       1
  187     537       1
  187     572       1
  188     396       1
  190     515       1
  191     622       1
  192     243       1
  193     324       1
  194     514       1
  195     263       1
  195     627       1
  196     253       1
  197     583       1
  198     700       1
  199     621       1
  200     222       1
  200     296       1
  200     396       1
  200     477       1
  200     541       1
  200     693       1
  202     501       1
  203     271       1
  203     309       1
  203     313       1
  203     337       1
  203     484       1
  203     508       1
  203     689       1
  204     563       1
  205     242       1
  205     341       1
  206     385       1
  207     293       1
  207     310       1
  207     450       1
  208     344       1
  209     424       1
  210     217       1
  210     333       1
  211     262       1
  211     321       1
  211     377       1
  212     518       1
  213     353       1
  213     358       1
  214     263       1
  215     217       1
  216     426       1
  217     328       1
  217     419       1
  217     427       1
  217     449       1
  218     486       1
  219     505       1
  220     283       1
  221     521       1
  221     631       1
  223     340       1
  223     532       1
  224     583       1
  225     328       1
  226     622       1
  227     330       1
  227     480       1
  229     246       1
  230     614       1
  231     521       1
  232     317       1
  232     334       1
  232     349       1
  232     654       1
  233     565       1
  234     367       1
  236     508       1
  237     537       1
  237     669       1
  238     410       1
  238     449       1
  239     242       1
  240     688       1
  241     345       1
  241     444       1
  241     592       1
  242     430       1
  243     345       1
  244     263       1
  244     627       1
  245     470       1
  245     658       1
  246     295       1
  246     373       1
  246     507       1
  246     675       1
  247     512       1
  248     362       1
  249     363       1
  250     499       1
  250     582       1
  250     652       1
  251     343       1
  252     512       1
  253     274       1
  253     283       1
  253     358       1
  253     502       1
  253     576       1
  253     579       1
  254     595       1
  255     275       1
  255     360       1
  255     461       1
  256     410       1
  256     470       1
  257     539       1
  259     486       1
  260     474       1
  263     502       1
  263     648       1
  263     660       1
  264     428       1
  264     655       1
  265     594       1
  267     398       1
  267     656       1
  268     469       1
  268     634       1
  269     491       1
  270     366       1
  271     406       1
  271     488       1
  271     533       1
  272     341       1
  273     428       1
  273     504       1
  273     540       1
  274     600       1
  275     395       1
  275     591       1
  275     660       1
  276     319       1
  277     472       1
  277     644       1
  278     621       1
  279     422       1
  279     455       1
  279     610       1
  280     512       1
  281     407       1
  281     620       1
  282     657       1
  282     700       1
  283     680       1
  284     423       1
  285     523       1
  287     343       1
  287     345       1
  288     294       1
  288     528       1
  289     375       1
  290     595       1
  290     662       1
  291     520       1
  292     399       1
  292     423       1
  292     519       1
  293     479       1
  295     572       1
  296     380       1
  297     429       1
  297     612       1
  298     328       1
  299     619       1
  300     417       1
  301     679       1
  302     304       1
  302     527       1
  303     429       1
  303     502       1
  303     653       1
  305     410       1
  305     422       1
  307     549       1
  308     356       1
  308     504       1
  308     640       1
  309     451       1
  309     607       1
  309     656       1
  311     568       1
  312     552       1
  313     401       1
  314     391       1
  315     330       1
  316     346       1
  316     424       1
  316     484       1
  316     632       1
  317     434       1
  317     471       1
  319     402       1
  319     414       1
  319     485       1
  321     400       1
  322     508       1
  323     561       1
  323     621       1
  325     348       1
  326     642       1
  328     359       1
  328     497       1
  328     560       1
  328     696       1
  329     553       1
  330     419       1
  330     506       1
  330     600       1
  331     356       1
  331     620       1
  332     371       1
  335     409       1
  336     566       1
  336     615       1
  338     684       1
  340     480       1
  342     580       1
  343     658       1
  344     490       1
  344     558       1
  344     569       1
  344     621       1
  344     700       1
  345     442       1
  345     490       1
  346     464       1
  346     694       1
  347     678       1
  348     644       1
  348     682       1
  351     596       1
  351     613       1
  351     681       1
  352     553       1
  353     420       1
  357     546       1
  360     378       1
  361     383       1
  363     539       1
  363     664       1
  365     395       1
  366     528       1
  366     622       1
  367     691       1
  368     382       1
  368     454       1
  369     468       1
  370     388       1
  370     413       1
  370     427       1
  370     431       1
  371     494       1
  371     608       1
  371     643       1
  372     536       1
  372     621       1
  375     453       1
  376     600       1
  376     604       1
  376     672       1
  379     545       1
  379     577       1
  381     384       1
  384     553       1
  385     543       1
  385     585       1
  387     584       1
  387     603       1
  389     545       1
  390     630       1
  391     659       1
  394     462       1
  394     529       1
  395     515       1
  396     661       1
  397     567       1
  399     656       1
  403     578       1
  403     595       1
  404     674       1
  405     670       1
  408     438       1
  409     616       1
  410     616       1
  411     602       1
  412     452       1
  414     552       1
  415     516       1
  415     638       1
  416     489       1
  416     541       1
  417     508       1
  418     584       1
  420     617       1
  421     423       1
  423     466       1
  423     559       1
  424     467       1
  424     528       1
  424     671       1
  425     492       1
  425     510       1
  426     585       1
  427     590       1
  428     561       1
  430     574       1
  431     455       1
  431     499       1
  431     601       1
  432     616       1
  435     553       1
  436     493       1
  437     513       1
  439     610       1
  440     523       1
  443     653       1
  446     656       1
  448     484       1
  448     636       1
  449     594       1
  449     697       1
  450     628       1
  452     700       1
  453     668       1
  454     481       1
  454     644       1
  455     539       1
  455     690       1
  456     673       1
  457     477       1
  460     591       1
  463     584       1
  465     578       1
  468     484       1
  468     516       1
  468     693       1
  469     598       1
  470     528       1
  473     505       1
  475     499       1
  477     563       1
  478     526       1
  478     641       1
  479     579       1
  481     559       1
  481     571       1
  481     676       1
  482     639       1
  484     493       1
  487     645       1
  489     595       1
  490     501       1
  493     505       1
  493     616       1
  495     513       1
  500     640       1
  501     557       1
  502     616       1
  502     629       1
  503     576       1
  505     546       1
  506     583       1
  507     624       1
  509     693       1
  510     511       1
  512     584       1
  512     623       1
  513     593       1
  513     631       1
  517     581       1
  520     658       1
  522     656       1
  523     644       1
  525     654       1
  530     618       1
  531     648       1
  531     695       1
  534     648       1
  536     666       1
  538     541       1
  542     602       1
  543     677       1
  546     609       1
  548     600       1
  549     630       1
  550     643       1
  551     654       1
  553     654       1
  556     573       1
  560     630       1
  562     598       1
  568     687       1
  577     663       1
  578     638       1
  578     641       1
  607     626       1
  611     658       1
  612     633       1
  612     651       1
  614     669       1
  616     685       1
  625     689       1
  634     647       1
  634     656       1
  637     698       1
  646     648       1
  650     689       1
  658     661       1
  683     688       1
