  700     780
    1       5       1
    2     144       1
    3      53       1
    4     187       1
    4     226       1
    4     492       1
    4     577       1
    5     253       1
    5     607       1
    6     663       1
    7     489       1
    8     379       1
    8     627       1
    9     159       1
   10     137       1
   10     247       1
   10     486       1
   11     202       1
   12     618       1
   13     288       1
   13     311       1
   14      40       1
   14     432       1
   15     541       1
   16     187       1
   16     254       1
   17      78       1
   17     156       1
   18     143       1
   18     564       1
   19     117       1
   20     148       1
   20     160       1
   20     162       1
   20     370       1
   20     555       1
   21      74       1
   21     365       1
   21     421       1
   22     125       1
   22     439       1
   23     550       1
   23     601       1
   24     155       1
   24     301       1
   24     662       1
   25     144       1
   25     196       1
   25     211       1
   26     273       1
   26     379       1
   27      84       1
   27     315       1
   28     277       1
   28     311       1
   28     322       1
   28     451       1
   28     680       1
   29     147       1
   29     280       1
   29     367       1
   30     295       1
   30     530       1
   30     541       1
   31     395       1
   32      56       1
   32     346       1
   32     579       1
   33     256       1
   33     508       1
   34      77       1
   34     216       1
   34     277       1
   34     373       1
   34     565       1
   34     672       1
   34     684       1
   35     134       1
   35     192       1
   35     253       1
   36      74       1
   36     384       1
   36     539       1
   37     243       1
   37     683       1
   38     284       1
   38     335       1
   39     384       1
   40     168       1
   40     202       1
   40     233       1
   40     240       1
   40     627       1
   41     572       1
   42     402       1
   43     246       1
   43     522       1
   43     544       1
   43     695       1
   44     184       1
   44     671       1
   45     347       1
   45     574       1
   46     277       1
   46     519       1
   47      55       1
   47     289       1
   48     172       1
   48     245       1
   48     293       1
   48     321       1
   49     137       1
   50     200       1
   50     344       1
   51     229       1
   52      53       1
   52     262       1
   52     279       1
   52     449       1
   52     528       1
   53     420       1
   54     440       1
   54     536       1
   54     589       1
   55     369       1
   55     636       1
   56      65       1
   56      70       1
   56     389       1
   57     555       1
   58     257       1
   58     315       1
   59     303       1
   59     329       1
   59     658       1
   60     327       1
   60     389       1
   60     669       1
   61      82       1
   61     292       1
   61     467       1
   62     237       1
   62     327       1
   63     597       1
   63     600       1
   63     627       1
   64     204       1
   64     234       1
   64     251       1
   64     475       1
   64     605       1
   66     423       1
   66     464       1
   66     598       1
   67     298       1
   68     307       1
   69     198       1
   69     236       1
   69     458       1
   70     214       1
   70     370       1
   70     589       1
   70     619       1
   70     657       1
   70     665       1
   71     304       1
   72      95       1
   72     359       1
   73     245       1
   75     143       1
   75     443       1
   76     110       1
   76     116       1
   76     646       1
   76     655       1
   77     250       1
   77     454       1
   77     538       1
   78     433       1
   79     120       1
   79     334       1
   80     105       1
   81     266       1
   81     464       1
   81     691       1
   83     464       1
   83     494       1
   83     535       1
   84      96       1
   85     224       1
   86     135       1
   86     266       1
   86     269       1
   87     122       1
   87     130       1
   88     128       1
   88     180       1
   88     224       1
   88     562       1
   88     622       1
   89     436       1
   90     134       1
   90     142       1
   91     470       1
   91     622       1
   92     325       1
   93     637       1
   94     698       1
   95     165       1
   95     235       1
   95     571       1
   97     307       1
   98     481       1
   99     503       1
  100     247       1
  101     136       1
  101     409       1
  102     570       1
  103     191       1
  103     574       1
  104     174       1
  104     505       1
  105     280       1
  105     342       1
  105     368       1
  105     561       1
  105     656       1
  106     267       1
  106     622       1
  107     135       1
  108     124       1
  108     477       1
  108     515       1
  109     200       1
  111     174       1
  111     601       1
  112     480       1
  113     680       1
  114     394       1
  114     511       1
  115     613       1
  117     331       1
  117     661       1
  118     383       1
  119     133       1
  119     352       1
  119     589       1
  120     448       1
  120     678       1
  120     685       1
  121     420       1
  121     473       1
  123     610       1
  123     645       1
  125     693       1
  126     168       1
  126     342       1
  126     357       1
  127     526       1
  128     428       1
  129     337       1
  129     400       1
  129     687       1
  130     194       1
  130     475       1
  130     525       1
  131     261       1
  132     300       1
  132     448       1
  132     513       1
  133     273       1
  133     309       1
  133     452       1
  135     259       1
  135     362       1
  135     589       1
  135     661       1
  135     665       1
  135     666       1
  137     354       1
  137     433       1
  137     483       1
  137     511       1
  138     531       1
  139     524       1
  139     628       1
  140     177       1
  140     208       1
  140     345       1
  141     297       1
  142     191       1
  143     467       1
  143     630       1
  145     190       1
  145     194       1
  146     339       1
  146     411       1
  148     402       1
  149     322       1
  150     442       1
  150     518       1
  151     390       1
  152     231       1
  152     644       1
  152     692       1
  153     367       1
  154     649       1
  155     651       1
  156     626       1
  157     266       1
  157     294       1
  158     384       1
  158     400       1
  159     245       1
  159     474       1
  161     299       1
  161     424       1
  161     585       1
  163     482       1
  164     505       1
  165     382       1
  166     560       1
  167     580       1
  168     557       1
  169     276       1
  170     537       1
  171     435       1
  171     591       1
  172     333       1
  172     378       1
  173     408       1
  173     420       1
  173     494       1
  175     333       1
  176     403       1
  176     470       1
  176     599       1
  177     253       1
  177     370       1
  177     392       1
  177     686       1
  178     495       1
  179     320       1
  179     599       1
  179     690       1
  180     485       1
  181     471       1
  182     200       1
  182     480       1
  182     587       1
  183     199       1
  184     332       1
  184     467       1
  185     592       1
  185     657       1
  186     214       1
  186     512       1
  187     394       1
  187     407       1
  187     495       1
  188     633       1
  189     578       1
  190     204       1
  190     518       1
  191     573       1
  192     198       1
  193     305       1
  193     306       1
  194     239       1
  194     366       1
  194     528       1
  195     237       1
  197     479       1
  197     653       1
  199     647       1
  200     537       1
  200     589       1
  201     688       1
  203     584       1
  204     621       1
  205     412       1
  205     488       1
  206     420       1
  206     668       1
  207     298       1
  207     440       1
  209     580       1
  209     656       1
  210     694       1
  210     700       1
  211     236       1
  212     355       1
  212     371       1
  212     517       1
  213     364       1
  213     666       1
  213     694       1
  215     350       1
  216     624       1
  216     641       1
  216     653       1
  217     239       1
  218     281       1
  218     560       1
  219     510       1
  220     282       1
  220     499       1
  221     601       1
  221     632       1
  222     291       1
  222     501       1
  222     647       1
  222     678       1
  223     561       1
  225     297       1
  225     614       1
  226     628       1
  227     319       1
  227     455       1
  227     503       1
  227     628       1
  228     503       1
  229     267       1
  229     526       1
  229     668       1
  230     303       1
  232     528       1
  232     532       1
  234     367       1
  234     381       1
  235     628       1
  237     337       1
  237     566       1
  237     619       1
  238     295       1
  238     451       1
  240     376       1
  241     391       1
  241     635       1
  241     685       1
  242     261       1
  242     279       1
  242     336       1
  242     541       1
  242     591       1
  243     443       1
  243     458       1
  244     461       1
  244     668       1
  245     348       1
  247     261       1
  247     453       1
  247     632       1
  248     588       1
  249     279       1
  251     359       1
  252     459       1
  255     665       1
  258     608       1
  259     640       1
  259     659       1
  259     700       1
  260     627       1
  262     609       1
  263     611       1
  263     649       1
  264     438       1
  264     520       1
  265     374       1
  266     467       1
  266     476       1
  266     540       1
  266     652       1
  268     492       1
  269     553       1
  270     593       1
  271     281       1
  271     565       1
  271     601       1
  272     317       1
  274     577       1
  275     372       1
  275     586       1
  276     284       1
  276     302       1
  276     426       1
  276     642       1
  277     360       1
  277     569       1
  278     410       1
  278     491       1
  278     515       1
  279     315       1
  279     450       1
  279     531       1
  279     570       1
  279     658       1
  280     375       1
  280     509       1
  280     525       1
  280     620       1
  281     531       1
  281     601       1
  282     297       1
  282     378       1
  282     410       1
  282     547       1
  282     626       1
  283     376       1
  283     563       1
  283     657       1
  284     287       1
  284     417       1
  284     479       1
  285     311       1
  286     572       1
  286     696       1
  288     365       1
  289     413       1
  289     485       1
  289     546       1
  289     677       1
  290     655       1
  296     390       1
  297     372       1
  297     628       1
  299     343       1
  299     603       1
  301     644       1
  302     312       1
  302     589       1
  303     533       1
  303     623       1
  304     349       1
  304     696       1
  305     545       1
  305     558       1
  305     635       1
  305     674       1
  307     341       1
  307     586       1
  307     606       1
  307     611       1
  308     416       1
  308     449       1
  310     335       1
  310     548       1
  311     699       1
  312     386       1
  312     639       1
  313     381       1
  314     467       1
  314     604       1
  316     622       1
  316     682       1
  317     657       1
  318     333       1
  319     502       1
  320     561       1
  320     645       1
  321     326       1
  322     534       1
  322     610       1
  322     646       1
  323     627       1
  324     511       1
  324     617       1
  324     618       1
  325     406       1
  328     677       1
  330     592       1
  331     442       1
  332     459       1
  333     677       1
  335     467       1
  338     348       1
  340     670       1
  341     528       1
  343     603       1
  344     628       1
  345     472       1
  345     589       1
  345     698       1
  347     476       1
  348     372       1
  348     419       1
  348     422       1
  348     619       1
  350     406       1
  350     602       1
  350     622       1
  350     633       1
  351     401       1
  351     465       1
  351     643       1
  352     503       1
  353     521       1
  354     380       1
  356     644       1
  358     469       1
  358     562       1
  361     685       1
  363     562       1
  364     583       1
  365     528       1
  367     451       1
  367     455       1
  367     564       1
  367     565       1
  369     531       1
  369     603       1
  370     396       1
  370     498       1
  371     486       1
  374     447       1
  374     478       1
  377     397       1
  377     403       1
  377     437       1
  377     448       1
  377     572       1
  377     588       1
  377     589       1
  377     628       1
  377     690       1
  383     626       1
  385     658       1
  385     696       1
  387     628       1
  388     621       1
  388     664       1
  390     673       1
  391     457       1
  393     697       1
  395     558       1
  398     399       1
  398     541       1
  399     631       1
  402     636       1
  403     578       1
  404     558       1
  404     699       1
  405     552       1
  405     559       1
  406     431       1
  409     640       1
  410     649       1
  411     446       1
  412     431       1
  412     658       1
  414     537       1
  415     427       1
  416     621       1
  418     556       1
  419     424       1
  422     567       1
  424     589       1
  425     467       1
  425     527       1
  427     479       1
  427     514       1
  429     454       1
  430     583       1
  430     640       1
  433     646       1
  434     561       1
  436     670       1
  438     451       1
  439     550       1
  440     687       1
  441     467       1
  444     690       1
  445     699       1
  446     471       1
  447     532       1
  448     451       1
  448     478       1
  448     511       1
  449     500       1
  450     504       1
  450     621       1
  451     510       1
  451     627       1
  454     637       1
  455     643       1
  455     689       1
  456     555       1
  458     589       1
  458     663       1
  458     692       1
  459     543       1
  460     547       1
  461     464       1
  461     551       1
  462     471       1
  463     484       1
  463     571       1
  466     537       1
  467     628       1
  468     670       1
  471     531       1
  471     582       1
  476     568       1
  478     482       1
  478     670       1
  481     505       1
  481     670       1
  482     575       1
  487     556       1
  487     652       1
  489     511       1
  489     680       1
  490     531       1
  490     654       1
  492     542       1
  493     615       1
  494     594       1
  494     673       1
  496     666       1
  497     555       1
  501     660       1
  503     519       1
  504     601       1
  506     553       1
  507     538       1
  508     685       1
  509     683       1
  513     690       1
  516     531       1
  516     612       1
  520     595       1
  521     622       1
  523     661       1
  526     684       1
  529     666       1
  531     589       1
  531     611       1
  543     578       1
  547     613       1
  547     677       1
  549     619       1
  550     688       1
  554     621       1
  554     676       1
  555     616       1
  556     621       1
  559     628       1
  559     673       1
  565     584       1
  569     581       1
  572     638       1
  574     610       1
  574     634       1
  574     693       1
  575     682       1
  576     655       1
  577     622       1
  580     658       1
  589     622       1
  590     680       1
  591     593       1
  591     695       1
  592     611       1
  592     615       1
  593     672       1
  596     621       1
  608     680       1
  618     679       1
  621     678       1
  622     648       1
  622     650       1
  625     689       1
  629     685       1
  637     685       1
  640     662       1
  640     681       1
  655     678       1
  667     674       1
  669     697       1
  675     681       1
