  200     244
    1      78       1
    2     105       1
    2     131       1
    3     120       1
    4      70       1
    5      65       1
    6      63       1
    7     103       1
    7     183       1
    8     147       1
    9     113       1
   10      30       1
   10      58       1
   10      67       1
   10      87       1
   10     161       1
   10     197       1
   10     200       1
   11      29       1
   11      68       1
   11     189       1
   12      65       1
   12     100       1
   12     119       1
   12     179       1
   13      19       1
   13      35       1
   13      37       1
   13     133       1
   13     137       1
   14     137       1
   15     108       1
   15     148       1
   16     102       1
   16     108       1
   17      22       1
   17      29       1
   17      47       1
   17      75       1
   17     166       1
   17     177       1
   18      52       1
   18      90       1
   18     116       1
   19      30       1
   19      61       1
   19      76       1
   19      80       1
   19      92       1
   19     103       1
   20     114       1
   21      38       1
   21      56       1
   21      76       1
   22      57       1
   23      43       1
   23      59       1
   24      64       1
   24     145       1
   25     118       1
   26      52       1
   26     155       1
   27      66       1
   27      70       1
   27      88       1
   27     100       1
   27     111       1
   27     119       1
   27     145       1
   28      76       1
   28     126       1
   29      83       1
   31      59       1
   31     167       1
   32      54       1
   32     100       1
   33      54       1
   33      76       1
   33      81       1
   33      83       1
   33     199       1
   34     132       1
   34     197       1
   35      39       1
   36      75       1
   37      63       1
   37     139       1
   39      94       1
   40      76       1
   41     151       1
   42      74       1
   42     101       1
   42     190       1
   44      87       1
   44     194       1
   45     143       1
   46     166       1
   47      61       1
   47     104       1
   47     186       1
   48      78       1
   48     162       1
   49      60       1
   49      76       1
   49     101       1
   49     127       1
   50     164       1
   51      67       1
   51     121       1
   51     198       1
   52      60       1
   52      74       1
   52      85       1
   52     115       1
   52     151       1
   53     124       1
   55     118       1
   55     148       1
   57      81       1
   57     114       1
   57     120       1
   57     171       1
   58     151       1
   58     183       1
   60     182       1
   61      88       1
   61     102       1
   61     172       1
   62     174       1
   63     169       1
   65     174       1
   66      98       1
   66     144       1
   67      96       1
   67     143       1
   68     112       1
   69     189       1
   71     106       1
   71     138       1
   71     144       1
   72      92       1
   72      93       1
   73     100       1
   73     138       1
   74     105       1
   75      79       1
   76      96       1
   76      99       1
   76     149       1
   76     167       1
   77      97       1
   77     185       1
   78     142       1
   79      92       1
   80     121       1
   80     195       1
   82     143       1
   82     196       1
   83      86       1
   83     189       1
   84     116       1
   84     154       1
   84     157       1
   85     136       1
   87     130       1
   87     152       1
   88     100       1
   88     109       1
   88     132       1
   89     117       1
   89     184       1
   90     113       1
   91     118       1
   91     135       1
   92     118       1
   92     123       1
   94     165       1
   95     120       1
   98     132       1
  100     129       1
  101     111       1
  101     153       1
  102     176       1
  103     127       1
  105     143       1
  107     133       1
  107     187       1
  108     120       1
  109     178       1
  110     150       1
  111     170       1
  113     143       1
  113     187       1
  114     185       1
  117     120       1
  118     146       1
  118     192       1
  119     185       1
  120     188       1
  122     160       1
  122     184       1
  123     169       1
  124     171       1
  125     140       1
  125     148       1
  125     190       1
  126     163       1
  127     135       1
  127     169       1
  127     182       1
  127     193       1
  128     197       1
  130     165       1
  131     164       1
  133     179       1
  134     145       1
  137     153       1
  137     200       1
  141     199       1
  143     167       1
  144     167       1
  146     197       1
  147     198       1
  149     157       1
  150     190       1
  154     182       1
  155     198       1
  156     174       1
  157     168       1
  157     192       1
  158     189       1
  159     174       1
  160     166       1
  161     174       1
  162     192       1
  163     167       1
  166     193       1
  168     194       1
  172     175       1
  173     185       1
  180     193       1
  181     195       1
  183     191       1
  196     199       1
