  400     459
    1      50       1
    1     262       1
    1     328       1
    2     122       1
    2     196       1
    2     216       1
    2     348       1
    3     274       1
    3     356       1
    4     301       1
    5     286       1
    6     189       1
    6     199       1
    6     238       1
    6     268       1
    6     274       1
    6     330       1
    7     288       1
    7     353       1
    8     187       1
    9     106       1
    9     205       1
    9     247       1
    9     261       1
   10     100       1
   11     170       1
   12      17       1
   13      90       1
   13     143       1
   13     163       1
   13     315       1
   14     199       1
   14     386       1
   15      62       1
   16      98       1
   16     383       1
   17     324       1
   17     338       1
   18      33       1
   18     145       1
   19     217       1
   20     109       1
   20     219       1
   20     351       1
   20     396       1
   21     151       1
   21     376       1
   22     340       1
   23     199       1
   24     338       1
   24     344       1
   25     293       1
   26     317       1
   27      97       1
   28      58       1
   29      77       1
   29     102       1
   29     252       1
   29     260       1
   29     311       1
   30      66       1
   30     196       1
   30     211       1
   30     284       1
   31     243       1
   31     299       1
   31     318       1
   32      63       1
   32     246       1
   33      57       1
   33     138       1
   33     178       1
   33     188       1
   33     194       1
   34     111       1
   34     120       1
   34     313       1
   34     361       1
   35     312       1
   36     281       1
   36     283       1
   37      72       1
   37     251       1
   37     267       1
   38     162       1
   38     326       1
   39     327       1
   40     189       1
   40     387       1
   41     181       1
   41     330       1
   42      47       1
   42     100       1
   42     351       1
   43     142       1
   43     166       1
   43     198       1
   43     237       1
   43     326       1
   43     371       1
   44     190       1
   45     190       1
   46     201       1
   47     287       1
   48     104       1
   48     230       1
   48     304       1
   48     357       1
   48     367       1
   49     175       1
   49     217       1
   49     296       1
   50     138       1
   50     207       1
   50     215       1
   50     382       1
   51      64       1
   51     374       1
   52     283       1
   53     108       1
   53     279       1
   54     142       1
   54     220       1
   54     222       1
   55      87       1
   55     103       1
   56     195       1
   57     258       1
   58     100       1
   59     306       1
   60     288       1
   60     323       1
   61     130       1
   61     157       1
   61     370       1
   62      71       1
   62     128       1
   62     201       1
   62     318       1
   62     371       1
   63     199       1
   64     194       1
   64     205       1
   64     329       1
   64     337       1
   64     373       1
   64     385       1
   64     386       1
   65     155       1
   65     389       1
   66     325       1
   67     135       1
   67     286       1
   68     163       1
   68     280       1
   68     296       1
   69     265       1
   69     317       1
   70     131       1
   70     184       1
   70     245       1
   70     261       1
   70     336       1
   70     340       1
   71     100       1
   71     138       1
   71     274       1
   71     306       1
   71     354       1
   72     103       1
   73     138       1
   73     197       1
   73     297       1
   73     301       1
   73     316       1
   74     271       1
   74     379       1
   75     109       1
   76     127       1
   77     348       1
   78     123       1
   78     210       1
   78     283       1
   78     391       1
   79      84       1
   79     106       1
   79     248       1
   80     117       1
   80     261       1
   80     388       1
   81     263       1
   82     140       1
   83      97       1
   83     394       1
   84     144       1
   85     171       1
   85     313       1
   86     202       1
   86     247       1
   86     309       1
   87     219       1
   88     384       1
   89     124       1
   89     138       1
   91     350       1
   92     195       1
   92     219       1
   92     269       1
   93     385       1
   94     147       1
   94     262       1
   95     158       1
   95     188       1
   96     155       1
   96     248       1
   97     177       1
   97     263       1
   97     341       1
   99     187       1
  100     254       1
  100     318       1
  100     346       1
  101     187       1
  103     369       1
  104     230       1
  105     112       1
  106     170       1
  107     161       1
  107     201       1
  108     118       1
  109     196       1
  109     210       1
  109     223       1
  109     378       1
  110     217       1
  110     330       1
  111     189       1
  111     331       1
  112     249       1
  113     132       1
  113     341       1
  114     184       1
  114     276       1
  115     288       1
  116     141       1
  117     375       1
  118     131       1
  118     304       1
  118     398       1
  119     182       1
  121     350       1
  125     166       1
  126     352       1
  126     358       1
  127     275       1
  127     318       1
  127     366       1
  128     153       1
  128     250       1
  129     148       1
  129     194       1
  129     399       1
  131     182       1
  131     280       1
  131     322       1
  131     393       1
  132     134       1
  132     147       1
  132     292       1
  132     324       1
  132     369       1
  133     219       1
  134     150       1
  134     232       1
  135     385       1
  136     138       1
  136     312       1
  137     213       1
  137     324       1
  138     143       1
  138     261       1
  139     374       1
  140     258       1
  141     312       1
  142     157       1
  142     248       1
  143     234       1
  143     244       1
  143     249       1
  143     347       1
  145     196       1
  146     363       1
  147     185       1
  147     187       1
  147     202       1
  147     261       1
  147     361       1
  148     359       1
  149     263       1
  152     171       1
  152     190       1
  152     306       1
  152     332       1
  153     331       1
  154     246       1
  154     335       1
  156     319       1
  157     191       1
  159     283       1
  159     393       1
  160     324       1
  161     376       1
  162     241       1
  162     378       1
  163     400       1
  164     274       1
  164     305       1
  165     282       1
  165     341       1
  166     192       1
  166     232       1
  166     343       1
  167     173       1
  168     181       1
  169     217       1
  169     245       1
  170     364       1
  171     380       1
  171     392       1
  171     397       1
  172     211       1
  172     272       1
  173     273       1
  174     240       1
  174     315       1
  174     358       1
  175     356       1
  176     201       1
  177     352       1
  179     390       1
  180     251       1
  181     387       1
  182     293       1
  183     194       1
  186     376       1
  187     250       1
  188     280       1
  188     307       1
  189     350       1
  190     319       1
  191     302       1
  193     229       1
  193     392       1
  194     237       1
  194     349       1
  195     234       1
  196     233       1
  199     246       1
  199     257       1
  200     258       1
  200     332       1
  201     212       1
  201     360       1
  203     274       1
  204     241       1
  206     361       1
  207     263       1
  208     274       1
  208     373       1
  209     214       1
  209     328       1
  209     339       1
  209     368       1
  211     245       1
  211     377       1
  212     264       1
  212     289       1
  214     239       1
  215     379       1
  216     327       1
  217     298       1
  218     271       1
  220     361       1
  221     359       1
  224     283       1
  225     261       1
  226     398       1
  227     294       1
  228     379       1
  231     261       1
  231     286       1
  232     285       1
  232     288       1
  232     384       1
  235     323       1
  236     340       1
  236     369       1
  237     339       1
  240     302       1
  241     282       1
  242     251       1
  244     355       1
  245     334       1
  250     345       1
  253     304       1
  254     273       1
  254     363       1
  255     303       1
  256     365       1
  258     277       1
  258     291       1
  259     367       1
  262     317       1
  265     309       1
  266     330       1
  267     318       1
  267     352       1
  270     283       1
  270     330       1
  271     292       1
  271     314       1
  271     317       1
  271     389       1
  274     284       1
  274     321       1
  274     366       1
  274     367       1
  275     393       1
  278     398       1
  283     303       1
  284     383       1
  285     317       1
  288     365       1
  290     316       1
  294     394       1
  295     363       1
  298     324       1
  300     308       1
  300     375       1
  304     316       1
  310     349       1
  311     313       1
  311     318       1
  313     349       1
  314     354       1
  320     347       1
  328     377       1
  333     334       1
  342     372       1
  346     381       1
  348     376       1
  350     390       1
  352     361       1
  352     388       1
  362     376       1
  372     393       1
  373     382       1
  374     398       1
  395     398       1
