  400     459
    1     180       1
    2      49       1
    2     289       1
    2     323       1
    3     324       1
    3     386       1
    4      53       1
    4     138       1
    4     225       1
    4     357       1
    4     374       1
    5      12       1
    5      65       1
    5     182       1
    5     286       1
    5     292       1
    6      59       1
    6     164       1
    6     334       1
    7     118       1
    8      59       1
    8      67       1
    8      91       1
    8     250       1
    9     162       1
    9     166       1
    9     236       1
    9     266       1
    9     326       1
   10     112       1
   10     168       1
   10     295       1
   11      90       1
   11     111       1
   11     160       1
   11     184       1
   12     124       1
   12     222       1
   12     343       1
   13     164       1
   14     225       1
   14     300       1
   15      19       1
   15      40       1
   15     264       1
   15     308       1
   15     330       1
   16     178       1
   16     299       1
   17      20       1
   17      45       1
   17      68       1
   17     167       1
   17     179       1
   18     227       1
   18     352       1
   18     371       1
   20      62       1
   20     201       1
   21      29       1
   22      39       1
   22     307       1
   23     254       1
   23     258       1
   23     294       1
   24     195       1
   24     301       1
   25     146       1
   25     158       1
   25     398       1
   26      54       1
   26     311       1
   26     346       1
   27      32       1
   27      65       1
   27     350       1
   28     254       1
   29     155       1
   29     194       1
   29     378       1
   30     290       1
   30     324       1
   30     345       1
   31     360       1
   32     206       1
   33     247       1
   33     378       1
   34     174       1
   34     233       1
   34     320       1
   35     195       1
   36     177       1
   36     221       1
   36     364       1
   37     230       1
   37     261       1
   38     103       1
   39     166       1
   40     200       1
   40     388       1
   41     389       1
   42     105       1
   42     250       1
   42     267       1
   42     349       1
   43     190       1
   43     378       1
   43     395       1
   44     335       1
   45     191       1
   45     252       1
   46     114       1
   46     145       1
   46     348       1
   46     366       1
   47     110       1
   48     136       1
   50     107       1
   50     229       1
   51     312       1
   52      91       1
   52     103       1
   53     186       1
   53     211       1
   54     178       1
   54     249       1
   54     264       1
   54     350       1
   54     366       1
   55      62       1
   56      58       1
   56     301       1
   56     350       1
   56     366       1
   57     195       1
   57     215       1
   60     291       1
   61     114       1
   61     241       1
   62     160       1
   62     390       1
   63     194       1
   64     288       1
   64     333       1
   65     229       1
   66     112       1
   67     355       1
   67     377       1
   68     228       1
   68     271       1
   68     328       1
   68     341       1
   68     357       1
   68     364       1
   69     230       1
   69     246       1
   70     278       1
   71     189       1
   71     329       1
   71     331       1
   72      75       1
   72      86       1
   72     174       1
   72     314       1
   73     160       1
   74      93       1
   74     341       1
   75     113       1
   75     386       1
   76     127       1
   77     144       1
   77     211       1
   77     292       1
   78     343       1
   79     390       1
   80     159       1
   81     219       1
   82      87       1
   82     345       1
   83     138       1
   84     115       1
   85     161       1
   88     164       1
   88     292       1
   89     147       1
   89     334       1
   89     335       1
   89     367       1
   90     351       1
   91     195       1
   91     269       1
   92     185       1
   92     203       1
   92     352       1
   93     138       1
   93     241       1
   93     281       1
   94     131       1
   94     208       1
   95     112       1
   95     125       1
   95     126       1
   95     191       1
   96     377       1
   97     326       1
   98     329       1
   99     161       1
   99     259       1
  100     135       1
  101     221       1
  102     120       1
  102     260       1
  102     276       1
  102     300       1
  103     215       1
  103     223       1
  103     273       1
  103     340       1
  104     186       1
  105     261       1
  106     203       1
  107     159       1
  108     195       1
  108     251       1
  109     368       1
  110     230       1
  110     334       1
  110     386       1
  111     308       1
  111     342       1
  112     129       1
  112     285       1
  112     357       1
  113     194       1
  113     392       1
  115     139       1
  115     218       1
  115     271       1
  115     375       1
  116     128       1
  116     133       1
  116     221       1
  117     358       1
  117     399       1
  118     195       1
  118     325       1
  119     291       1
  120     176       1
  121     266       1
  121     397       1
  122     123       1
  122     140       1
  122     256       1
  124     181       1
  125     273       1
  127     387       1
  130     199       1
  131     168       1
  132     197       1
  134     305       1
  135     160       1
  135     263       1
  136     243       1
  137     209       1
  138     151       1
  139     235       1
  140     218       1
  141     261       1
  141     286       1
  141     309       1
  142     170       1
  143     281       1
  145     183       1
  147     381       1
  148     205       1
  148     305       1
  148     323       1
  148     338       1
  149     299       1
  150     206       1
  152     236       1
  152     280       1
  152     321       1
  152     329       1
  153     203       1
  154     186       1
  156     206       1
  157     312       1
  159     255       1
  160     394       1
  161     333       1
  161     373       1
  162     372       1
  163     299       1
  164     352       1
  165     298       1
  165     391       1
  167     172       1
  167     238       1
  169     256       1
  170     362       1
  171     376       1
  172     244       1
  172     316       1
  172     396       1
  173     293       1
  174     231       1
  174     336       1
  174     357       1
  174     399       1
  175     296       1
  176     220       1
  176     278       1
  177     265       1
  178     395       1
  180     193       1
  183     339       1
  184     188       1
  186     400       1
  187     245       1
  187     261       1
  187     305       1
  188     278       1
  188     383       1
  191     273       1
  192     224       1
  192     226       1
  192     240       1
  192     246       1
  192     324       1
  192     392       1
  193     203       1
  193     232       1
  193     312       1
  195     212       1
  195     256       1
  195     297       1
  196     360       1
  197     274       1
  198     219       1
  198     368       1
  199     336       1
  200     272       1
  201     277       1
  202     252       1
  203     208       1
  203     237       1
  203     256       1
  203     264       1
  203     304       1
  203     319       1
  203     333       1
  204     278       1
  204     279       1
  204     329       1
  204     398       1
  207     344       1
  208     385       1
  209     287       1
  209     304       1
  210     302       1
  210     318       1
  210     376       1
  211     239       1
  211     274       1
  211     365       1
  213     219       1
  214     382       1
  215     284       1
  215     377       1
  216     390       1
  217     366       1
  218     275       1
  218     291       1
  218     368       1
  219     253       1
  220     268       1
  220     337       1
  221     369       1
  224     256       1
  225     238       1
  225     395       1
  228     239       1
  229     344       1
  230     296       1
  234     246       1
  234     351       1
  237     253       1
  237     387       1
  242     333       1
  243     258       1
  243     358       1
  244     332       1
  247     386       1
  248     249       1
  248     325       1
  248     360       1
  249     315       1
  250     256       1
  250     300       1
  252     313       1
  252     361       1
  252     382       1
  254     286       1
  255     397       1
  256     278       1
  256     282       1
  256     305       1
  256     317       1
  256     357       1
  257     391       1
  258     278       1
  258     354       1
  259     290       1
  259     319       1
  260     356       1
  262     352       1
  263     287       1
  266     308       1
  266     370       1
  270     319       1
  272     280       1
  277     326       1
  278     359       1
  281     364       1
  283     399       1
  285     318       1
  288     348       1
  289     332       1
  290     343       1
  292     357       1
  293     321       1
  297     328       1
  300     400       1
  303     397       1
  306     372       1
  307     399       1
  310     344       1
  313     325       1
  316     347       1
  320     378       1
  322     338       1
  323     397       1
  324     353       1
  325     363       1
  327     364       1
  334     382       1
  345     358       1
  354     362       1
  354     382       1
  360     362       1
  366     393       1
  372     375       1
  378     391       1
  379     389       1
  380     382       1
  380     389       1
  384     392       1
  390     399       1
