  600     674
    1      71       1
    2     539       1
    3      91       1
    3     158       1
    3     176       1
    3     192       1
    4     246       1
    5     441       1
    6     399       1
    7      64       1
    8      82       1
    8     266       1
    9     108       1
    9     146       1
    9     600       1
   10     153       1
   10     261       1
   11     116       1
   11     463       1
   12     427       1
   13     222       1
   13     354       1
   14     256       1
   14     551       1
   15     117       1
   15     334       1
   15     424       1
   16     200       1
   17      89       1
   17     353       1
   18     188       1
   18     448       1
   19      61       1
   20      90       1
   20     101       1
   20     411       1
   21     378       1
   22      47       1
   22      58       1
   22      68       1
   22     297       1
   22     335       1
   23      40       1
   23     131       1
   23     169       1
   23     267       1
   23     290       1
   23     404       1
   24     163       1
   24     282       1
   24     297       1
   24     395       1
   24     464       1
   25     255       1
   26     112       1
   26     282       1
   26     543       1
   27     166       1
   27     219       1
   27     357       1
   27     421       1
   27     494       1
   27     507       1
   27     570       1
   28     242       1
   28     489       1
   29     132       1
   30      31       1
   30     260       1
   30     298       1
   30     433       1
   30     583       1
   31     503       1
   31     518       1
   32     228       1
   33     302       1
   34      40       1
   35     199       1
   35     570       1
   36     234       1
   36     460       1
   36     595       1
   37     488       1
   38     185       1
   38     197       1
   38     329       1
   38     512       1
   39     308       1
   39     343       1
   39     422       1
   40     578       1
   41      44       1
   42     318       1
   43     202       1
   44     164       1
   44     290       1
   44     326       1
   44     353       1
   45     401       1
   46      62       1
   47     309       1
   47     313       1
   47     332       1
   47     368       1
   47     506       1
   48     277       1
   49     446       1
   49     516       1
   50     472       1
   51     256       1
   51     295       1
   51     318       1
   52     194       1
   52     482       1
   53     580       1
   54     221       1
   54     232       1
   54     461       1
   55     598       1
   56     331       1
   56     379       1
   57     267       1
   57     449       1
   57     597       1
   58     424       1
   58     509       1
   59     363       1
   60     365       1
   61     257       1
   61     505       1
   62     204       1
   63     451       1
   63     485       1
   64     171       1
   64     446       1
   64     526       1
   64     582       1
   65     329       1
   65     387       1
   66     217       1
   66     268       1
   66     546       1
   67     573       1
   68     388       1
   68     543       1
   69     262       1
   69     272       1
   69     292       1
   69     521       1
   70     179       1
   70     209       1
   70     417       1
   70     439       1
   71     329       1
   72     266       1
   72     312       1
   72     401       1
   72     483       1
   72     514       1
   72     534       1
   72     541       1
   73     180       1
   74     582       1
   75      96       1
   75     436       1
   75     446       1
   76     412       1
   77     124       1
   77     147       1
   77     277       1
   77     412       1
   77     567       1
   78     249       1
   78     333       1
   78     381       1
   79     408       1
   79     491       1
   80     444       1
   81     110       1
   81     281       1
   82     407       1
   83     190       1
   84     247       1
   84     268       1
   84     312       1
   84     445       1
   85     567       1
   86     173       1
   86     212       1
   87     270       1
   87     280       1
   87     422       1
   87     457       1
   87     508       1
   87     528       1
   88     477       1
   89     492       1
   90     344       1
   91     118       1
   91     125       1
   91     148       1
   91     383       1
   91     559       1
   92     290       1
   92     510       1
   92     542       1
   93     175       1
   94     527       1
   95     511       1
   96     229       1
   97     205       1
   98     141       1
   98     350       1
   99     182       1
   99     393       1
  100     275       1
  100     287       1
  100     306       1
  100     359       1
  102     436       1
  102     555       1
  103     204       1
  103     439       1
  103     489       1
  103     547       1
  104     174       1
  104     426       1
  105     421       1
  106     352       1
  107     469       1
  108     303       1
  109     493       1
  110     268       1
  111     134       1
  113     137       1
  114     213       1
  114     214       1
  115     444       1
  115     567       1
  116     600       1
  118     510       1
  119     191       1
  119     534       1
  120     237       1
  120     455       1
  121     379       1
  122     498       1
  123     378       1
  123     412       1
  123     544       1
  124     440       1
  125     413       1
  126     132       1
  126     549       1
  126     579       1
  127     493       1
  128     342       1
  129     202       1
  130     144       1
  132     179       1
  133     494       1
  134     188       1
  134     274       1
  134     347       1
  135     525       1
  136     545       1
  136     596       1
  137     216       1
  138     427       1
  139     169       1
  140     438       1
  141     212       1
  142     164       1
  142     467       1
  143     186       1
  143     220       1
  144     534       1
  145     159       1
  145     588       1
  146     534       1
  147     150       1
  147     371       1
  147     556       1
  149     435       1
  151     538       1
  152     549       1
  154     584       1
  155     549       1
  155     580       1
  156     399       1
  156     535       1
  157     296       1
  157     349       1
  157     402       1
  160     229       1
  160     325       1
  161     279       1
  161     360       1
  162     381       1
  165     525       1
  165     585       1
  167     267       1
  168     331       1
  169     251       1
  169     271       1
  169     472       1
  170     443       1
  170     568       1
  171     312       1
  172     453       1
  173     200       1
  174     282       1
  175     353       1
  175     410       1
  176     250       1
  177     441       1
  178     292       1
  179     183       1
  179     231       1
  180     314       1
  181     356       1
  182     286       1
  183     280       1
  183     470       1
  184     235       1
  184     294       1
  185     225       1
  185     336       1
  185     490       1
  185     551       1
  186     224       1
  187     264       1
  187     344       1
  188     299       1
  188     316       1
  188     355       1
  188     356       1
  188     392       1
  189     539       1
  190     192       1
  190     586       1
  191     361       1
  192     431       1
  193     224       1
  193     312       1
  193     348       1
  193     476       1
  194     398       1
  194     399       1
  194     412       1
  195     214       1
  196     214       1
  196     300       1
  196     357       1
  196     524       1
  197     253       1
  197     286       1
  198     283       1
  198     390       1
  200     462       1
  201     321       1
  202     209       1
  202     341       1
  203     373       1
  205     408       1
  206     281       1
  207     281       1
  207     441       1
  207     457       1
  207     486       1
  207     523       1
  208     304       1
  210     333       1
  210     450       1
  210     472       1
  210     549       1
  211     253       1
  211     382       1
  212     403       1
  212     537       1
  213     486       1
  214     324       1
  214     592       1
  215     223       1
  216     316       1
  216     435       1
  216     511       1
  216     548       1
  217     263       1
  217     280       1
  218     235       1
  219     235       1
  219     398       1
  219     576       1
  223     231       1
  223     384       1
  223     393       1
  223     518       1
  223     554       1
  224     566       1
  226     344       1
  227     240       1
  227     398       1
  228     247       1
  228     317       1
  229     385       1
  229     531       1
  230     481       1
  230     492       1
  230     500       1
  231     561       1
  232     422       1
  233     315       1
  235     467       1
  236     255       1
  236     330       1
  236     398       1
  237     447       1
  238     352       1
  239     424       1
  240     468       1
  241     292       1
  241     301       1
  243     270       1
  244     377       1
  244     551       1
  245     582       1
  246     358       1
  246     453       1
  246     498       1
  246     507       1
  248     389       1
  250     588       1
  251     253       1
  252     523       1
  253     338       1
  253     500       1
  253     516       1
  254     411       1
  255     364       1
  255     398       1
  255     418       1
  255     550       1
  256     354       1
  256     599       1
  257     266       1
  258     324       1
  258     329       1
  259     321       1
  260     569       1
  261     391       1
  262     408       1
  263     327       1
  263     332       1
  265     568       1
  266     276       1
  266     412       1
  266     481       1
  266     559       1
  266     574       1
  267     577       1
  268     339       1
  268     513       1
  268     571       1
  269     432       1
  269     553       1
  270     407       1
  270     515       1
  270     578       1
  271     349       1
  273     484       1
  273     537       1
  274     539       1
  277     284       1
  278     444       1
  279     290       1
  279     310       1
  280     311       1
  280     352       1
  282     373       1
  283     298       1
  283     382       1
  283     466       1
  283     479       1
  283     562       1
  285     396       1
  288     538       1
  289     520       1
  290     317       1
  290     457       1
  290     459       1
  291     316       1
  292     312       1
  292     421       1
  292     472       1
  292     516       1
  293     321       1
  293     348       1
  297     576       1
  300     486       1
  302     572       1
  303     404       1
  303     462       1
  304     515       1
  305     559       1
  306     335       1
  306     370       1
  306     522       1
  307     595       1
  309     589       1
  312     316       1
  312     457       1
  312     460       1
  314     430       1
  314     538       1
  315     576       1
  316     396       1
  316     591       1
  317     319       1
  317     329       1
  318     517       1
  320     541       1
  320     592       1
  321     323       1
  321     460       1
  322     426       1
  322     495       1
  322     501       1
  323     596       1
  325     479       1
  328     400       1
  329     425       1
  329     520       1
  331     338       1
  331     363       1
  332     398       1
  332     411       1
  332     597       1
  334     599       1
  335     555       1
  335     565       1
  336     585       1
  336     590       1
  337     435       1
  340     583       1
  342     462       1
  344     568       1
  345     404       1
  346     443       1
  346     452       1
  348     423       1
  349     446       1
  349     594       1
  350     535       1
  351     361       1
  351     374       1
  351     421       1
  357     471       1
  357     540       1
  361     533       1
  362     406       1
  363     408       1
  363     479       1
  365     389       1
  366     439       1
  367     411       1
  368     409       1
  369     389       1
  369     580       1
  372     527       1
  375     393       1
  376     438       1
  377     412       1
  378     435       1
  380     448       1
  384     421       1
  384     471       1
  384     558       1
  386     600       1
  387     447       1
  387     472       1
  387     537       1
  389     479       1
  391     588       1
  392     519       1
  393     474       1
  394     421       1
  397     420       1
  398     479       1
  398     551       1
  399     521       1
  400     438       1
  403     498       1
  404     430       1
  405     580       1
  406     507       1
  412     415       1
  412     495       1
  414     549       1
  415     434       1
  415     465       1
  415     563       1
  416     453       1
  419     597       1
  420     485       1
  421     446       1
  421     465       1
  422     455       1
  422     462       1
  422     560       1
  423     497       1
  427     540       1
  428     523       1
  428     595       1
  429     446       1
  431     504       1
  433     464       1
  433     543       1
  435     530       1
  437     563       1
  438     486       1
  439     576       1
  441     488       1
  442     492       1
  444     454       1
  446     587       1
  448     593       1
  453     581       1
  455     580       1
  456     476       1
  457     478       1
  457     504       1
  457     529       1
  458     548       1
  462     499       1
  462     598       1
  465     553       1
  468     510       1
  469     487       1
  473     532       1
  473     535       1
  473     563       1
  474     573       1
  475     594       1
  477     523       1
  477     539       1
  477     564       1
  479     517       1
  479     531       1
  479     587       1
  480     578       1
  485     568       1
  485     572       1
  487     492       1
  487     495       1
  490     552       1
  493     531       1
  495     527       1
  495     575       1
  496     551       1
  502     507       1
  503     527       1
  507     525       1
  507     535       1
  516     575       1
  522     559       1
  524     535       1
  534     568       1
  536     552       1
  539     586       1
  548     589       1
  557     578       1
  558     581       1
  580     584       1
