  700     780
    1      17       1
    1     278       1
    1     303       1
    2      87       1
    2     186       1
    2     370       1
    3     117       1
    3     431       1
    4      37       1
    4     401       1
    5      50       1
    6      69       1
    7     196       1
    8     109       1
    8     131       1
    8     143       1
    9      99       1
    9     183       1
    9     689       1
   10     110       1
   10     375       1
   10     406       1
   11     681       1
   12      90       1
   12     456       1
   13     187       1
   13     652       1
   14     258       1
   14     281       1
   14     607       1
   14     649       1
   15     199       1
   16     291       1
   16     681       1
   17     350       1
   17     481       1
   17     697       1
   18      70       1
   18     192       1
   18     396       1
   18     445       1
   18     547       1
   19     629       1
   20      89       1
   20     255       1
   21     323       1
   21     539       1
   21     568       1
   22     481       1
   23      34       1
   23     138       1
   23     402       1
   23     473       1
   23     608       1
   24     429       1
   25      60       1
   25     175       1
   25     216       1
   25     318       1
   25     327       1
   25     336       1
   25     530       1
   26     414       1
   27      72       1
   27     300       1
   27     337       1
   28     266       1
   28     647       1
   29     345       1
   30     505       1
   31      88       1
   31     330       1
   32      42       1
   32     106       1
   33      59       1
   33     178       1
   33     336       1
   35     131       1
   35     197       1
   35     210       1
   35     236       1
   36     624       1
   37     515       1
   37     636       1
   38     334       1
   39     480       1
   40     352       1
   41     352       1
   42     108       1
   42     543       1
   42     606       1
   42     670       1
   43     503       1
   44     122       1
   44     130       1
   45      76       1
   45      82       1
   45     300       1
   45     610       1
   46     547       1
   47     228       1
   47     579       1
   48     223       1
   48     484       1
   48     590       1
   49     174       1
   49     216       1
   49     264       1
   49     469       1
   50     230       1
   50     290       1
   50     499       1
   51     485       1
   51     529       1
   52     375       1
   53     171       1
   54     137       1
   54     171       1
   55     260       1
   56     279       1
   56     301       1
   56     320       1
   57     202       1
   57     332       1
   58     652       1
   59     486       1
   60     179       1
   60     244       1
   61     111       1
   61     513       1
   61     532       1
   62      96       1
   62     184       1
   62     641       1
   62     645       1
   63     251       1
   63     411       1
   63     566       1
   64     102       1
   64     287       1
   64     357       1
   64     369       1
   64     388       1
   64     526       1
   64     582       1
   64     638       1
   65      87       1
   65     171       1
   65     628       1
   66      78       1
   66     333       1
   67     181       1
   67     185       1
   68     351       1
   69     154       1
   69     552       1
   69     574       1
   70     673       1
   71     206       1
   72     219       1
   72     474       1
   73     165       1
   73     200       1
   73     577       1
   74     103       1
   74     224       1
   74     324       1
   74     641       1
   74     663       1
   75     360       1
   75     645       1
   76     211       1
   77     220       1
   78     335       1
   78     342       1
   78     407       1
   79     258       1
   79     361       1
   79     365       1
   79     386       1
   79     554       1
   79     574       1
   79     668       1
   80     328       1
   80     406       1
   80     496       1
   80     692       1
   81     380       1
   81     474       1
   81     639       1
   83     180       1
   83     234       1
   83     595       1
   84     384       1
   84     614       1
   85     198       1
   85     367       1
   86     321       1
   86     613       1
   86     644       1
   87     317       1
   87     425       1
   87     490       1
   88     503       1
   88     700       1
   89     317       1
   90     102       1
   90     222       1
   90     237       1
   90     334       1
   90     386       1
   90     406       1
   90     467       1
   90     590       1
   90     617       1
   91     200       1
   92     221       1
   93     290       1
   94     209       1
   95     120       1
   95     142       1
   95     678       1
   96     652       1
   97     311       1
   97     578       1
   98     216       1
   98     387       1
   99     635       1
  100     151       1
  100     236       1
  100     609       1
  101     356       1
  101     681       1
  102     132       1
  102     423       1
  103     697       1
  104     410       1
  105     374       1
  106     121       1
  106     349       1
  107     591       1
  108     145       1
  108     226       1
  108     227       1
  108     613       1
  109     406       1
  109     458       1
  110     150       1
  110     219       1
  110     237       1
  111     247       1
  111     645       1
  112     577       1
  113     265       1
  113     487       1
  113     600       1
  114     357       1
  114     454       1
  115     178       1
  116     409       1
  116     448       1
  116     461       1
  116     669       1
  117     561       1
  117     570       1
  117     690       1
  118     516       1
  119     669       1
  120     287       1
  120     389       1
  120     596       1
  120     653       1
  121     339       1
  121     474       1
  121     581       1
  122     179       1
  122     466       1
  123     645       1
  124     461       1
  125     576       1
  126     223       1
  127     265       1
  127     580       1
  128     210       1
  128     559       1
  128     594       1
  129     230       1
  129     473       1
  129     534       1
  129     651       1
  132     556       1
  133     569       1
  134     641       1
  135     280       1
  135     295       1
  135     521       1
  135     597       1
  136     192       1
  136     416       1
  137     175       1
  137     176       1
  137     562       1
  139     349       1
  139     680       1
  140     193       1
  140     319       1
  140     467       1
  141     288       1
  143     177       1
  143     643       1
  144     536       1
  144     599       1
  144     619       1
  146     422       1
  147     249       1
  147     343       1
  147     386       1
  147     431       1
  147     448       1
  147     542       1
  148     677       1
  148     696       1
  149     381       1
  151     618       1
  152     204       1
  153     222       1
  155     443       1
  155     535       1
  156     525       1
  157     379       1
  157     587       1
  157     633       1
  158     212       1
  158     222       1
  159     568       1
  160     224       1
  160     593       1
  161     346       1
  161     682       1
  162     373       1
  162     462       1
  163     178       1
  164     650       1
  166     673       1
  167     582       1
  168     439       1
  168     589       1
  169     421       1
  170     284       1
  170     645       1
  171     175       1
  171     687       1
  172     288       1
  173     632       1
  175     298       1
  177     530       1
  178     216       1
  178     345       1
  178     464       1
  179     491       1
  180     228       1
  180     292       1
  180     302       1
  180     547       1
  180     585       1
  180     632       1
  180     677       1
  182     527       1
  183     259       1
  183     473       1
  185     397       1
  185     460       1
  186     638       1
  187     644       1
  187     651       1
  188     557       1
  189     407       1
  189     631       1
  190     528       1
  190     533       1
  190     554       1
  191     642       1
  192     463       1
  192     620       1
  194     373       1
  195     234       1
  196     398       1
  196     495       1
  196     589       1
  197     693       1
  198     443       1
  198     573       1
  199     302       1
  199     603       1
  200     459       1
  201     375       1
  201     453       1
  202     346       1
  202     384       1
  202     393       1
  202     476       1
  202     625       1
  203     257       1
  204     355       1
  205     227       1
  205     253       1
  205     537       1
  205     633       1
  206     516       1
  207     213       1
  207     533       1
  208     275       1
  209     395       1
  211     291       1
  211     363       1
  211     368       1
  211     617       1
  212     632       1
  213     448       1
  214     392       1
  215     241       1
  215     246       1
  215     312       1
  215     432       1
  215     434       1
  215     441       1
  215     646       1
  215     686       1
  216     252       1
  216     273       1
  216     340       1
  216     443       1
  216     550       1
  216     685       1
  217     478       1
  218     417       1
  219     261       1
  219     265       1
  220     373       1
  220     400       1
  220     525       1
  220     554       1
  221     428       1
  221     443       1
  222     441       1
  224     338       1
  224     629       1
  225     272       1
  225     293       1
  226     289       1
  226     353       1
  227     577       1
  228     330       1
  228     555       1
  229     664       1
  230     406       1
  230     545       1
  231     315       1
  231     412       1
  232     491       1
  233     383       1
  234     585       1
  235     277       1
  235     316       1
  238     592       1
  239     242       1
  239     392       1
  239     496       1
  239     679       1
  240     256       1
  243     633       1
  245     418       1
  247     671       1
  248     298       1
  250     313       1
  254     278       1
  255     296       1
  256     381       1
  256     390       1
  256     569       1
  257     377       1
  257     410       1
  257     497       1
  258     394       1
  258     472       1
  259     362       1
  259     374       1
  259     412       1
  259     540       1
  260     391       1
  260     449       1
  260     658       1
  260     661       1
  261     418       1
  261     656       1
  262     358       1
  263     375       1
  263     387       1
  263     583       1
  263     635       1
  265     371       1
  265     386       1
  265     473       1
  267     439       1
  268     504       1
  269     604       1
  270     443       1
  271     590       1
  272     474       1
  274     289       1
  274     379       1
  275     378       1
  275     572       1
  275     576       1
  275     591       1
  275     626       1
  276     365       1
  277     442       1
  277     472       1
  277     654       1
  278     519       1
  278     556       1
  279     434       1
  280     315       1
  281     437       1
  282     310       1
  282     664       1
  283     634       1
  285     357       1
  285     647       1
  286     490       1
  287     294       1
  287     460       1
  288     506       1
  288     585       1
  290     365       1
  292     504       1
  293     392       1
  295     577       1
  297     666       1
  298     415       1
  298     426       1
  298     465       1
  299     312       1
  299     659       1
  302     435       1
  302     624       1
  304     662       1
  305     417       1
  306     331       1
  306     616       1
  307     646       1
  308     392       1
  308     605       1
  309     643       1
  310     331       1
  310     641       1
  310     665       1
  311     335       1
  311     569       1
  312     587       1
  313     515       1
  314     369       1
  314     489       1
  315     541       1
  316     392       1
  316     657       1
  317     412       1
  320     444       1
  320     519       1
  321     460       1
  322     690       1
  325     483       1
  326     453       1
  326     547       1
  329     377       1
  329     434       1
  330     447       1
  330     512       1
  334     374       1
  334     393       1
  334     640       1
  335     646       1
  336     561       1
  341     528       1
  342     429       1
  342     480       1
  344     348       1
  344     446       1
  344     584       1
  345     676       1
  346     441       1
  346     695       1
  347     591       1
  348     661       1
  350     457       1
  351     460       1
  352     616       1
  354     649       1
  354     695       1
  355     364       1
  355     697       1
  356     441       1
  358     369       1
  358     420       1
  359     405       1
  361     417       1
  362     414       1
  362     671       1
  363     475       1
  363     479       1
  365     452       1
  366     443       1
  366     564       1
  366     683       1
  367     524       1
  367     530       1
  367     612       1
  372     413       1
  373     530       1
  373     604       1
  373     693       1
  376     467       1
  376     608       1
  377     598       1
  381     613       1
  381     641       1
  381     689       1
  382     677       1
  383     617       1
  383     675       1
  385     410       1
  385     472       1
  385     511       1
  386     405       1
  386     592       1
  386     619       1
  386     646       1
  388     478       1
  389     430       1
  389     548       1
  391     524       1
  392     473       1
  392     565       1
  392     598       1
  393     433       1
  395     464       1
  399     406       1
  402     561       1
  403     473       1
  404     410       1
  406     591       1
  407     471       1
  407     611       1
  408     421       1
  409     485       1
  411     491       1
  411     602       1
  411     656       1
  413     490       1
  414     617       1
  415     537       1
  416     662       1
  417     419       1
  417     427       1
  417     553       1
  417     697       1
  418     499       1
  421     649       1
  422     641       1
  422     667       1
  423     438       1
  423     603       1
  424     576       1
  425     691       1
  427     588       1
  428     493       1
  428     650       1
  428     697       1
  432     483       1
  433     531       1
  434     688       1
  436     472       1
  436     553       1
  439     594       1
  440     585       1
  441     450       1
  441     575       1
  441     672       1
  443     478       1
  443     507       1
  449     467       1
  449     468       1
  451     569       1
  454     621       1
  454     674       1
  455     460       1
  459     696       1
  461     664       1
  466     500       1
  467     538       1
  470     498       1
  471     628       1
  472     518       1
  473     622       1
  473     641       1
  474     530       1
  474     547       1
  475     477       1
  477     634       1
  477     651       1
  479     586       1
  481     636       1
  482     663       1
  485     660       1
  487     561       1
  488     589       1
  492     641       1
  492     694       1
  494     528       1
  498     502       1
  498     551       1
  498     617       1
  498     642       1
  501     553       1
  503     508       1
  503     544       1
  503     617       1
  505     604       1
  506     585       1
  509     673       1
  510     666       1
  514     557       1
  515     557       1
  515     558       1
  516     694       1
  517     547       1
  520     546       1
  522     684       1
  523     685       1
  523     700       1
  527     555       1
  530     573       1
  530     589       1
  530     646       1
  530     648       1
  532     568       1
  532     615       1
  532     646       1
  534     684       1
  542     557       1
  542     560       1
  546     633       1
  546     666       1
  548     641       1
  549     567       1
  551     575       1
  551     601       1
  563     653       1
  567     571       1
  571     577       1
  571     655       1
  574     698       1
  576     675       1
  577     646       1
  587     600       1
  587     623       1
  590     598       1
  596     637       1
  611     691       1
  615     630       1
  618     646       1
  627     675       1
  642     649       1
  646     662       1
  648     684       1
  655     687       1
  664     692       1
  678     686       1
  698     699       1
