  300     353
    1     275       1
    2     232       1
    3      15       1
    3     110       1
    3     138       1
    3     234       1
    3     277       1
    4      16       1
    4     257       1
    5      93       1
    5      96       1
    5     145       1
    5     254       1
    5     257       1
    6     156       1
    6     238       1
    7      18       1
    7     233       1
    8     129       1
    8     179       1
    8     259       1
    9      42       1
   10      15       1
   10      54       1
   10     121       1
   10     232       1
   11      29       1
   11      71       1
   11      98       1
   11     122       1
   11     131       1
   11     139       1
   11     181       1
   11     217       1
   11     257       1
   12     243       1
   13      43       1
   14     219       1
   15      59       1
   15     130       1
   16     121       1
   16     124       1
   16     199       1
   16     283       1
   17      23       1
   17     190       1
   18      52       1
   18     123       1
   18     141       1
   18     173       1
   18     248       1
   19     269       1
   20     248       1
   21     193       1
   21     264       1
   22      93       1
   24     117       1
   24     158       1
   25      44       1
   25      69       1
   26      41       1
   26      81       1
   26     105       1
   26     228       1
   27     270       1
   28      68       1
   28     296       1
   30      61       1
   30     138       1
   30     252       1
   31      96       1
   31     196       1
   31     219       1
   31     242       1
   32     282       1
   33      84       1
   33     134       1
   33     158       1
   33     218       1
   34     191       1
   34     262       1
   35      36       1
   35      79       1
   35     150       1
   36      88       1
   36     214       1
   37     293       1
   38     127       1
   38     297       1
   39      99       1
   39     198       1
   39     208       1
   39     235       1
   39     273       1
   40     141       1
   40     256       1
   41      67       1
   42      77       1
   42     216       1
   42     262       1
   43      68       1
   43      73       1
   45      78       1
   45     258       1
   45     280       1
   46     295       1
   47     126       1
   48      86       1
   48     228       1
   48     230       1
   49     297       1
   50      80       1
   51     170       1
   51     212       1
   51     227       1
   53     295       1
   54     170       1
   54     204       1
   55     200       1
   56     162       1
   56     176       1
   56     292       1
   57     300       1
   58     109       1
   59     189       1
   60     118       1
   60     186       1
   62     126       1
   62     146       1
   62     179       1
   62     274       1
   63     183       1
   64     168       1
   64     209       1
   65     237       1
   66     239       1
   67      71       1
   67      95       1
   67     192       1
   67     221       1
   67     260       1
   68      96       1
   69     100       1
   69     139       1
   69     253       1
   69     279       1
   70     101       1
   70     280       1
   70     284       1
   71      96       1
   72     135       1
   73      75       1
   73     196       1
   74     121       1
   75     121       1
   76     246       1
   77      78       1
   77     150       1
   78     104       1
   78     290       1
   80     108       1
   80     142       1
   80     273       1
   81     235       1
   82     188       1
   83     123       1
   83     203       1
   83     211       1
   85     127       1
   85     274       1
   87     125       1
   87     135       1
   88     262       1
   89     118       1
   89     200       1
   90      97       1
   90     216       1
   91     102       1
   91     190       1
   91     193       1
   91     213       1
   91     218       1
   92     123       1
   93     140       1
   94      96       1
   96     293       1
   98     268       1
   99     108       1
  100     106       1
  101     191       1
  102     280       1
  102     287       1
  103     143       1
  103     144       1
  103     293       1
  104     210       1
  105     118       1
  105     200       1
  106     242       1
  106     282       1
  107     239       1
  108     269       1
  109     173       1
  110     119       1
  110     156       1
  111     147       1
  112     180       1
  113     180       1
  113     250       1
  114     224       1
  115     209       1
  116     160       1
  117     253       1
  118     193       1
  118     246       1
  120     158       1
  121     148       1
  121     172       1
  121     238       1
  122     176       1
  122     226       1
  122     259       1
  123     250       1
  124     172       1
  124     264       1
  125     289       1
  126     133       1
  126     171       1
  126     223       1
  127     181       1
  128     156       1
  132     217       1
  132     248       1
  132     268       1
  134     185       1
  135     295       1
  136     300       1
  137     248       1
  138     206       1
  140     146       1
  140     155       1
  140     169       1
  140     177       1
  140     202       1
  140     212       1
  141     171       1
  141     232       1
  141     239       1
  141     293       1
  144     236       1
  147     270       1
  148     182       1
  149     171       1
  150     289       1
  151     159       1
  152     243       1
  153     230       1
  153     282       1
  154     248       1
  156     164       1
  156     225       1
  157     191       1
  157     298       1
  159     211       1
  160     216       1
  161     208       1
  163     227       1
  164     244       1
  164     246       1
  164     290       1
  165     205       1
  166     185       1
  167     243       1
  167     256       1
  168     248       1
  169     180       1
  170     195       1
  170     261       1
  171     183       1
  171     235       1
  171     299       1
  174     269       1
  175     212       1
  176     262       1
  176     275       1
  178     219       1
  180     183       1
  180     214       1
  180     249       1
  180     271       1
  180     285       1
  181     286       1
  182     219       1
  183     246       1
  184     233       1
  185     263       1
  185     290       1
  185     296       1
  186     275       1
  187     206       1
  188     231       1
  188     273       1
  189     251       1
  192     201       1
  192     278       1
  193     272       1
  194     229       1
  197     220       1
  197     283       1
  203     281       1
  205     244       1
  206     288       1
  206     294       1
  207     270       1
  207     295       1
  211     276       1
  211     300       1
  212     232       1
  212     267       1
  212     298       1
  213     229       1
  213     297       1
  214     281       1
  215     292       1
  216     286       1
  218     241       1
  220     221       1
  220     267       1
  221     237       1
  222     261       1
  224     297       1
  228     247       1
  228     273       1
  232     282       1
  232     297       1
  233     238       1
  235     243       1
  235     287       1
  237     243       1
  237     247       1
  238     299       1
  240     246       1
  242     265       1
  244     268       1
  245     251       1
  246     278       1
  246     293       1
  251     266       1
  251     267       1
  255     292       1
  273     290       1
  283     291       1
  295     298       1
