   50      73
    1       8       1
    1      35       1
    1      38       1
    2      18       1
    3       8       1
    3      35       1
    3      47       1
    4      47       1
    4      49       1
    5      29       1
    6       8       1
    6      12       1
    6      14       1
    6      19       1
    6      40       1
    7      33       1
    8       9       1
    8      11       1
    8      17       1
    8      24       1
    8      28       1
    8      39       1
    8      46       1
    9      18       1
    9      29       1
    9      32       1
   10      26       1
   10      32       1
   10      44       1
   11      21       1
   11      31       1
   11      38       1
   11      47       1
   12      33       1
   12      42       1
   12      46       1
   13      21       1
   14      20       1
   14      35       1
   15      20       1
   15      46       1
   16      30       1
   18      26       1
   20      38       1
   21      22       1
   21      41       1
   21      48       1
   23      30       1
   23      45       1
   25      29       1
   25      46       1
   27      28       1
   27      33       1
   28      36       1
   28      44       1
   29      45       1
   30      46       1
   32      33       1
   32      38       1
   32      48       1
   33      46       1
   34      36       1
   34      37       1
   34      48       1
   37      39       1
   42      43       1
   42      47       1
   43      44       1
   45      46       1
   45      47       1
   45      49       1
   45      50       1
   48      49       1
