  400     459
    1      99       1
    1     128       1
    2      29       1
    3     203       1
    4     371       1
    5     304       1
    6      59       1
    6     111       1
    6     144       1
    6     170       1
    6     204       1
    6     214       1
    6     356       1
    7     257       1
    7     272       1
    8      53       1
    8     106       1
    8     113       1
    9      22       1
    9     223       1
   10     194       1
   11     231       1
   12     115       1
   12     352       1
   13      44       1
   14     114       1
   15      36       1
   16      46       1
   16     143       1
   16     171       1
   16     213       1
   16     276       1
   16     367       1
   17      95       1
   17     177       1
   17     293       1
   17     355       1
   17     379       1
   18      24       1
   18     128       1
   19     302       1
   19     304       1
   20     345       1
   21     167       1
   21     277       1
   22     367       1
   22     382       1
   23     313       1
   24      28       1
   24     188       1
   24     274       1
   24     280       1
   25     130       1
   25     248       1
   26     200       1
   26     346       1
   27     314       1
   28      66       1
   28     155       1
   29      61       1
   29      78       1
   29      94       1
   29     124       1
   29     327       1
   30      61       1
   30     165       1
   31     368       1
   32     137       1
   32     236       1
   33     158       1
   34     208       1
   35      62       1
   35     247       1
   35     276       1
   36      67       1
   36      86       1
   36     212       1
   36     360       1
   37     329       1
   38     132       1
   39     207       1
   40     257       1
   40     336       1
   40     393       1
   41     156       1
   41     194       1
   41     369       1
   42     120       1
   42     207       1
   43     114       1
   43     133       1
   43     154       1
   43     313       1
   44     198       1
   44     225       1
   44     283       1
   44     305       1
   44     399       1
   45     125       1
   45     147       1
   45     217       1
   45     390       1
   46      98       1
   46     122       1
   47     132       1
   47     319       1
   48      71       1
   48      77       1
   48     357       1
   48     366       1
   48     386       1
   49      66       1
   50      67       1
   50     224       1
   51      55       1
   51      83       1
   51     103       1
   52     181       1
   52     213       1
   53      75       1
   54     158       1
   55     260       1
   55     368       1
   56     100       1
   56     114       1
   56     126       1
   56     189       1
   56     345       1
   56     379       1
   57     262       1
   57     305       1
   58     141       1
   59      91       1
   59     167       1
   59     217       1
   59     261       1
   59     281       1
   59     285       1
   60     236       1
   60     337       1
   61     115       1
   61     160       1
   61     209       1
   61     210       1
   61     213       1
   61     258       1
   61     345       1
   61     351       1
   61     393       1
   62     203       1
   63     294       1
   64     179       1
   64     267       1
   65     354       1
   65     373       1
   66     147       1
   68     152       1
   68     386       1
   69     101       1
   69     275       1
   70      92       1
   72     138       1
   73     228       1
   74     126       1
   75     377       1
   76     336       1
   79     134       1
   79     158       1
   79     185       1
   79     386       1
   80     230       1
   81     298       1
   81     393       1
   82     121       1
   82     352       1
   84     290       1
   85     105       1
   86     183       1
   86     200       1
   86     345       1
   87     323       1
   88     236       1
   89     153       1
   89     374       1
   90     145       1
   90     176       1
   90     373       1
   91     236       1
   91     294       1
   92     107       1
   93      99       1
   93     368       1
   94     321       1
   95     237       1
   95     271       1
   96     177       1
   96     185       1
   97     203       1
   98     252       1
   99     189       1
   99     217       1
   99     277       1
  100     159       1
  100     239       1
  100     316       1
  100     323       1
  100     375       1
  101     381       1
  101     395       1
  102     206       1
  103     164       1
  103     308       1
  103     400       1
  104     109       1
  104     327       1
  104     387       1
  105     110       1
  105     219       1
  107     145       1
  107     322       1
  108     230       1
  110     267       1
  110     380       1
  111     386       1
  112     303       1
  112     369       1
  113     266       1
  113     354       1
  113     391       1
  115     174       1
  115     311       1
  116     255       1
  117     187       1
  118     173       1
  118     251       1
  118     295       1
  119     288       1
  121     220       1
  121     368       1
  123     315       1
  124     329       1
  127     178       1
  127     205       1
  127     215       1
  127     312       1
  128     305       1
  129     193       1
  129     363       1
  130     149       1
  130     201       1
  130     213       1
  131     183       1
  132     342       1
  133     180       1
  133     231       1
  134     232       1
  135     170       1
  135     331       1
  135     350       1
  136     189       1
  137     238       1
  138     377       1
  139     352       1
  139     377       1
  139     389       1
  140     279       1
  140     341       1
  141     341       1
  141     376       1
  142     189       1
  142     236       1
  145     175       1
  145     196       1
  145     345       1
  145     377       1
  146     187       1
  146     324       1
  147     396       1
  147     398       1
  148     259       1
  150     181       1
  151     349       1
  152     210       1
  152     249       1
  153     371       1
  153     398       1
  155     338       1
  156     192       1
  157     288       1
  157     379       1
  158     297       1
  161     180       1
  161     269       1
  162     183       1
  162     282       1
  163     318       1
  163     363       1
  163     385       1
  165     242       1
  165     283       1
  166     384       1
  168     227       1
  168     363       1
  169     238       1
  170     208       1
  170     240       1
  170     364       1
  172     209       1
  173     264       1
  177     235       1
  179     349       1
  180     291       1
  180     323       1
  180     359       1
  180     368       1
  180     378       1
  181     185       1
  181     216       1
  181     272       1
  181     339       1
  182     221       1
  182     365       1
  183     365       1
  184     246       1
  184     276       1
  186     317       1
  187     270       1
  187     377       1
  188     189       1
  189     362       1
  189     386       1
  190     231       1
  190     307       1
  191     197       1
  191     273       1
  191     323       1
  194     196       1
  194     234       1
  195     308       1
  198     324       1
  198     371       1
  198     381       1
  198     387       1
  199     257       1
  200     372       1
  201     258       1
  202     212       1
  204     212       1
  205     222       1
  205     238       1
  205     243       1
  205     353       1
  206     210       1
  206     278       1
  207     290       1
  209     245       1
  209     328       1
  209     334       1
  210     350       1
  211     212       1
  211     297       1
  212     257       1
  212     301       1
  213     281       1
  216     298       1
  217     392       1
  218     255       1
  219     232       1
  221     300       1
  222     348       1
  222     394       1
  223     285       1
  226     386       1
  228     373       1
  228     388       1
  229     270       1
  230     284       1
  233     310       1
  234     292       1
  235     345       1
  238     287       1
  239     312       1
  241     266       1
  243     272       1
  243     302       1
  244     388       1
  245     330       1
  246     395       1
  247     286       1
  247     308       1
  247     342       1
  247     383       1
  248     389       1
  250     334       1
  251     383       1
  252     396       1
  253     281       1
  254     323       1
  255     283       1
  255     292       1
  255     317       1
  255     347       1
  256     375       1
  259     290       1
  259     370       1
  260     268       1
  260     304       1
  260     326       1
  263     317       1
  264     397       1
  265     318       1
  267     299       1
  267     393       1
  268     286       1
  271     327       1
  271     333       1
  276     295       1
  277     284       1
  277     290       1
  277     314       1
  279     341       1
  283     309       1
  283     318       1
  283     323       1
  283     374       1
  284     295       1
  285     384       1
  286     302       1
  288     315       1
  288     376       1
  289     386       1
  290     306       1
  292     357       1
  293     366       1
  294     361       1
  296     353       1
  304     335       1
  306     325       1
  308     344       1
  310     390       1
  311     315       1
  311     369       1
  313     319       1
  314     332       1
  315     344       1
  317     349       1
  319     328       1
  320     359       1
  321     341       1
  325     382       1
  328     341       1
  331     340       1
  332     358       1
  340     399       1
  343     386       1
  356     367       1
  373     386       1
  373     397       1
  377     397       1
