  800     886
    1     490       1
    1     692       1
    2      49       1
    2      61       1
    3     365       1
    3     487       1
    3     675       1
    4       6       1
    4     119       1
    4     159       1
    4     217       1
    4     416       1
    4     788       1
    5     430       1
    5     759       1
    7     676       1
    8     583       1
    9     199       1
   10     204       1
   11     370       1
   12     118       1
   13     511       1
   14     122       1
   14     451       1
   15     331       1
   16     740       1
   16     767       1
   17     412       1
   17     799       1
   18     275       1
   18     738       1
   19     316       1
   20     177       1
   20     218       1
   21     419       1
   21     500       1
   21     792       1
   22     565       1
   22     728       1
   23      80       1
   23     197       1
   23     232       1
   23     293       1
   23     748       1
   24     409       1
   24     410       1
   24     554       1
   25     278       1
   26      69       1
   27      62       1
   27     190       1
   27     218       1
   27     514       1
   27     734       1
   27     790       1
   28     590       1
   28     723       1
   29     464       1
   30     735       1
   31     103       1
   31     143       1
   31     709       1
   32     255       1
   32     393       1
   33     338       1
   33     641       1
   34     696       1
   35     684       1
   36     258       1
   36     296       1
   36     757       1
   37     303       1
   38     638       1
   39     261       1
   40     241       1
   41     256       1
   41     759       1
   42     287       1
   42     342       1
   43     128       1
   43     305       1
   44     604       1
   44     613       1
   45     549       1
   46     614       1
   47     214       1
   47     576       1
   48      61       1
   48      96       1
   50     391       1
   51     322       1
   51     675       1
   52     145       1
   52     351       1
   53     374       1
   53     392       1
   53     514       1
   54     553       1
   54     769       1
   55     336       1
   56     161       1
   57     496       1
   57     647       1
   58     722       1
   59     278       1
   59     502       1
   59     717       1
   59     733       1
   60     221       1
   60     465       1
   60     799       1
   61     196       1
   61     197       1
   61     308       1
   61     366       1
   61     514       1
   61     576       1
   61     669       1
   61     769       1
   63     620       1
   64     733       1
   64     763       1
   65      91       1
   65     396       1
   65     646       1
   66     668       1
   67     540       1
   67     695       1
   68     388       1
   69     172       1
   69     254       1
   69     658       1
   70     305       1
   70     459       1
   70     655       1
   71     599       1
   71     661       1
   72     188       1
   72     336       1
   72     410       1
   72     753       1
   72     786       1
   73     437       1
   74     259       1
   74     309       1
   75     127       1
   75     196       1
   75     248       1
   75     289       1
   75     345       1
   76     553       1
   76     722       1
   77     670       1
   78     446       1
   79     600       1
   80     271       1
   80     355       1
   80     388       1
   80     484       1
   80     648       1
   81     452       1
   82      89       1
   82     399       1
   82     721       1
   83     211       1
   83     591       1
   84     693       1
   85     353       1
   85     376       1
   85     511       1
   86     100       1
   86     619       1
   87     582       1
   88     595       1
   89     776       1
   90     585       1
   90     638       1
   92     226       1
   92     335       1
   93     185       1
   93     768       1
   94      98       1
   94     119       1
   94     621       1
   95     470       1
   95     580       1
   96     382       1
   97     794       1
   98     337       1
   99     181       1
   99     411       1
   99     433       1
   99     545       1
   99     800       1
  100     121       1
  100     265       1
  100     379       1
  100     384       1
  100     486       1
  101     117       1
  101     369       1
  101     561       1
  102     343       1
  102     432       1
  102     587       1
  103     234       1
  103     502       1
  103     558       1
  104     488       1
  104     541       1
  104     743       1
  105     160       1
  105     679       1
  105     694       1
  105     743       1
  106     446       1
  106     765       1
  107     268       1
  107     402       1
  107     562       1
  108     233       1
  108     794       1
  109     161       1
  109     318       1
  109     417       1
  110     671       1
  110     727       1
  111     345       1
  112     693       1
  113     423       1
  114     551       1
  114     581       1
  115     443       1
  116     178       1
  116     270       1
  116     283       1
  116     295       1
  116     305       1
  116     437       1
  117     607       1
  118     240       1
  118     523       1
  118     535       1
  118     563       1
  119     452       1
  119     641       1
  119     757       1
  119     799       1
  120     784       1
  121     304       1
  121     411       1
  123     417       1
  123     739       1
  124     546       1
  125     297       1
  125     556       1
  125     649       1
  126     303       1
  127     161       1
  127     565       1
  128     644       1
  129     423       1
  129     751       1
  130     464       1
  130     676       1
  131     593       1
  132     534       1
  133     264       1
  133     521       1
  133     522       1
  133     555       1
  133     641       1
  134     451       1
  134     786       1
  135     350       1
  135     444       1
  136     148       1
  136     516       1
  136     662       1
  137     798       1
  138     360       1
  138     574       1
  138     794       1
  139     653       1
  139     666       1
  139     758       1
  140     213       1
  141     750       1
  142     307       1
  143     672       1
  143     786       1
  144     498       1
  145     252       1
  145     279       1
  145     780       1
  146     543       1
  146     669       1
  147     303       1
  147     490       1
  147     746       1
  148     303       1
  148     349       1
  148     408       1
  148     537       1
  149     450       1
  150     386       1
  150     450       1
  151     685       1
  152     684       1
  153     514       1
  153     535       1
  153     546       1
  153     632       1
  153     735       1
  154     295       1
  154     544       1
  155     346       1
  155     609       1
  156     175       1
  156     394       1
  157     359       1
  157     575       1
  158     416       1
  159     246       1
  160     716       1
  161     216       1
  161     327       1
  161     342       1
  161     710       1
  162     283       1
  163     499       1
  163     549       1
  163     554       1
  164     282       1
  164     601       1
  165     550       1
  165     789       1
  166     676       1
  167     359       1
  168     391       1
  169     735       1
  170     183       1
  170     262       1
  170     590       1
  170     626       1
  171     633       1
  171     707       1
  173     485       1
  173     787       1
  174     434       1
  174     729       1
  175     477       1
  175     655       1
  176     663       1
  177     492       1
  178     380       1
  178     677       1
  179     607       1
  180     728       1
  181     242       1
  181     357       1
  182     397       1
  182     640       1
  182     773       1
  184     334       1
  186     588       1
  186     718       1
  187     210       1
  187     449       1
  188     382       1
  188     440       1
  188     536       1
  188     687       1
  189     302       1
  189     348       1
  189     659       1
  189     680       1
  190     448       1
  190     635       1
  191     359       1
  191     424       1
  191     429       1
  192     518       1
  193     580       1
  193     586       1
  194     314       1
  195     217       1
  196     315       1
  196     379       1
  196     383       1
  197     277       1
  197     290       1
  197     638       1
  198     337       1
  199     763       1
  200     693       1
  201     388       1
  202     694       1
  203     286       1
  203     619       1
  203     628       1
  204     663       1
  205     785       1
  206     238       1
  206     568       1
  206     669       1
  206     685       1
  207     754       1
  208     232       1
  209     272       1
  210     242       1
  212     337       1
  213     445       1
  213     552       1
  213     693       1
  215     524       1
  215     557       1
  215     566       1
  215     663       1
  217     274       1
  217     312       1
  217     388       1
  217     533       1
  217     725       1
  217     779       1
  218     667       1
  219     645       1
  219     657       1
  220     692       1
  222     471       1
  223     303       1
  223     387       1
  224     306       1
  225     773       1
  226     702       1
  227     537       1
  228     594       1
  229     442       1
  230     678       1
  231     608       1
  231     622       1
  231     749       1
  232     572       1
  232     627       1
  233     629       1
  235     238       1
  236     311       1
  236     515       1
  237     410       1
  238     331       1
  238     487       1
  239     482       1
  239     563       1
  239     714       1
  240     796       1
  241     312       1
  241     509       1
  241     754       1
  242     356       1
  243     371       1
  244     466       1
  245     345       1
  246     299       1
  247     690       1
  248     257       1
  249     367       1
  250     451       1
  250     606       1
  250     674       1
  251     439       1
  251     560       1
  251     703       1
  252     325       1
  252     532       1
  253     551       1
  254     461       1
  254     522       1
  255     522       1
  256     583       1
  259     617       1
  259     631       1
  259     669       1
  260     760       1
  261     444       1
  263     602       1
  264     624       1
  265     588       1
  265     690       1
  265     761       1
  266     417       1
  267     351       1
  267     540       1
  268     737       1
  269     303       1
  269     782       1
  270     752       1
  271     285       1
  271     309       1
  271     336       1
  271     348       1
  271     622       1
  272     355       1
  272     466       1
  273     277       1
  273     414       1
  274     405       1
  274     587       1
  275     648       1
  276     309       1
  276     382       1
  277     304       1
  277     430       1
  278     587       1
  278     636       1
  279     377       1
  279     792       1
  280     495       1
  280     546       1
  280     589       1
  281     523       1
  281     534       1
  282     473       1
  282     793       1
  283     754       1
  284     598       1
  285     428       1
  285     561       1
  285     751       1
  286     458       1
  287     414       1
  287     595       1
  288     657       1
  288     669       1
  288     766       1
  289     513       1
  291     325       1
  291     638       1
  291     784       1
  292     453       1
  294     356       1
  295     587       1
  297     517       1
  297     554       1
  297     651       1
  298     655       1
  300     390       1
  300     662       1
  301     362       1
  303     447       1
  303     533       1
  304     306       1
  304     664       1
  305     450       1
  305     597       1
  305     770       1
  307     324       1
  307     379       1
  309     798       1
  310     502       1
  311     377       1
  311     696       1
  313     728       1
  314     533       1
  314     711       1
  315     485       1
  315     507       1
  315     559       1
  315     598       1
  316     505       1
  316     689       1
  317     577       1
  317     686       1
  317     777       1
  319     551       1
  319     758       1
  320     507       1
  321     769       1
  322     734       1
  323     627       1
  323     712       1
  326     431       1
  326     550       1
  327     570       1
  327     682       1
  328     467       1
  328     630       1
  329     345       1
  330     577       1
  332     548       1
  333     444       1
  334     404       1
  334     724       1
  335     487       1
  335     623       1
  335     785       1
  336     389       1
  336     397       1
  336     781       1
  337     413       1
  339     743       1
  340     373       1
  340     767       1
  341     672       1
  341     788       1
  344     411       1
  344     773       1
  346     510       1
  347     355       1
  348     478       1
  349     497       1
  349     508       1
  350     725       1
  352     448       1
  353     516       1
  354     517       1
  355     474       1
  355     518       1
  355     582       1
  355     651       1
  356     697       1
  357     454       1
  358     469       1
  359     648       1
  359     698       1
  359     727       1
  361     411       1
  362     505       1
  363     785       1
  364     786       1
  366     404       1
  366     455       1
  366     571       1
  367     799       1
  368     377       1
  368     738       1
  370     448       1
  370     667       1
  370     783       1
  371     442       1
  371     542       1
  372     773       1
  375     657       1
  375     726       1
  377     418       1
  377     471       1
  377     590       1
  377     649       1
  377     757       1
  378     665       1
  378     775       1
  380     446       1
  381     704       1
  382     507       1
  383     727       1
  384     391       1
  385     587       1
  386     449       1
  387     683       1
  388     402       1
  389     420       1
  389     794       1
  392     519       1
  392     607       1
  393     462       1
  394     631       1
  394     633       1
  394     785       1
  395     548       1
  397     548       1
  397     776       1
  398     407       1
  398     563       1
  398     706       1
  400     466       1
  401     531       1
  401     790       1
  403     779       1
  404     511       1
  404     612       1
  404     771       1
  405     787       1
  406     424       1
  406     493       1
  406     602       1
  406     638       1
  406     691       1
  406     746       1
  407     591       1
  410     675       1
  411     614       1
  411     641       1
  411     681       1
  414     523       1
  414     691       1
  415     587       1
  416     542       1
  417     638       1
  417     688       1
  417     767       1
  419     526       1
  421     644       1
  422     486       1
  423     586       1
  423     747       1
  424     567       1
  425     619       1
  425     736       1
  426     783       1
  427     678       1
  429     591       1
  431     464       1
  431     768       1
  431     779       1
  432     512       1
  432     583       1
  434     555       1
  435     560       1
  436     527       1
  438     549       1
  439     660       1
  441     542       1
  441     569       1
  441     682       1
  442     503       1
  443     567       1
  444     527       1
  444     580       1
  444     613       1
  444     669       1
  446     510       1
  446     620       1
  446     631       1
  446     669       1
  447     566       1
  447     738       1
  451     513       1
  451     533       1
  451     579       1
  451     662       1
  451     715       1
  451     758       1
  452     719       1
  452     720       1
  453     487       1
  456     765       1
  457     536       1
  457     538       1
  458     525       1
  458     723       1
  460     487       1
  461     577       1
  463     548       1
  463     593       1
  466     479       1
  466     598       1
  466     708       1
  467     717       1
  468     521       1
  469     582       1
  469     640       1
  470     475       1
  472     479       1
  472     594       1
  473     491       1
  473     513       1
  476     696       1
  477     649       1
  478     548       1
  480     529       1
  480     603       1
  481     671       1
  482     520       1
  483     683       1
  485     764       1
  488     546       1
  489     503       1
  490     701       1
  490     797       1
  493     512       1
  494     580       1
  496     754       1
  498     617       1
  501     675       1
  502     588       1
  504     717       1
  505     602       1
  506     665       1
  506     759       1
  507     543       1
  508     630       1
  509     712       1
  510     528       1
  510     591       1
  511     617       1
  511     795       1
  513     726       1
  518     527       1
  518     722       1
  518     745       1
  519     666       1
  523     699       1
  525     741       1
  527     673       1
  528     791       1
  530     540       1
  531     704       1
  533     634       1
  533     656       1
  534     774       1
  536     700       1
  539     606       1
  539     779       1
  540     587       1
  545     620       1
  546     547       1
  546     654       1
  546     678       1
  548     677       1
  554     704       1
  554     782       1
  555     603       1
  557     615       1
  557     778       1
  563     742       1
  563     773       1
  564     661       1
  566     575       1
  567     581       1
  573     579       1
  577     720       1
  578     633       1
  578     675       1
  579     584       1
  579     643       1
  580     653       1
  581     779       1
  582     642       1
  584     625       1
  584     755       1
  587     772       1
  591     775       1
  592     614       1
  595     652       1
  596     799       1
  599     799       1
  600     677       1
  605     779       1
  605     786       1
  607     797       1
  608     702       1
  610     724       1
  611     681       1
  614     639       1
  616     768       1
  618     743       1
  626     698       1
  626     744       1
  632     723       1
  634     728       1
  637     651       1
  642     714       1
  646     648       1
  646     705       1
  650     777       1
  651     732       1
  657     702       1
  660     725       1
  662     668       1
  669     763       1
  670     758       1
  671     708       1
  684     798       1
  689     691       1
  690     730       1
  693     794       1
  701     776       1
  702     713       1
  718     750       1
  722     760       1
  729     777       1
  731     757       1
  742     776       1
  743     768       1
  751     762       1
  755     756       1
  775     776       1
