  700     780
    1     159       1
    2     111       1
    3     434       1
    4     129       1
    4     215       1
    4     465       1
    5     462       1
    6     517       1
    6     534       1
    7     437       1
    7     486       1
    8     231       1
    8     492       1
    8     576       1
    8     669       1
    9     415       1
   10     541       1
   11     388       1
   12      74       1
   12     109       1
   13     195       1
   13     325       1
   13     486       1
   13     579       1
   14     238       1
   14     459       1
   15     626       1
   16      54       1
   16     194       1
   17     407       1
   17     409       1
   17     545       1
   17     668       1
   18     298       1
   19     223       1
   19     294       1
   19     505       1
   20      89       1
   20     319       1
   20     534       1
   21      30       1
   21      33       1
   21     496       1
   22     439       1
   22     563       1
   22     588       1
   23     211       1
   23     261       1
   23     397       1
   23     528       1
   24     305       1
   25     128       1
   25     537       1
   26     193       1
   26     512       1
   27     311       1
   27     501       1
   28     585       1
   29      34       1
   29     306       1
   30     163       1
   30     517       1
   31     149       1
   31     413       1
   31     646       1
   32     373       1
   32     502       1
   33     467       1
   34     234       1
   34     406       1
   34     434       1
   34     483       1
   35     172       1
   36     585       1
   37     436       1
   38     109       1
   38     186       1
   38     376       1
   38     575       1
   39     103       1
   39     606       1
   40     533       1
   40     681       1
   40     686       1
   41     171       1
   41     372       1
   41     618       1
   42     120       1
   42     227       1
   43     353       1
   44     236       1
   44     362       1
   44     374       1
   44     511       1
   44     522       1
   44     659       1
   45     236       1
   46     670       1
   47     245       1
   47     274       1
   48     443       1
   49      89       1
   50     358       1
   51     309       1
   52     414       1
   52     455       1
   53     216       1
   54     489       1
   55     293       1
   56     335       1
   57     156       1
   57     555       1
   58     229       1
   58     621       1
   58     686       1
   59     157       1
   59     193       1
   59     298       1
   59     334       1
   59     604       1
   60      83       1
   60     227       1
   60     313       1
   61     126       1
   61     148       1
   61     384       1
   61     430       1
   62     303       1
   62     374       1
   62     444       1
   62     502       1
   62     539       1
   63     413       1
   64     430       1
   64     572       1
   65     180       1
   65     247       1
   65     674       1
   66     137       1
   66     318       1
   66     418       1
   67     535       1
   68     596       1
   69     467       1
   70     222       1
   70     402       1
   71     140       1
   71     202       1
   71     480       1
   72     108       1
   72     143       1
   72     204       1
   72     460       1
   72     682       1
   73     631       1
   75     500       1
   76     367       1
   76     596       1
   77     177       1
   77     330       1
   78     608       1
   79     495       1
   79     632       1
   80     542       1
   81     363       1
   82     348       1
   82     364       1
   82     441       1
   84     194       1
   84     596       1
   84     677       1
   85     122       1
   85     190       1
   85     510       1
   86     461       1
   87     592       1
   88     288       1
   88     319       1
   88     574       1
   89     125       1
   89     546       1
   90     394       1
   91     394       1
   92     165       1
   92     297       1
   92     365       1
   92     517       1
   93      97       1
   93     330       1
   93     489       1
   93     515       1
   94     271       1
   94     307       1
   94     342       1
   95     331       1
   95     678       1
   96     511       1
   97     665       1
   98     586       1
   98     676       1
   99     226       1
   99     457       1
  100     132       1
  100     273       1
  100     453       1
  101     322       1
  101     614       1
  101     629       1
  101     696       1
  102     314       1
  102     475       1
  102     520       1
  103     501       1
  103     615       1
  103     656       1
  104     209       1
  104     463       1
  105     534       1
  106     137       1
  107     465       1
  107     511       1
  108     209       1
  108     526       1
  108     636       1
  110     122       1
  111     307       1
  111     523       1
  111     679       1
  112     240       1
  112     272       1
  113     366       1
  113     387       1
  113     415       1
  113     673       1
  114     311       1
  114     470       1
  115     426       1
  116     155       1
  117     266       1
  118     506       1
  119     211       1
  120     396       1
  120     404       1
  120     515       1
  121     679       1
  122     132       1
  123     292       1
  123     351       1
  123     676       1
  124     565       1
  125     475       1
  126     209       1
  126     254       1
  127     165       1
  127     559       1
  128     642       1
  129     241       1
  130     312       1
  130     428       1
  130     690       1
  131     422       1
  132     203       1
  132     352       1
  132     369       1
  132     513       1
  132     619       1
  133     372       1
  134     274       1
  134     299       1
  135     209       1
  135     653       1
  136     287       1
  138     524       1
  138     590       1
  139     365       1
  139     408       1
  139     535       1
  140     527       1
  141     215       1
  142     520       1
  142     535       1
  143     442       1
  144     330       1
  145     694       1
  146     287       1
  146     315       1
  146     487       1
  147     230       1
  147     328       1
  148     622       1
  149     270       1
  149     432       1
  150     485       1
  151     274       1
  152     269       1
  152     378       1
  152     541       1
  152     575       1
  153     674       1
  154     287       1
  155     187       1
  155     515       1
  157     198       1
  158     179       1
  158     347       1
  158     495       1
  158     514       1
  158     680       1
  159     191       1
  159     236       1
  159     504       1
  159     680       1
  160     264       1
  160     424       1
  161     279       1
  161     508       1
  161     663       1
  162     390       1
  163     422       1
  164     418       1
  164     614       1
  165     241       1
  165     358       1
  165     445       1
  165     456       1
  165     535       1
  166     171       1
  167     600       1
  168     207       1
  168     217       1
  168     495       1
  168     571       1
  169     447       1
  169     625       1
  169     666       1
  170     557       1
  170     630       1
  170     679       1
  171     324       1
  171     353       1
  172     306       1
  173     234       1
  173     263       1
  173     306       1
  174     176       1
  174     249       1
  174     406       1
  175     268       1
  176     394       1
  176     418       1
  177     357       1
  178     686       1
  179     294       1
  180     255       1
  181     426       1
  181     447       1
  181     662       1
  181     678       1
  182     324       1
  183     635       1
  184     255       1
  185     397       1
  186     406       1
  186     697       1
  188     208       1
  189     492       1
  191     353       1
  192     360       1
  192     458       1
  192     476       1
  192     562       1
  193     267       1
  193     291       1
  193     584       1
  193     591       1
  194     346       1
  194     422       1
  194     591       1
  196     700       1
  197     222       1
  197     596       1
  199     340       1
  199     361       1
  200     259       1
  201     563       1
  202     369       1
  202     380       1
  202     585       1
  202     609       1
  202     700       1
  203     452       1
  203     536       1
  205     535       1
  206     501       1
  207     506       1
  207     607       1
  207     608       1
  207     647       1
  208     425       1
  209     383       1
  209     410       1
  209     525       1
  210     383       1
  211     325       1
  211     341       1
  211     350       1
  211     406       1
  211     418       1
  211     444       1
  211     541       1
  211     591       1
  212     595       1
  212     644       1
  212     690       1
  213     427       1
  213     443       1
  213     571       1
  214     375       1
  215     514       1
  215     631       1
  216     380       1
  217     337       1
  218     279       1
  218     644       1
  219     466       1
  219     485       1
  220     676       1
  221     231       1
  222     326       1
  223     253       1
  223     440       1
  223     564       1
  223     594       1
  224     607       1
  225     646       1
  226     410       1
  226     694       1
  227     379       1
  228     526       1
  228     631       1
  229     551       1
  230     397       1
  230     582       1
  231     247       1
  232     504       1
  233     403       1
  234     308       1
  234     624       1
  235     393       1
  235     404       1
  236     627       1
  236     654       1
  237     399       1
  237     421       1
  237     681       1
  238     259       1
  238     299       1
  238     364       1
  238     496       1
  238     558       1
  238     586       1
  238     626       1
  239     606       1
  240     244       1
  240     302       1
  240     369       1
  241     497       1
  242     426       1
  243     364       1
  243     407       1
  244     392       1
  245     314       1
  246     662       1
  246     698       1
  248     458       1
  250     526       1
  250     554       1
  250     584       1
  251     347       1
  252     315       1
  252     602       1
  252     689       1
  254     486       1
  255     350       1
  255     657       1
  256     639       1
  257     510       1
  258     261       1
  259     268       1
  259     444       1
  259     533       1
  260     445       1
  261     331       1
  261     375       1
  262     358       1
  263     683       1
  264     356       1
  264     427       1
  264     530       1
  265     639       1
  266     370       1
  268     446       1
  268     495       1
  268     499       1
  268     542       1
  268     674       1
  274     507       1
  275     471       1
  276     495       1
  277     433       1
  277     447       1
  278     609       1
  279     286       1
  280     609       1
  281     392       1
  282     628       1
  283     317       1
  284     332       1
  285     390       1
  286     497       1
  286     501       1
  287     646       1
  287     696       1
  289     356       1
  289     562       1
  290     444       1
  290     461       1
  292     419       1
  292     651       1
  293     325       1
  294     444       1
  295     341       1
  296     437       1
  296     496       1
  297     381       1
  299     425       1
  300     687       1
  301     577       1
  303     645       1
  304     453       1
  305     388       1
  306     662       1
  307     346       1
  307     468       1
  307     577       1
  309     367       1
  309     488       1
  309     638       1
  310     329       1
  311     362       1
  311     372       1
  311     512       1
  311     639       1
  311     652       1
  312     345       1
  316     538       1
  317     346       1
  319     649       1
  320     524       1
  321     483       1
  322     549       1
  323     691       1
  325     340       1
  325     367       1
  327     509       1
  327     546       1
  328     622       1
  329     581       1
  330     411       1
  332     409       1
  332     541       1
  332     675       1
  333     534       1
  335     581       1
  336     472       1
  337     417       1
  338     436       1
  338     533       1
  339     374       1
  339     454       1
  343     390       1
  344     422       1
  345     374       1
  345     433       1
  345     691       1
  345     696       1
  349     565       1
  350     368       1
  350     684       1
  352     457       1
  354     440       1
  354     527       1
  355     445       1
  357     382       1
  357     471       1
  358     479       1
  359     476       1
  359     589       1
  360     613       1
  361     668       1
  363     382       1
  363     640       1
  364     402       1
  364     521       1
  366     385       1
  366     496       1
  366     636       1
  367     598       1
  368     550       1
  369     474       1
  370     659       1
  371     686       1
  372     386       1
  372     524       1
  372     568       1
  372     628       1
  373     444       1
  373     595       1
  374     477       1
  374     551       1
  377     474       1
  378     531       1
  379     419       1
  379     553       1
  382     495       1
  382     569       1
  384     403       1
  384     484       1
  384     550       1
  384     599       1
  388     496       1
  389     399       1
  390     391       1
  390     480       1
  390     532       1
  390     584       1
  390     699       1
  394     611       1
  395     419       1
  396     650       1
  397     646       1
  398     562       1
  399     634       1
  400     638       1
  401     626       1
  402     570       1
  402     643       1
  402     667       1
  404     426       1
  405     501       1
  406     408       1
  406     497       1
  408     552       1
  408     687       1
  411     450       1
  411     695       1
  412     455       1
  414     683       1
  416     417       1
  416     484       1
  419     435       1
  419     444       1
  419     462       1
  420     446       1
  422     540       1
  423     544       1
  424     445       1
  426     508       1
  427     563       1
  429     575       1
  430     646       1
  431     577       1
  432     641       1
  438     503       1
  439     443       1
  440     444       1
  440     612       1
  446     528       1
  446     603       1
  447     557       1
  448     537       1
  449     563       1
  451     464       1
  452     523       1
  454     470       1
  455     508       1
  458     553       1
  458     617       1
  459     500       1
  461     577       1
  462     587       1
  463     553       1
  464     626       1
  468     547       1
  469     492       1
  472     528       1
  472     573       1
  473     563       1
  477     664       1
  477     666       1
  477     693       1
  478     524       1
  481     609       1
  482     511       1
  485     555       1
  489     648       1
  490     700       1
  491     700       1
  493     529       1
  493     667       1
  494     518       1
  495     537       1
  496     519       1
  496     575       1
  496     583       1
  496     637       1
  496     700       1
  497     534       1
  498     628       1
  500     684       1
  501     658       1
  503     534       1
  503     579       1
  504     571       1
  508     622       1
  511     644       1
  515     563       1
  515     674       1
  516     534       1
  517     526       1
  518     559       1
  524     566       1
  526     563       1
  527     633       1
  532     575       1
  532     666       1
  532     677       1
  535     644       1
  536     655       1
  538     692       1
  541     578       1
  541     660       1
  543     558       1
  544     639       1
  546     559       1
  546     567       1
  548     632       1
  553     593       1
  554     681       1
  555     696       1
  556     656       1
  560     596       1
  561     598       1
  562     622       1
  565     683       1
  566     597       1
  577     581       1
  578     580       1
  579     688       1
  582     605       1
  583     687       1
  584     592       1
  584     670       1
  585     672       1
  599     639       1
  599     685       1
  600     698       1
  601     671       1
  602     635       1
  610     682       1
  614     674       1
  615     620       1
  616     674       1
  623     666       1
  627     644       1
  628     692       1
  632     682       1
  656     694       1
  661     683       1
  671     686       1
