   50      73
    1      19       1
    1      21       1
    2       3       1
    2       9       1
    2      31       1
    4      17       1
    4      26       1
    4      49       1
    5      40       1
    5      48       1
    5      49       1
    6      18       1
    6      22       1
    6      29       1
    6      38       1
    7       9       1
    7      39       1
    8      47       1
    8      48       1
    9      11       1
    9      50       1
   10      23       1
   10      35       1
   10      39       1
   11      38       1
   12      17       1
   12      39       1
   13      36       1
   13      39       1
   13      41       1
   13      42       1
   13      49       1
   14      50       1
   15      39       1
   15      46       1
   16      21       1
   16      23       1
   16      35       1
   17      28       1
   18      25       1
   18      49       1
   19      41       1
   20      29       1
   20      47       1
   21      22       1
   22      24       1
   22      26       1
   22      28       1
   22      39       1
   22      44       1
   23      41       1
   23      48       1
   25      28       1
   25      38       1
   26      50       1
   27      41       1
   27      47       1
   28      43       1
   29      39       1
   29      48       1
   30      34       1
   31      34       1
   31      37       1
   32      39       1
   32      41       1
   32      47       1
   33      37       1
   35      41       1
   35      46       1
   37      39       1
   42      44       1
   45      48       1
   47      50       1
