  100     129
    1      34       1
    1      40       1
    1     100       1
    2      34       1
    2      64       1
    3       5       1
    4      18       1
    5      74       1
    5      84       1
    6      35       1
    6      37       1
    6      48       1
    6      57       1
    6      81       1
    7      28       1
    8      11       1
    8      40       1
    8      84       1
    9      14       1
    9      44       1
    9      49       1
    9      53       1
    9      89       1
   10      38       1
   10      66       1
   10      79       1
   12      91       1
   13      14       1
   13      81       1
   14      46       1
   14      98       1
   15      31       1
   15      51       1
   16      65       1
   17      70       1
   17      77       1
   18      59       1
   18      94       1
   19      51       1
   19      93       1
   20      38       1
   20      46       1
   20      84       1
   21      80       1
   22      64       1
   22      70       1
   22      77       1
   23      40       1
   23      90       1
   24      41       1
   24      91       1
   25      68       1
   26      51       1
   27      40       1
   27      69       1
   28      34       1
   28      96       1
   29      34       1
   29      73       1
   30      31       1
   30      53       1
   30      90       1
   31      39       1
   31      41       1
   31      69       1
   31      89       1
   31      92       1
   32      65       1
   33      62       1
   33      75       1
   34      65       1
   35      59       1
   36      88       1
   37      46       1
   37      70       1
   38      59       1
   38      95       1
   39      51       1
   39      58       1
   39      75       1
   40      59       1
   41      80       1
   41      88       1
   41      95       1
   42      96       1
   43      65       1
   43      93       1
   44      91       1
   44      96       1
   45      90       1
   46      81       1
   46      85       1
   47      82       1
   48      67       1
   49      83       1
   50      76       1
   51      68       1
   51      82       1
   52      65       1
   52      71       1
   54      80       1
   54      84       1
   55      61       1
   55      70       1
   56      59       1
   57      67       1
   57      69       1
   57      87       1
   59      76       1
   59      78       1
   60      61       1
   60      72       1
   61      70       1
   61      76       1
   62      70       1
   63      70       1
   65      69       1
   65      97       1
   69      76       1
   69      78       1
   69      86       1
   72      81       1
   73      86       1
   76      77       1
   76      81       1
   81      96       1
   82     100       1
   87      99       1
   89      96       1
