  800     886
    1     462       1
    1     565       1
    1     634       1
    2      27       1
    2     168       1
    2     394       1
    3     539       1
    3     632       1
    3     703       1
    4     400       1
    4     692       1
    5     225       1
    5     574       1
    5     594       1
    5     670       1
    6     532       1
    7     468       1
    8      24       1
    8     397       1
    9      45       1
   10      33       1
   10      67       1
   10     296       1
   11     479       1
   11     723       1
   11     729       1
   12     235       1
   13     144       1
   13     365       1
   13     388       1
   13     583       1
   13     670       1
   13     786       1
   14     763       1
   15     517       1
   16     385       1
   17     324       1
   18     764       1
   19     322       1
   19     763       1
   19     768       1
   20     163       1
   20     721       1
   21     180       1
   21     397       1
   22     582       1
   23     435       1
   24     197       1
   24     210       1
   24     553       1
   25     451       1
   25     610       1
   26     113       1
   27     343       1
   28      45       1
   29     220       1
   29     499       1
   29     721       1
   30     196       1
   30     554       1
   31     469       1
   32     135       1
   32     137       1
   32     157       1
   32     259       1
   32     336       1
   32     610       1
   32     760       1
   33     323       1
   33     737       1
   34     523       1
   34     746       1
   35     405       1
   36     288       1
   36     754       1
   37      38       1
   37     103       1
   37     141       1
   37     637       1
   37     785       1
   38     594       1
   38     709       1
   39     576       1
   40     204       1
   40     385       1
   40     389       1
   40     533       1
   40     691       1
   41     572       1
   41     593       1
   41     751       1
   41     768       1
   42     273       1
   43     303       1
   43     317       1
   43     435       1
   44     783       1
   45      68       1
   45     115       1
   45     131       1
   45     280       1
   45     460       1
   46     464       1
   47     408       1
   47     433       1
   48     266       1
   49      68       1
   49     493       1
   49     730       1
   50     557       1
   51      74       1
   51     154       1
   52     681       1
   53      72       1
   54     237       1
   54     249       1
   54     404       1
   54     628       1
   55      65       1
   56     490       1
   56     723       1
   57     189       1
   57     257       1
   57     265       1
   58     391       1
   58     477       1
   58     647       1
   59     293       1
   60     182       1
   61     363       1
   61     463       1
   62     233       1
   63     144       1
   64     587       1
   65     339       1
   65     776       1
   66     582       1
   67     304       1
   67     318       1
   67     365       1
   67     478       1
   69     363       1
   69     680       1
   70     667       1
   70     738       1
   71     396       1
   72     568       1
   72     661       1
   73     322       1
   73     335       1
   74     153       1
   74     164       1
   75     483       1
   75     552       1
   75     583       1
   76     171       1
   76     191       1
   76     678       1
   77     631       1
   78     357       1
   78     744       1
   79     183       1
   79     206       1
   79     453       1
   79     769       1
   80     299       1
   80     347       1
   80     432       1
   80     670       1
   80     733       1
   80     736       1
   81     268       1
   81     475       1
   81     719       1
   82     312       1
   82     352       1
   82     524       1
   83     350       1
   84     753       1
   85     173       1
   85     284       1
   85     570       1
   86     210       1
   86     422       1
   86     440       1
   86     727       1
   87     301       1
   87     311       1
   88     269       1
   88     615       1
   88     679       1
   89     504       1
   90     516       1
   90     548       1
   91     682       1
   92     444       1
   92     525       1
   93     492       1
   94     385       1
   94     531       1
   95     470       1
   96     102       1
   96     192       1
   97     528       1
   98     477       1
   99     176       1
  100     734       1
  100     795       1
  101     650       1
  102     153       1
  102     412       1
  102     726       1
  103     160       1
  103     433       1
  103     777       1
  104     618       1
  105     405       1
  106     763       1
  107     614       1
  107     690       1
  107     695       1
  108     289       1
  108     479       1
  108     557       1
  109     752       1
  110     270       1
  110     794       1
  111     621       1
  112     444       1
  113     403       1
  113     422       1
  114     273       1
  115     265       1
  115     795       1
  116     203       1
  116     298       1
  116     733       1
  117     721       1
  118     192       1
  118     479       1
  118     538       1
  118     797       1
  119     452       1
  119     506       1
  119     601       1
  119     766       1
  120     125       1
  120     618       1
  121     280       1
  121     549       1
  122     538       1
  123     442       1
  123     519       1
  123     579       1
  124     131       1
  124     754       1
  126     281       1
  127     567       1
  128     514       1
  128     717       1
  129     211       1
  129     414       1
  129     709       1
  130     444       1
  131     378       1
  131     405       1
  131     454       1
  131     571       1
  131     633       1
  131     670       1
  132     292       1
  133     138       1
  133     326       1
  133     420       1
  133     616       1
  134     255       1
  134     266       1
  134     706       1
  134     761       1
  135     241       1
  135     517       1
  135     544       1
  135     670       1
  136     199       1
  136     324       1
  136     711       1
  137     238       1
  137     364       1
  138     335       1
  139     408       1
  139     702       1
  140     153       1
  141     743       1
  142     389       1
  143     372       1
  144     269       1
  144     774       1
  145     448       1
  145     681       1
  145     686       1
  146     349       1
  147     496       1
  147     620       1
  147     730       1
  148     369       1
  148     519       1
  148     757       1
  149     275       1
  149     584       1
  150     328       1
  150     623       1
  151     271       1
  151     320       1
  152     458       1
  152     648       1
  152     797       1
  153     568       1
  155     732       1
  156     256       1
  158     302       1
  158     459       1
  158     553       1
  159     218       1
  160     500       1
  161     552       1
  161     745       1
  162     374       1
  162     617       1
  162     642       1
  163     738       1
  164     281       1
  164     510       1
  164     513       1
  165     527       1
  166     468       1
  167     231       1
  167     732       1
  168     763       1
  169     284       1
  170     258       1
  171     205       1
  171     631       1
  172     774       1
  174     194       1
  174     353       1
  174     390       1
  174     429       1
  174     461       1
  174     548       1
  174     761       1
  175     301       1
  175     541       1
  175     724       1
  176     514       1
  176     592       1
  177     735       1
  178     499       1
  178     701       1
  179     211       1
  179     324       1
  179     714       1
  181     230       1
  182     254       1
  182     384       1
  183     295       1
  184     353       1
  184     436       1
  184     456       1
  184     520       1
  185     378       1
  185     379       1
  185     465       1
  186     327       1
  186     728       1
  187     290       1
  187     400       1
  187     786       1
  188     248       1
  188     552       1
  188     560       1
  188     575       1
  188     798       1
  190     251       1
  193     508       1
  195     384       1
  195     544       1
  196     300       1
  196     380       1
  196     406       1
  196     451       1
  196     470       1
  196     548       1
  197     783       1
  198     356       1
  200     753       1
  201     587       1
  201     658       1
  201     792       1
  202     639       1
  202     682       1
  203     424       1
  203     446       1
  203     690       1
  204     444       1
  204     667       1
  204     748       1
  204     772       1
  205     366       1
  205     464       1
  206     284       1
  206     381       1
  206     395       1
  206     556       1
  206     767       1
  207     523       1
  208     472       1
  208     482       1
  208     550       1
  209     551       1
  209     789       1
  212     220       1
  212     682       1
  213     302       1
  214     473       1
  215     496       1
  215     675       1
  216     544       1
  216     719       1
  217     596       1
  217     655       1
  218     276       1
  218     797       1
  219     649       1
  220     619       1
  220     673       1
  220     785       1
  221     399       1
  221     800       1
  222     570       1
  223     706       1
  224     669       1
  225     645       1
  226     588       1
  226     750       1
  227     260       1
  227     283       1
  227     450       1
  227     506       1
  227     631       1
  227     656       1
  227     789       1
  228     436       1
  229     338       1
  229     689       1
  229     733       1
  230     630       1
  232     770       1
  232     790       1
  233     398       1
  233     756       1
  234     269       1
  235     533       1
  236     528       1
  236     663       1
  236     759       1
  237     342       1
  237     362       1
  239     319       1
  239     408       1
  239     460       1
  240     355       1
  240     649       1
  240     749       1
  240     785       1
  242     562       1
  243     545       1
  243     607       1
  244     276       1
  244     741       1
  245     731       1
  245     765       1
  246     531       1
  246     687       1
  247     378       1
  248     395       1
  249     333       1
  249     671       1
  249     793       1
  250     340       1
  251     502       1
  251     559       1
  252     257       1
  253     784       1
  253     791       1
  254     421       1
  254     737       1
  255     489       1
  255     681       1
  256     789       1
  258     481       1
  258     507       1
  259     505       1
  260     593       1
  260     622       1
  260     634       1
  261     598       1
  262     317       1
  263     506       1
  264     408       1
  265     353       1
  265     466       1
  265     508       1
  266     653       1
  267     544       1
  269     655       1
  270     354       1
  270     378       1
  270     660       1
  272     677       1
  273     275       1
  273     611       1
  274     625       1
  275     390       1
  275     475       1
  276     565       1
  276     730       1
  277     740       1
  278     327       1
  279     393       1
  280     577       1
  280     683       1
  281     358       1
  281     737       1
  282     519       1
  283     430       1
  283     431       1
  283     518       1
  283     676       1
  284     301       1
  284     366       1
  284     486       1
  285     480       1
  286     340       1
  286     370       1
  286     792       1
  287     486       1
  287     727       1
  289     346       1
  289     735       1
  289     758       1
  291     339       1
  292     483       1
  293     306       1
  293     441       1
  293     511       1
  293     592       1
  294     478       1
  294     652       1
  294     669       1
  295     359       1
  296     646       1
  297     550       1
  299     401       1
  299     590       1
  299     791       1
  301     312       1
  301     583       1
  301     762       1
  303     334       1
  305     324       1
  305     374       1
  305     406       1
  305     725       1
  307     380       1
  308     798       1
  309     675       1
  310     733       1
  311     422       1
  311     715       1
  312     652       1
  313     775       1
  314     422       1
  314     542       1
  315     402       1
  316     638       1
  316     791       1
  317     638       1
  318     652       1
  320     490       1
  320     523       1
  320     533       1
  321     412       1
  323     694       1
  324     499       1
  325     732       1
  325     784       1
  327     479       1
  328     377       1
  329     395       1
  330     424       1
  331     646       1
  332     635       1
  332     708       1
  336     563       1
  337     483       1
  337     591       1
  338     710       1
  339     353       1
  339     546       1
  339     583       1
  339     631       1
  339     684       1
  340     575       1
  341     366       1
  341     697       1
  343     727       1
  343     770       1
  344     511       1
  345     619       1
  346     788       1
  348     425       1
  349     386       1
  349     424       1
  349     656       1
  350     573       1
  350     625       1
  350     688       1
  351     514       1
  353     523       1
  353     606       1
  353     630       1
  353     714       1
  354     740       1
  355     699       1
  356     410       1
  356     506       1
  357     726       1
  358     698       1
  360     399       1
  361     687       1
  362     389       1
  362     501       1
  363     374       1
  363     483       1
  363     677       1
  363     708       1
  366     481       1
  366     664       1
  367     592       1
  367     709       1
  368     445       1
  368     492       1
  371     735       1
  372     437       1
  373     538       1
  374     600       1
  374     618       1
  374     636       1
  375     774       1
  376     715       1
  377     605       1
  380     455       1
  381     567       1
  382     396       1
  382     547       1
  383     774       1
  384     635       1
  385     571       1
  386     790       1
  387     528       1
  388     434       1
  388     514       1
  389     469       1
  390     485       1
  391     799       1
  392     643       1
  393     673       1
  395     704       1
  397     760       1
  398     517       1
  399     415       1
  401     498       1
  401     546       1
  402     556       1
  405     441       1
  405     578       1
  405     595       1
  405     626       1
  407     556       1
  407     610       1
  408     531       1
  409     561       1
  409     598       1
  410     722       1
  411     761       1
  413     630       1
  414     416       1
  415     517       1
  417     636       1
  418     704       1
  419     503       1
  421     440       1
  423     523       1
  425     560       1
  426     650       1
  427     445       1
  428     632       1
  429     559       1
  431     742       1
  432     483       1
  432     497       1
  432     580       1
  432     622       1
  434     686       1
  434     773       1
  435     508       1
  437     619       1
  438     485       1
  438     569       1
  438     612       1
  439     726       1
  441     502       1
  442     717       1
  443     747       1
  443     760       1
  445     657       1
  445     785       1
  447     580       1
  449     521       1
  449     595       1
  449     652       1
  451     722       1
  454     750       1
  455     760       1
  457     530       1
  459     517       1
  459     599       1
  459     713       1
  459     744       1
  459     763       1
  462     588       1
  463     562       1
  463     708       1
  464     523       1
  467     627       1
  468     599       1
  471     544       1
  471     558       1
  471     707       1
  473     763       1
  474     602       1
  474     711       1
  476     691       1
  479     503       1
  479     557       1
  479     593       1
  480     674       1
  480     770       1
  481     550       1
  483     550       1
  483     782       1
  484     579       1
  487     509       1
  487     661       1
  487     770       1
  488     712       1
  489     664       1
  491     582       1
  492     741       1
  492     791       1
  494     747       1
  495     499       1
  495     638       1
  499     583       1
  499     625       1
  499     643       1
  501     690       1
  502     581       1
  504     545       1
  508     537       1
  508     747       1
  510     603       1
  510     687       1
  512     524       1
  515     565       1
  519     661       1
  519     796       1
  521     546       1
  522     602       1
  526     632       1
  527     577       1
  529     534       1
  529     544       1
  530     568       1
  532     666       1
  533     778       1
  534     659       1
  534     685       1
  535     642       1
  536     774       1
  539     739       1
  540     655       1
  541     728       1
  543     627       1
  544     589       1
  545     634       1
  547     670       1
  549     613       1
  552     555       1
  552     666       1
  557     764       1
  559     716       1
  560     700       1
  563     773       1
  564     765       1
  564     768       1
  564     781       1
  566     634       1
  566     718       1
  567     638       1
  570     621       1
  575     775       1
  576     598       1
  576     763       1
  581     782       1
  582     776       1
  583     735       1
  585     763       1
  586     591       1
  587     732       1
  591     788       1
  592     655       1
  593     647       1
  593     759       1
  594     693       1
  597     796       1
  600     780       1
  604     791       1
  605     785       1
  607     762       1
  608     626       1
  608     675       1
  609     627       1
  610     665       1
  616     670       1
  621     747       1
  623     754       1
  624     707       1
  626     706       1
  627     656       1
  629     744       1
  632     656       1
  633     797       1
  637     771       1
  637     790       1
  638     786       1
  639     747       1
  640     652       1
  641     747       1
  643     668       1
  644     670       1
  644     752       1
  648     696       1
  650     676       1
  651     782       1
  654     732       1
  656     690       1
  656     785       1
  656     786       1
  658     743       1
  661     786       1
  662     767       1
  672     760       1
  674     732       1
  690     727       1
  697     757       1
  705     798       1
  708     753       1
  712     717       1
  712     772       1
  717     761       1
  719     720       1
  732     744       1
  743     779       1
  755     798       1
  762     787       1
