  500     568
    1      94       1
    2     194       1
    2     306       1
    3     147       1
    4      28       1
    4     166       1
    4     457       1
    5      19       1
    5     395       1
    6     244       1
    6     483       1
    7     133       1
    8      77       1
    8      95       1
    8     123       1
    8     180       1
    9     283       1
   10     171       1
   10     409       1
   11     433       1
   12     138       1
   12     276       1
   13     171       1
   14     102       1
   14     184       1
   14     346       1
   14     390       1
   15     114       1
   16     245       1
   16     412       1
   17     237       1
   18     119       1
   18     226       1
   18     360       1
   18     424       1
   18     425       1
   19     155       1
   19     498       1
   20     242       1
   20     279       1
   20     339       1
   21      77       1
   21     237       1
   21     332       1
   22      73       1
   22     237       1
   23     285       1
   23     406       1
   24     139       1
   24     213       1
   24     251       1
   24     422       1
   25     467       1
   26     180       1
   26     233       1
   26     396       1
   27     211       1
   27     239       1
   27     493       1
   28     271       1
   29     148       1
   29     407       1
   29     499       1
   30     113       1
   30     135       1
   30     485       1
   31      59       1
   31     120       1
   31     177       1
   31     369       1
   32     238       1
   32     311       1
   32     322       1
   32     332       1
   32     483       1
   33      59       1
   33     254       1
   33     494       1
   34      88       1
   34     258       1
   35     231       1
   36     451       1
   37     375       1
   37     398       1
   38     142       1
   38     246       1
   38     383       1
   39      85       1
   39     194       1
   40      78       1
   41     205       1
   41     380       1
   42      77       1
   42      89       1
   42     205       1
   42     336       1
   43     319       1
   44     307       1
   45      49       1
   45     106       1
   45     278       1
   45     421       1
   45     495       1
   46     122       1
   47      51       1
   48     107       1
   48     161       1
   49     115       1
   49     214       1
   49     234       1
   50     235       1
   51     314       1
   52     404       1
   52     415       1
   52     431       1
   53      77       1
   53     206       1
   54     111       1
   54     158       1
   54     223       1
   54     352       1
   54     353       1
   55     169       1
   55     212       1
   55     375       1
   56     489       1
   57      98       1
   57     281       1
   58      87       1
   58     223       1
   58     455       1
   59      66       1
   59     106       1
   59     107       1
   59     118       1
   60     136       1
   60     365       1
   60     413       1
   60     414       1
   61     233       1
   62     257       1
   62     407       1
   63      95       1
   63     124       1
   63     318       1
   64      94       1
   64     129       1
   64     308       1
   65     481       1
   66     183       1
   66     222       1
   66     300       1
   66     371       1
   66     436       1
   67     377       1
   68     141       1
   68     143       1
   68     487       1
   69     105       1
   69     306       1
   70     244       1
   71     183       1
   72     279       1
   72     419       1
   74     191       1
   74     239       1
   74     244       1
   74     350       1
   75     196       1
   75     322       1
   76     170       1
   76     286       1
   77     117       1
   77     263       1
   77     334       1
   77     377       1
   77     409       1
   77     499       1
   78     221       1
   78     320       1
   79     259       1
   79     272       1
   79     301       1
   80     146       1
   80     212       1
   81     436       1
   81     451       1
   82     450       1
   83      87       1
   83     286       1
   84     102       1
   85     375       1
   86     114       1
   87     237       1
   87     270       1
   88     386       1
   88     388       1
   89     219       1
   90     433       1
   91     150       1
   92     418       1
   93     235       1
   94     316       1
   95     161       1
   95     203       1
   95     308       1
   95     492       1
   96     310       1
   96     443       1
   97     405       1
   99     208       1
  100     368       1
  101     228       1
  101     359       1
  102     233       1
  102     477       1
  103     442       1
  104     125       1
  104     337       1
  104     419       1
  104     478       1
  105     216       1
  105     233       1
  105     245       1
  105     283       1
  105     321       1
  105     420       1
  107     397       1
  108     413       1
  109     185       1
  109     410       1
  110     496       1
  111     333       1
  111     363       1
  111     439       1
  112     299       1
  112     429       1
  113     284       1
  113     449       1
  114     469       1
  115     353       1
  115     450       1
  116     243       1
  116     320       1
  118     212       1
  120     271       1
  120     338       1
  120     401       1
  121     158       1
  121     304       1
  121     403       1
  122     159       1
  122     179       1
  122     188       1
  122     312       1
  122     390       1
  122     417       1
  125     294       1
  125     309       1
  125     408       1
  126     174       1
  126     231       1
  126     286       1
  127     224       1
  127     478       1
  128     314       1
  129     232       1
  129     277       1
  129     353       1
  129     471       1
  130     399       1
  131     292       1
  132     150       1
  132     362       1
  133     235       1
  134     374       1
  135     440       1
  136     158       1
  136     172       1
  136     267       1
  136     402       1
  136     444       1
  137     213       1
  139     330       1
  139     475       1
  140     248       1
  140     417       1
  141     353       1
  142     390       1
  142     403       1
  142     453       1
  143     215       1
  144     237       1
  145     236       1
  145     293       1
  147     178       1
  147     194       1
  147     319       1
  147     417       1
  147     436       1
  149     271       1
  150     198       1
  150     237       1
  151     230       1
  152     500       1
  153     275       1
  154     167       1
  154     486       1
  155     274       1
  155     290       1
  156     382       1
  156     449       1
  157     185       1
  157     188       1
  157     189       1
  157     199       1
  157     312       1
  158     200       1
  158     442       1
  159     236       1
  159     266       1
  159     383       1
  160     266       1
  161     344       1
  161     388       1
  162     205       1
  162     220       1
  162     400       1
  162     422       1
  163     479       1
  164     188       1
  165     171       1
  165     175       1
  165     237       1
  165     243       1
  165     288       1
  165     355       1
  166     253       1
  166     319       1
  168     488       1
  173     299       1
  173     428       1
  174     218       1
  174     352       1
  175     241       1
  176     312       1
  176     448       1
  179     486       1
  181     273       1
  182     200       1
  182     430       1
  183     207       1
  183     256       1
  183     357       1
  183     470       1
  185     349       1
  186     406       1
  187     342       1
  188     323       1
  189     221       1
  189     341       1
  190     443       1
  191     315       1
  191     364       1
  191     456       1
  191     496       1
  192     214       1
  193     456       1
  194     469       1
  194     480       1
  195     239       1
  197     235       1
  197     432       1
  201     347       1
  201     400       1
  201     474       1
  202     203       1
  202     408       1
  204     324       1
  204     454       1
  205     369       1
  208     278       1
  209     269       1
  209     316       1
  209     328       1
  209     422       1
  210     406       1
  212     472       1
  213     283       1
  215     483       1
  217     371       1
  217     442       1
  222     244       1
  222     285       1
  222     358       1
  222     384       1
  222     417       1
  222     449       1
  222     500       1
  223     248       1
  223     468       1
  224     355       1
  225     398       1
  226     275       1
  227     420       1
  229     420       1
  230     417       1
  230     461       1
  230     464       1
  233     255       1
  233     458       1
  233     479       1
  235     433       1
  235     454       1
  237     307       1
  237     417       1
  238     366       1
  238     416       1
  240     274       1
  240     276       1
  240     312       1
  240     401       1
  240     434       1
  240     435       1
  241     418       1
  244     459       1
  245     314       1
  245     403       1
  245     408       1
  246     256       1
  246     396       1
  247     488       1
  248     332       1
  248     407       1
  249     405       1
  250     408       1
  251     274       1
  251     399       1
  252     319       1
  252     354       1
  252     395       1
  256     281       1
  257     330       1
  257     352       1
  260     286       1
  260     418       1
  261     440       1
  262     320       1
  264     473       1
  265     312       1
  267     359       1
  268     316       1
  270     477       1
  271     312       1
  271     382       1
  272     392       1
  272     434       1
  273     417       1
  274     278       1
  274     289       1
  275     322       1
  275     356       1
  277     333       1
  278     301       1
  278     374       1
  278     381       1
  278     488       1
  280     488       1
  282     454       1
  284     311       1
  284     438       1
  285     442       1
  287     334       1
  289     365       1
  290     460       1
  291     486       1
  292     477       1
  292     497       1
  293     417       1
  294     473       1
  295     443       1
  296     352       1
  297     312       1
  298     327       1
  298     352       1
  299     335       1
  299     355       1
  299     476       1
  300     348       1
  302     377       1
  303     320       1
  305     330       1
  306     351       1
  307     325       1
  307     378       1
  307     441       1
  309     373       1
  309     401       1
  311     313       1
  311     350       1
  311     440       1
  314     385       1
  315     410       1
  315     466       1
  316     343       1
  317     342       1
  317     420       1
  317     427       1
  319     320       1
  319     386       1
  319     479       1
  320     405       1
  321     446       1
  324     423       1
  324     460       1
  326     486       1
  329     344       1
  331     492       1
  337     411       1
  339     442       1
  340     413       1
  345     383       1
  348     353       1
  352     465       1
  361     382       1
  363     491       1
  367     396       1
  368     486       1
  369     490       1
  370     407       1
  372     487       1
  376     456       1
  377     393       1
  379     433       1
  384     454       1
  387     397       1
  388     447       1
  389     499       1
  391     477       1
  393     479       1
  394     495       1
  398     424       1
  399     489       1
  402     408       1
  402     477       1
  403     463       1
  408     426       1
  408     442       1
  409     424       1
  409     488       1
  413     481       1
  417     445       1
  417     462       1
  420     458       1
  425     444       1
  425     494       1
  429     467       1
  431     486       1
  433     484       1
  434     443       1
  437     452       1
  442     461       1
  442     492       1
  450     452       1
  451     485       1
  452     482       1
  453     467       1
  454     487       1
