   50      73
    1       4       1
    1       5       1
    1       9       1
    1      10       1
    1      25       1
    1      38       1
    1      45       1
    2       6       1
    2      40       1
    3       5       1
    3      15       1
    3      32       1
    4      19       1
    5      16       1
    5      17       1
    5      34       1
    7      44       1
    8      10       1
    8      37       1
    8      40       1
    9      13       1
    9      31       1
    9      39       1
    9      46       1
   10      19       1
   10      29       1
   10      33       1
   10      43       1
   11      20       1
   11      48       1
   12      15       1
   12      34       1
   13      23       1
   13      25       1
   14      32       1
   14      40       1
   16      23       1
   16      29       1
   17      22       1
   17      23       1
   17      24       1
   17      28       1
   17      35       1
   17      45       1
   18      28       1
   20      36       1
   20      49       1
   21      29       1
   22      32       1
   23      48       1
   24      28       1
   25      31       1
   25      37       1
   25      42       1
   26      40       1
   26      47       1
   27      34       1
   30      32       1
   30      34       1
   31      34       1
   31      41       1
   31      44       1
   32      38       1
   32      44       1
   33      46       1
   34      40       1
   34      49       1
   36      39       1
   42      46       1
   42      47       1
   43      46       1
   44      48       1
   49      50       1
