  600     674
    1     282       1
    2     104       1
    2     494       1
    3     597       1
    4      73       1
    4      81       1
    5       8       1
    6     210       1
    6     387       1
    7     121       1
    7     487       1
    8     219       1
    8     251       1
    8     436       1
    9     106       1
    9     249       1
    9     298       1
    9     345       1
    9     483       1
   10     536       1
   11     527       1
   12     305       1
   12     323       1
   12     347       1
   12     560       1
   13     425       1
   14     481       1
   15      31       1
   16     128       1
   16     520       1
   17     212       1
   17     474       1
   18     501       1
   19     564       1
   20      65       1
   20     445       1
   21     164       1
   21     300       1
   22     197       1
   22     278       1
   22     464       1
   23     137       1
   23     225       1
   24     326       1
   25     443       1
   25     522       1
   26     386       1
   26     468       1
   26     485       1
   26     510       1
   27     218       1
   27     425       1
   28     130       1
   28     277       1
   28     296       1
   29      60       1
   29     130       1
   30     104       1
   30     421       1
   30     473       1
   31     234       1
   31     397       1
   31     552       1
   32     391       1
   32     407       1
   33     173       1
   33     199       1
   33     217       1
   33     321       1
   33     445       1
   34     306       1
   34     595       1
   35     330       1
   35     522       1
   36     149       1
   37     214       1
   37     471       1
   38     113       1
   38     336       1
   38     403       1
   38     416       1
   38     469       1
   39     193       1
   40     381       1
   40     466       1
   41     160       1
   41     458       1
   42      83       1
   42     361       1
   42     382       1
   42     396       1
   42     475       1
   43     471       1
   43     523       1
   44      79       1
   45     443       1
   46     103       1
   46     192       1
   46     442       1
   46     516       1
   47     204       1
   47     480       1
   47     514       1
   48     134       1
   48     170       1
   49     139       1
   50     569       1
   51      69       1
   51     134       1
   51     139       1
   51     450       1
   52     414       1
   53     303       1
   53     596       1
   54     401       1
   55     218       1
   56     106       1
   56     391       1
   56     470       1
   56     586       1
   57     542       1
   58     226       1
   58     362       1
   59     320       1
   60     198       1
   60     487       1
   61     160       1
   62     514       1
   63     503       1
   64     537       1
   65     409       1
   66      74       1
   66     519       1
   66     520       1
   67     427       1
   68     427       1
   68     446       1
   69     255       1
   70     399       1
   70     449       1
   71     283       1
   71     561       1
   72     116       1
   72     373       1
   72     480       1
   73     181       1
   74     402       1
   75      79       1
   75     106       1
   76     164       1
   77     546       1
   78     542       1
   79      97       1
   79     114       1
   79     118       1
   79     363       1
   79     546       1
   80     320       1
   82     316       1
   83     228       1
   83     254       1
   83     433       1
   83     434       1
   83     565       1
   84     313       1
   84     378       1
   85     177       1
   85     197       1
   85     579       1
   86     232       1
   87     188       1
   87     583       1
   88     378       1
   89     408       1
   90     206       1
   90     318       1
   91     507       1
   92     262       1
   92     478       1
   93     249       1
   94     111       1
   94     240       1
   95     444       1
   96     279       1
   98     189       1
   98     384       1
   98     553       1
   99     477       1
   99     546       1
  100     118       1
  101     476       1
  101     525       1
  102     134       1
  102     212       1
  102     532       1
  102     544       1
  104     169       1
  104     375       1
  105     347       1
  106     504       1
  106     558       1
  107     264       1
  108     151       1
  109     265       1
  110     114       1
  110     550       1
  111     133       1
  111     439       1
  111     597       1
  112     336       1
  112     530       1
  114     201       1
  114     396       1
  115     117       1
  115     574       1
  116     344       1
  116     453       1
  117     208       1
  118     124       1
  119     200       1
  119     460       1
  120     186       1
  120     304       1
  120     342       1
  121     135       1
  121     166       1
  122     195       1
  123     574       1
  125     231       1
  125     390       1
  126     474       1
  127     222       1
  129     180       1
  129     288       1
  129     445       1
  131     229       1
  131     546       1
  132     316       1
  132     558       1
  133     467       1
  133     513       1
  134     138       1
  134     509       1
  134     563       1
  135     373       1
  136     175       1
  136     277       1
  137     296       1
  139     501       1
  139     531       1
  140     307       1
  140     344       1
  141     473       1
  141     561       1
  142     232       1
  143     148       1
  143     375       1
  144     423       1
  144     539       1
  145     210       1
  145     440       1
  146     358       1
  147     252       1
  147     572       1
  148     352       1
  149     166       1
  149     371       1
  149     512       1
  150     410       1
  150     428       1
  151     386       1
  152     230       1
  153     458       1
  154     457       1
  155     179       1
  156     398       1
  157     198       1
  158     198       1
  158     247       1
  158     300       1
  158     356       1
  158     479       1
  159     217       1
  160     440       1
  161     180       1
  161     342       1
  161     564       1
  162     434       1
  163     381       1
  164     277       1
  164     362       1
  164     402       1
  165     304       1
  167     523       1
  168     255       1
  169     429       1
  170     264       1
  170     279       1
  170     293       1
  170     344       1
  170     414       1
  171     206       1
  172     511       1
  173     250       1
  173     503       1
  174     193       1
  174     296       1
  174     459       1
  175     461       1
  176     198       1
  176     223       1
  176     379       1
  176     427       1
  176     534       1
  176     549       1
  178     256       1
  178     347       1
  179     399       1
  181     182       1
  181     267       1
  181     275       1
  181     296       1
  181     440       1
  181     559       1
  183     322       1
  184     478       1
  185     262       1
  185     285       1
  185     483       1
  187     296       1
  188     343       1
  189     307       1
  189     561       1
  190     232       1
  190     233       1
  190     304       1
  191     441       1
  191     518       1
  192     348       1
  192     469       1
  193     213       1
  193     406       1
  194     528       1
  195     546       1
  196     444       1
  198     283       1
  198     347       1
  198     546       1
  199     268       1
  199     308       1
  199     457       1
  199     499       1
  199     515       1
  200     479       1
  201     349       1
  201     556       1
  202     553       1
  203     263       1
  205     225       1
  205     513       1
  206     356       1
  207     291       1
  208     313       1
  208     462       1
  209     590       1
  211     567       1
  211     579       1
  212     243       1
  214     279       1
  214     337       1
  215     347       1
  215     399       1
  215     486       1
  216     368       1
  216     567       1
  217     279       1
  217     378       1
  217     444       1
  217     517       1
  218     276       1
  218     482       1
  220     368       1
  221     353       1
  221     385       1
  221     489       1
  222     254       1
  222     495       1
  224     597       1
  225     413       1
  227     320       1
  227     393       1
  227     466       1
  227     574       1
  230     334       1
  230     367       1
  230     451       1
  231     234       1
  232     530       1
  232     588       1
  233     279       1
  234     276       1
  234     401       1
  235     464       1
  236     283       1
  236     528       1
  237     559       1
  238     458       1
  239     413       1
  241     449       1
  242     498       1
  242     549       1
  243     581       1
  244     304       1
  244     506       1
  245     536       1
  246     252       1
  246     341       1
  246     369       1
  246     542       1
  247     284       1
  247     436       1
  248     490       1
  248     540       1
  253     425       1
  254     472       1
  254     486       1
  254     527       1
  255     296       1
  255     545       1
  256     437       1
  256     478       1
  257     588       1
  258     270       1
  259     430       1
  260     466       1
  260     587       1
  261     377       1
  261     381       1
  263     344       1
  263     408       1
  263     550       1
  264     295       1
  264     405       1
  265     312       1
  265     598       1
  266     271       1
  266     338       1
  266     432       1
  267     418       1
  268     322       1
  269     311       1
  269     410       1
  270     328       1
  270     403       1
  271     319       1
  272     527       1
  273     559       1
  274     373       1
  276     304       1
  276     347       1
  276     481       1
  279     307       1
  279     335       1
  279     448       1
  280     414       1
  280     458       1
  281     507       1
  281     570       1
  281     590       1
  282     333       1
  283     336       1
  283     353       1
  283     478       1
  283     569       1
  284     360       1
  286     590       1
  287     473       1
  289     315       1
  290     450       1
  290     498       1
  291     463       1
  291     501       1
  292     499       1
  293     296       1
  293     347       1
  293     371       1
  293     518       1
  293     562       1
  294     481       1
  295     324       1
  295     365       1
  296     374       1
  296     473       1
  296     521       1
  296     579       1
  296     590       1
  297     478       1
  299     414       1
  300     331       1
  301     340       1
  302     549       1
  303     483       1
  306     447       1
  307     332       1
  307     374       1
  307     473       1
  309     331       1
  309     473       1
  310     346       1
  310     457       1
  311     388       1
  311     404       1
  311     574       1
  314     386       1
  314     540       1
  315     463       1
  316     327       1
  316     338       1
  317     535       1
  323     371       1
  323     438       1
  323     557       1
  325     413       1
  325     504       1
  326     376       1
  326     380       1
  329     510       1
  330     577       1
  333     340       1
  333     479       1
  335     442       1
  336     395       1
  336     523       1
  338     442       1
  338     514       1
  339     546       1
  342     426       1
  343     382       1
  344     474       1
  345     473       1
  345     478       1
  346     448       1
  347     423       1
  347     503       1
  348     356       1
  350     512       1
  350     538       1
  351     375       1
  351     504       1
  354     459       1
  354     505       1
  355     470       1
  357     367       1
  358     387       1
  359     383       1
  359     414       1
  361     491       1
  363     469       1
  363     591       1
  364     523       1
  365     455       1
  366     406       1
  368     386       1
  369     555       1
  370     428       1
  371     558       1
  372     474       1
  373     568       1
  373     592       1
  374     428       1
  375     461       1
  378     484       1
  379     413       1
  380     472       1
  381     386       1
  381     435       1
  381     443       1
  381     542       1
  382     556       1
  383     536       1
  386     431       1
  386     524       1
  387     597       1
  389     422       1
  389     451       1
  390     585       1
  390     598       1
  391     417       1
  391     481       1
  391     535       1
  392     546       1
  394     580       1
  397     515       1
  398     498       1
  399     497       1
  399     556       1
  400     456       1
  403     411       1
  407     531       1
  411     470       1
  412     440       1
  413     428       1
  414     465       1
  414     597       1
  415     581       1
  418     494       1
  418     589       1
  419     537       1
  420     438       1
  420     510       1
  420     553       1
  424     488       1
  426     591       1
  430     491       1
  434     547       1
  439     541       1
  440     537       1
  443     462       1
  443     473       1
  445     493       1
  446     594       1
  447     559       1
  450     525       1
  451     454       1
  451     560       1
  451     582       1
  452     591       1
  453     573       1
  456     521       1
  459     571       1
  462     529       1
  462     576       1
  463     504       1
  469     488       1
  470     525       1
  474     600       1
  479     544       1
  479     548       1
  483     595       1
  486     533       1
  486     558       1
  492     558       1
  492     583       1
  494     585       1
  496     521       1
  499     586       1
  500     504       1
  502     574       1
  508     511       1
  511     571       1
  512     554       1
  512     594       1
  515     580       1
  516     573       1
  518     526       1
  520     591       1
  522     599       1
  527     587       1
  531     566       1
  533     573       1
  543     556       1
  547     571       1
  547     584       1
  551     561       1
  553     575       1
  556     564       1
  560     574       1
  562     578       1
  563     583       1
  566     598       1
  573     590       1
  577     579       1
  588     592       1
  589     593       1
