   50      73
    1       5       1
    1      10       1
    1      44       1
    2       7       1
    2      30       1
    3       4       1
    3      28       1
    4      20       1
    4      50       1
    5      10       1
    5      19       1
    6       9       1
    6      43       1
    7      15       1
    7      30       1
    7      36       1
    7      41       1
    7      50       1
    8       9       1
    8      16       1
    8      22       1
    8      30       1
    9      34       1
    9      35       1
    9      37       1
    9      50       1
   11      15       1
   11      42       1
   12      16       1
   12      24       1
   12      37       1
   13      26       1
   13      28       1
   14      41       1
   15      31       1
   16      28       1
   17      19       1
   17      22       1
   17      40       1
   18      27       1
   18      45       1
   19      29       1
   19      34       1
   19      42       1
   20      37       1
   21      24       1
   21      37       1
   21      46       1
   22      40       1
   23      27       1
   23      31       1
   23      38       1
   24      49       1
   25      38       1
   27      47       1
   29      32       1
   30      35       1
   31      32       1
   31      34       1
   31      45       1
   32      39       1
   32      49       1
   33      34       1
   34      38       1
   35      37       1
   35      48       1
   37      39       1
   37      41       1
   39      48       1
   43      44       1
   45      47       1
   45      48       1
   46      50       1
