  400     459
    1       4       1
    1      25       1
    1      27       1
    1     103       1
    1     126       1
    1     176       1
    1     317       1
    2     302       1
    3      50       1
    3      53       1
    3      64       1
    3     146       1
    4      21       1
    4     164       1
    4     235       1
    4     286       1
    5      89       1
    5     112       1
    5     230       1
    5     390       1
    6     141       1
    6     198       1
    6     202       1
    6     221       1
    6     330       1
    6     353       1
    7      66       1
    8     109       1
    8     269       1
    9      55       1
    9     103       1
    9     260       1
   10     151       1
   11      54       1
   12     170       1
   13     265       1
   13     334       1
   14      75       1
   14     163       1
   14     343       1
   14     351       1
   15      38       1
   15     117       1
   16     177       1
   16     218       1
   17     106       1
   17     116       1
   17     165       1
   17     222       1
   18     380       1
   19      32       1
   19     140       1
   19     263       1
   19     332       1
   20      41       1
   20     178       1
   22     112       1
   22     326       1
   22     391       1
   23      70       1
   23     203       1
   24     111       1
   24     375       1
   25     126       1
   25     174       1
   25     267       1
   25     302       1
   25     309       1
   26     160       1
   27     213       1
   28     280       1
   28     297       1
   28     345       1
   29     158       1
   29     220       1
   30     156       1
   31      38       1
   32     326       1
   33     359       1
   34     164       1
   35     247       1
   35     249       1
   35     302       1
   36      46       1
   36     348       1
   37     109       1
   37     134       1
   37     250       1
   37     296       1
   38     154       1
   38     367       1
   39     133       1
   39     345       1
   40     211       1
   40     306       1
   41     100       1
   41     124       1
   41     364       1
   42     175       1
   42     207       1
   42     217       1
   42     230       1
   42     315       1
   42     371       1
   43     126       1
   44      50       1
   44     151       1
   45      49       1
   45      75       1
   47     361       1
   48     300       1
   50     200       1
   51      71       1
   51     184       1
   52      62       1
   54      75       1
   54     260       1
   54     263       1
   54     379       1
   55     307       1
   56     366       1
   56     397       1
   57     107       1
   57     223       1
   57     317       1
   58     290       1
   58     358       1
   58     369       1
   59     321       1
   59     397       1
   60     160       1
   60     166       1
   60     274       1
   61     133       1
   61     299       1
   62     114       1
   62     171       1
   62     189       1
   62     205       1
   62     306       1
   62     332       1
   63      79       1
   63     159       1
   63     382       1
   64     320       1
   65     249       1
   66     209       1
   67     283       1
   67     301       1
   68     110       1
   68     173       1
   68     365       1
   69     161       1
   70     240       1
   70     354       1
   71     232       1
   71     267       1
   71     344       1
   72     107       1
   72     345       1
   73     398       1
   74      89       1
   75      79       1
   75     183       1
   76     208       1
   77     246       1
   77     352       1
   78     348       1
   79      84       1
   80     176       1
   80     205       1
   80     238       1
   80     259       1
   80     322       1
   81     392       1
   82      86       1
   82     152       1
   82     258       1
   82     335       1
   83     209       1
   83     299       1
   84     275       1
   85     191       1
   86     219       1
   87     100       1
   88     261       1
   88     390       1
   89     151       1
   89     300       1
   89     321       1
   90     198       1
   90     383       1
   91     225       1
   91     351       1
   92     355       1
   93     294       1
   94     208       1
   95     145       1
   96     184       1
   97     362       1
   97     391       1
   98     120       1
   98     136       1
   98     224       1
   98     236       1
   98     260       1
   98     387       1
   99     250       1
  100     125       1
  101     319       1
  102     269       1
  102     342       1
  104     191       1
  104     309       1
  104     325       1
  105     180       1
  105     232       1
  106     210       1
  106     305       1
  107     204       1
  107     366       1
  108     342       1
  109     257       1
  110     150       1
  111     128       1
  111     356       1
  112     152       1
  112     184       1
  112     193       1
  112     339       1
  113     139       1
  113     241       1
  114     222       1
  114     227       1
  115     306       1
  116     119       1
  116     199       1
  116     205       1
  117     266       1
  118     324       1
  118     336       1
  120     314       1
  121     126       1
  122     124       1
  123     260       1
  124     190       1
  125     176       1
  127     263       1
  128     186       1
  129     247       1
  129     266       1
  129     360       1
  130     253       1
  131     361       1
  132     282       1
  133     324       1
  135     303       1
  135     334       1
  135     385       1
  137     366       1
  138     323       1
  138     345       1
  139     157       1
  139     283       1
  139     349       1
  140     309       1
  141     381       1
  142     294       1
  143     387       1
  144     252       1
  144     322       1
  145     247       1
  145     354       1
  146     176       1
  146     208       1
  146     226       1
  147     285       1
  148     201       1
  148     342       1
  148     356       1
  149     243       1
  149     288       1
  149     327       1
  151     285       1
  151     370       1
  153     281       1
  154     267       1
  155     396       1
  156     202       1
  161     342       1
  162     396       1
  163     334       1
  164     312       1
  167     169       1
  167     209       1
  168     326       1
  170     311       1
  172     297       1
  173     188       1
  173     212       1
  173     263       1
  173     321       1
  176     214       1
  176     336       1
  176     363       1
  179     208       1
  180     384       1
  181     195       1
  182     270       1
  183     202       1
  183     266       1
  183     279       1
  183     292       1
  184     264       1
  185     346       1
  185     352       1
  186     262       1
  187     306       1
  188     298       1
  191     366       1
  192     306       1
  193     333       1
  194     203       1
  194     273       1
  195     344       1
  195     383       1
  196     228       1
  197     319       1
  198     278       1
  198     311       1
  199     203       1
  199     218       1
  199     243       1
  199     270       1
  199     287       1
  199     297       1
  199     301       1
  200     216       1
  200     393       1
  202     242       1
  203     283       1
  205     230       1
  205     284       1
  205     291       1
  205     320       1
  205     396       1
  206     366       1
  210     297       1
  213     365       1
  215     234       1
  215     302       1
  215     389       1
  216     332       1
  216     392       1
  217     269       1
  218     255       1
  220     356       1
  220     399       1
  221     291       1
  221     328       1
  221     340       1
  222     272       1
  228     297       1
  229     278       1
  229     311       1
  230     232       1
  230     245       1
  230     263       1
  230     268       1
  230     398       1
  231     242       1
  232     380       1
  233     235       1
  233     265       1
  237     395       1
  238     388       1
  239     296       1
  239     306       1
  240     340       1
  240     378       1
  242     364       1
  243     262       1
  244     373       1
  247     248       1
  248     300       1
  248     366       1
  251     300       1
  253     291       1
  253     299       1
  253     319       1
  254     314       1
  254     343       1
  256     277       1
  259     281       1
  260     296       1
  260     312       1
  260     386       1
  263     359       1
  265     273       1
  265     376       1
  267     329       1
  271     359       1
  274     294       1
  274     392       1
  276     306       1
  277     398       1
  278     348       1
  279     303       1
  279     350       1
  282     332       1
  285     335       1
  289     379       1
  293     352       1
  294     304       1
  295     343       1
  295     367       1
  296     356       1
  297     395       1
  298     359       1
  299     323       1
  300     334       1
  303     373       1
  306     361       1
  307     396       1
  308     315       1
  309     383       1
  310     395       1
  311     318       1
  313     320       1
  315     316       1
  315     348       1
  317     364       1
  317     394       1
  319     331       1
  319     352       1
  320     342       1
  325     371       1
  325     384       1
  328     377       1
  334     347       1
  334     368       1
  335     361       1
  337     356       1
  338     348       1
  339     355       1
  340     341       1
  342     375       1
  345     357       1
  347     354       1
  348     369       1
  348     400       1
  349     374       1
  349     375       1
  360     366       1
  362     370       1
  362     371       1
  366     393       1
  370     373       1
  372     390       1
