  200     244
    1      23       1
    1     105       1
    1     185       1
    2      14       1
    3      26       1
    4      16       1
    4      41       1
    4     164       1
    5     170       1
    5     190       1
    6     131       1
    6     134       1
    6     142       1
    6     143       1
    6     163       1
    6     166       1
    6     183       1
    6     193       1
    7      21       1
    7      40       1
    7     102       1
    8      70       1
    8      86       1
    8      91       1
    9     142       1
    9     196       1
   10     104       1
   10     106       1
   10     164       1
   11      23       1
   11      26       1
   12     151       1
   12     164       1
   13     106       1
   13     136       1
   13     180       1
   14      15       1
   15     146       1
   16      17       1
   16      57       1
   17      46       1
   17      72       1
   17      86       1
   17     186       1
   18     141       1
   19      42       1
   19     157       1
   20      68       1
   20      91       1
   20     198       1
   21      43       1
   21      75       1
   22     115       1
   22     141       1
   23      35       1
   23     145       1
   23     168       1
   24      52       1
   24      67       1
   25     180       1
   26      28       1
   26     124       1
   27     104       1
   27     176       1
   28      71       1
   28      94       1
   28     183       1
   29      82       1
   30      87       1
   31     135       1
   32      76       1
   32     107       1
   32     144       1
   32     165       1
   33     106       1
   33     196       1
   34     146       1
   34     165       1
   34     191       1
   35      66       1
   35      98       1
   36     156       1
   36     157       1
   36     160       1
   36     194       1
   37      54       1
   37     126       1
   37     130       1
   38     107       1
   39      52       1
   40     106       1
   42      93       1
   43     179       1
   44     145       1
   45     126       1
   46      74       1
   46     178       1
   47      52       1
   47     154       1
   48      76       1
   48      84       1
   49     133       1
   50     110       1
   51      69       1
   52     120       1
   52     173       1
   52     184       1
   53     191       1
   54     152       1
   55      66       1
   55     131       1
   55     187       1
   56     112       1
   57     148       1
   57     169       1
   58     153       1
   58     163       1
   58     200       1
   59      61       1
   59      86       1
   59     121       1
   60      67       1
   60      81       1
   61      82       1
   61     127       1
   62      72       1
   62      90       1
   62     158       1
   63      93       1
   63     143       1
   63     150       1
   64     119       1
   64     146       1
   65      79       1
   66      77       1
   66     147       1
   67      86       1
   67     153       1
   69     168       1
   69     192       1
   70     141       1
   71     121       1
   72     122       1
   72     176       1
   73     131       1
   74     132       1
   74     168       1
   75      88       1
   75      93       1
   75     175       1
   77      99       1
   78      96       1
   79      87       1
   80      95       1
   80     171       1
   83     106       1
   84     135       1
   85     151       1
   87     135       1
   87     146       1
   89     192       1
   90     118       1
   91     110       1
   92     132       1
   93     182       1
   93     197       1
   93     198       1
   94     168       1
   94     186       1
   95     132       1
   95     184       1
   96     162       1
   96     185       1
   97     125       1
   97     168       1
   98     129       1
   98     138       1
   98     198       1
   99     199       1
  100     180       1
  101     177       1
  103     163       1
  104     149       1
  106     112       1
  106     148       1
  107     110       1
  108     122       1
  108     179       1
  109     163       1
  109     173       1
  111     186       1
  112     113       1
  112     169       1
  112     196       1
  114     154       1
  115     149       1
  115     159       1
  116     123       1
  117     132       1
  119     131       1
  120     146       1
  120     190       1
  121     161       1
  122     123       1
  123     182       1
  126     132       1
  128     184       1
  130     157       1
  131     181       1
  132     155       1
  133     150       1
  133     151       1
  135     177       1
  136     156       1
  137     169       1
  139     173       1
  139     186       1
  140     189       1
  140     198       1
  146     177       1
  148     182       1
  149     195       1
  151     173       1
  152     173       1
  155     198       1
  159     182       1
  159     191       1
  166     179       1
  166     186       1
  167     176       1
  168     182       1
  169     170       1
  169     186       1
  169     188       1
  171     173       1
  171     185       1
  171     186       1
  172     173       1
  174     182       1
  174     183       1
  177     194       1
  178     186       1
  178     194       1
  194     196       1
