  600     674
    1     314       1
    1     438       1
    2      51       1
    3     413       1
    4     369       1
    5     440       1
    5     541       1
    6     181       1
    6     255       1
    6     316       1
    6     478       1
    7     177       1
    8      45       1
    8     384       1
    9     263       1
   10     129       1
   10     153       1
   10     170       1
   10     181       1
   10     495       1
   10     562       1
   11     256       1
   12     417       1
   12     552       1
   13     538       1
   14     437       1
   15      68       1
   15     136       1
   15     256       1
   16      59       1
   16     129       1
   16     349       1
   17     417       1
   17     448       1
   18     164       1
   18     243       1
   19     253       1
   19     256       1
   20     246       1
   20     399       1
   20     512       1
   21     302       1
   21     303       1
   22     246       1
   22     383       1
   22     392       1
   22     503       1
   23     196       1
   23     269       1
   24     124       1
   24     469       1
   25     378       1
   25     569       1
   26     165       1
   26     234       1
   26     395       1
   26     596       1
   27      32       1
   27     551       1
   28     119       1
   29     104       1
   29     268       1
   29     275       1
   30     133       1
   30     149       1
   30     310       1
   30     584       1
   30     590       1
   31     212       1
   32     325       1
   32     328       1
   32     376       1
   32     385       1
   32     445       1
   33     234       1
   34     385       1
   35     562       1
   36     413       1
   36     600       1
   37     164       1
   38     511       1
   39     311       1
   39     429       1
   40     224       1
   41     484       1
   42     131       1
   42     511       1
   43     198       1
   44     306       1
   44     487       1
   45     317       1
   45     492       1
   46     489       1
   47      99       1
   47     428       1
   48     168       1
   48     321       1
   49     495       1
   49     562       1
   50     552       1
   51     289       1
   51     436       1
   52     113       1
   52     277       1
   53     196       1
   54     166       1
   54     336       1
   54     588       1
   55     211       1
   56     140       1
   57     106       1
   57     107       1
   57     119       1
   58     238       1
   59     444       1
   60     323       1
   60     535       1
   61     118       1
   61     447       1
   62     557       1
   63     225       1
   63     437       1
   63     469       1
   64     456       1
   65     108       1
   66      83       1
   67     199       1
   68     147       1
   68     597       1
   69     345       1
   70     251       1
   71     197       1
   71     214       1
   71     569       1
   72     266       1
   73      95       1
   73     260       1
   74     334       1
   75     295       1
   75     395       1
   76     113       1
   77     252       1
   77     288       1
   77     485       1
   78     129       1
   79     569       1
   80     233       1
   81     256       1
   81     544       1
   82     233       1
   82     432       1
   83     133       1
   83     226       1
   83     428       1
   84     395       1
   85     361       1
   86     508       1
   87     199       1
   88     534       1
   88     563       1
   89     129       1
   89     215       1
   89     492       1
   90     110       1
   90     353       1
   91     444       1
   92     254       1
   93     243       1
   94     270       1
   94     291       1
   95     101       1
   95     201       1
   96     170       1
   97     582       1
   98     130       1
   98     303       1
   98     526       1
   99     138       1
   99     288       1
   99     429       1
   99     557       1
  100     156       1
  100     482       1
  102     466       1
  103     272       1
  103     330       1
  103     425       1
  104     242       1
  104     332       1
  105     442       1
  107     145       1
  107     286       1
  107     288       1
  107     580       1
  108     297       1
  108     398       1
  108     515       1
  109     228       1
  109     398       1
  110     290       1
  110     502       1
  111     135       1
  111     159       1
  111     443       1
  112     127       1
  113     177       1
  113     463       1
  113     533       1
  114     388       1
  115     301       1
  115     351       1
  116     240       1
  116     534       1
  117     173       1
  119     278       1
  120     391       1
  121     260       1
  121     537       1
  122     583       1
  123     236       1
  123     578       1
  125     513       1
  126     196       1
  126     203       1
  126     536       1
  127     258       1
  128     283       1
  129     555       1
  130     369       1
  132     146       1
  132     350       1
  132     358       1
  132     591       1
  133     367       1
  133     395       1
  133     588       1
  134     415       1
  134     461       1
  135     251       1
  135     582       1
  137     188       1
  137     202       1
  138     342       1
  138     458       1
  139     536       1
  140     443       1
  141     174       1
  141     381       1
  142     143       1
  142     595       1
  143     467       1
  143     574       1
  144     386       1
  146     424       1
  147     372       1
  147     520       1
  148     410       1
  148     514       1
  148     597       1
  150     439       1
  151     265       1
  152     232       1
  152     294       1
  152     468       1
  152     550       1
  153     594       1
  154     326       1
  154     524       1
  155     272       1
  155     283       1
  155     519       1
  156     186       1
  157     295       1
  157     308       1
  158     397       1
  158     584       1
  159     198       1
  159     260       1
  159     539       1
  160     447       1
  160     522       1
  160     579       1
  161     337       1
  161     406       1
  162     189       1
  162     271       1
  162     482       1
  162     499       1
  162     569       1
  163     527       1
  164     342       1
  165     212       1
  165     237       1
  165     351       1
  165     436       1
  165     581       1
  165     583       1
  167     185       1
  167     364       1
  167     493       1
  168     238       1
  168     396       1
  169     471       1
  171     300       1
  171     467       1
  172     395       1
  172     553       1
  172     599       1
  173     484       1
  174     231       1
  174     265       1
  174     352       1
  174     386       1
  174     509       1
  174     511       1
  175     285       1
  176     408       1
  176     442       1
  177     250       1
  177     531       1
  177     577       1
  178     422       1
  178     432       1
  179     385       1
  180     271       1
  182     408       1
  183     470       1
  184     434       1
  185     234       1
  186     527       1
  187     523       1
  188     191       1
  188     287       1
  188     466       1
  190     342       1
  192     203       1
  192     299       1
  193     461       1
  194     204       1
  195     466       1
  196     334       1
  198     262       1
  198     433       1
  199     393       1
  199     471       1
  199     561       1
  200     502       1
  204     434       1
  204     514       1
  205     376       1
  205     456       1
  206     303       1
  207     477       1
  207     492       1
  207     540       1
  208     507       1
  209     235       1
  209     339       1
  209     471       1
  209     472       1
  210     244       1
  210     462       1
  211     528       1
  212     256       1
  212     408       1
  213     550       1
  214     243       1
  214     499       1
  214     565       1
  215     220       1
  215     576       1
  216     244       1
  217     371       1
  218     551       1
  219     436       1
  220     278       1
  220     433       1
  221     428       1
  221     546       1
  222     411       1
  222     510       1
  223     400       1
  224     326       1
  224     569       1
  225     567       1
  227     435       1
  228     541       1
  229     251       1
  230     258       1
  230     429       1
  231     368       1
  231     488       1
  232     395       1
  233     341       1
  233     464       1
  233     580       1
  234     312       1
  234     347       1
  234     483       1
  235     300       1
  236     455       1
  238     442       1
  238     471       1
  238     510       1
  238     563       1
  239     316       1
  239     393       1
  239     568       1
  240     588       1
  241     310       1
  242     484       1
  243     452       1
  244     296       1
  245     400       1
  245     465       1
  246     353       1
  246     554       1
  247     447       1
  247     519       1
  248     352       1
  249     378       1
  250     358       1
  250     374       1
  250     379       1
  252     528       1
  254     511       1
  256     439       1
  257     499       1
  258     429       1
  258     462       1
  259     393       1
  260     430       1
  260     459       1
  260     482       1
  260     555       1
  260     568       1
  261     327       1
  262     592       1
  263     372       1
  264     285       1
  264     302       1
  265     405       1
  266     351       1
  267     306       1
  267     372       1
  268     310       1
  268     459       1
  269     281       1
  271     307       1
  271     369       1
  271     417       1
  271     547       1
  272     586       1
  272     589       1
  273     448       1
  274     326       1
  276     545       1
  277     529       1
  278     521       1
  279     331       1
  280     442       1
  280     485       1
  280     534       1
  280     570       1
  281     308       1
  281     474       1
  281     501       1
  282     354       1
  283     394       1
  283     418       1
  283     431       1
  283     482       1
  283     593       1
  284     307       1
  285     599       1
  288     319       1
  288     556       1
  289     335       1
  289     449       1
  291     568       1
  292     300       1
  292     598       1
  293     308       1
  294     414       1
  296     372       1
  296     374       1
  296     545       1
  297     529       1
  298     576       1
  299     304       1
  300     346       1
  301     383       1
  302     325       1
  303     417       1
  303     490       1
  304     353       1
  305     436       1
  306     583       1
  307     309       1
  307     372       1
  308     318       1
  308     553       1
  311     345       1
  311     360       1
  311     489       1
  313     406       1
  314     569       1
  315     439       1
  316     409       1
  316     475       1
  319     464       1
  319     587       1
  320     584       1
  322     409       1
  324     519       1
  325     416       1
  325     568       1
  327     511       1
  328     354       1
  329     385       1
  330     493       1
  330     508       1
  331     415       1
  331     519       1
  332     395       1
  332     404       1
  332     499       1
  332     531       1
  332     594       1
  333     532       1
  334     460       1
  334     598       1
  337     485       1
  338     470       1
  339     422       1
  339     473       1
  339     549       1
  340     354       1
  341     371       1
  342     454       1
  342     456       1
  342     537       1
  342     584       1
  343     509       1
  344     564       1
  345     471       1
  345     481       1
  347     420       1
  348     361       1
  348     548       1
  348     568       1
  352     457       1
  353     378       1
  353     425       1
  354     499       1
  354     571       1
  355     599       1
  356     455       1
  357     378       1
  357     402       1
  359     459       1
  359     504       1
  359     517       1
  361     423       1
  361     426       1
  362     480       1
  363     466       1
  364     480       1
  365     552       1
  366     403       1
  366     594       1
  369     566       1
  370     502       1
  371     548       1
  372     527       1
  373     442       1
  374     375       1
  374     400       1
  374     433       1
  374     542       1
  375     427       1
  377     405       1
  378     466       1
  379     498       1
  379     507       1
  380     390       1
  382     599       1
  384     451       1
  385     506       1
  385     538       1
  387     442       1
  388     485       1
  389     548       1
  390     435       1
  390     539       1
  391     475       1
  398     499       1
  398     528       1
  398     566       1
  399     519       1
  400     441       1
  401     564       1
  403     543       1
  407     563       1
  408     413       1
  408     421       1
  408     455       1
  408     535       1
  408     569       1
  408     572       1
  410     451       1
  412     492       1
  412     509       1
  419     457       1
  420     525       1
  421     513       1
  428     560       1
  429     482       1
  432     461       1
  432     584       1
  434     559       1
  442     548       1
  445     585       1
  446     561       1
  446     582       1
  450     461       1
  453     585       1
  456     538       1
  457     514       1
  466     573       1
  467     511       1
  468     546       1
  469     515       1
  469     550       1
  470     561       1
  476     515       1
  476     535       1
  479     510       1
  480     495       1
  482     511       1
  482     522       1
  484     541       1
  484     559       1
  486     576       1
  486     584       1
  487     555       1
  491     524       1
  492     514       1
  494     569       1
  495     496       1
  497     550       1
  500     531       1
  502     555       1
  502     557       1
  504     548       1
  505     523       1
  505     536       1
  505     594       1
  507     524       1
  511     564       1
  512     598       1
  516     593       1
  518     594       1
  523     589       1
  525     579       1
  530     598       1
  531     580       1
  532     552       1
  539     542       1
  539     546       1
  550     569       1
  554     566       1
  558     592       1
  575     597       1
