  800     886
    1     693       1
    2     107       1
    2     575       1
    2     690       1
    3      24       1
    3     257       1
    3     610       1
    4     155       1
    5      73       1
    5     607       1
    5     636       1
    6      56       1
    6      83       1
    6     174       1
    6     351       1
    6     432       1
    6     463       1
    6     532       1
    6     541       1
    6     551       1
    7     694       1
    8     684       1
    9      67       1
    9     201       1
   10     397       1
   10     447       1
   10     675       1
   11     267       1
   11     762       1
   12     130       1
   12     139       1
   12     343       1
   12     422       1
   12     547       1
   12     778       1
   13      27       1
   13     616       1
   14     564       1
   14     790       1
   15     183       1
   15     211       1
   15     519       1
   15     530       1
   15     601       1
   16     661       1
   17     581       1
   17     742       1
   18     223       1
   19     612       1
   20      27       1
   20     197       1
   20     571       1
   21     694       1
   22      77       1
   22     162       1
   22     380       1
   22     519       1
   22     738       1
   23     398       1
   24     766       1
   25     124       1
   26     666       1
   26     703       1
   28     662       1
   29      96       1
   29     123       1
   29     381       1
   29     478       1
   29     517       1
   29     529       1
   30     268       1
   31     547       1
   31     563       1
   32     425       1
   32     498       1
   32     574       1
   33     792       1
   34     790       1
   35     337       1
   35     498       1
   36      46       1
   36     266       1
   37     234       1
   38     338       1
   38     473       1
   38     696       1
   38     707       1
   39     101       1
   39     262       1
   40     704       1
   41     235       1
   41     346       1
   42     495       1
   43     729       1
   44     295       1
   45     197       1
   46     239       1
   46     530       1
   47     539       1
   48     761       1
   48     798       1
   49     421       1
   50     723       1
   51     321       1
   51     610       1
   52     600       1
   53     264       1
   53     702       1
   54     587       1
   54     605       1
   55     104       1
   55     295       1
   55     411       1
   55     526       1
   55     565       1
   56     631       1
   57     154       1
   57     205       1
   57     360       1
   58     166       1
   58     405       1
   59     204       1
   59     633       1
   60     323       1
   61     323       1
   62     230       1
   62     567       1
   63     323       1
   64     191       1
   64     599       1
   65      84       1
   65     111       1
   66     153       1
   66     555       1
   66     702       1
   68     357       1
   68     435       1
   68     480       1
   69     364       1
   69     651       1
   70     220       1
   71     363       1
   72     277       1
   72     328       1
   72     337       1
   72     461       1
   72     598       1
   72     610       1
   72     758       1
   73     340       1
   74     749       1
   74     780       1
   75     378       1
   76     721       1
   77     638       1
   77     671       1
   78     277       1
   78     391       1
   79     530       1
   80     490       1
   80     800       1
   81     373       1
   82     147       1
   82     213       1
   82     476       1
   82     495       1
   82     787       1
   83     411       1
   83     519       1
   83     682       1
   83     760       1
   83     765       1
   84     154       1
   84     179       1
   84     199       1
   84     357       1
   84     376       1
   84     542       1
   84     631       1
   84     655       1
   85     576       1
   86     314       1
   87     362       1
   88     179       1
   89     304       1
   90     699       1
   91     690       1
   92     721       1
   93     254       1
   93     630       1
   94     482       1
   94     733       1
   95     230       1
   96     221       1
   96     693       1
   97     213       1
   98     155       1
   98     424       1
   98     640       1
   99     260       1
  100     657       1
  101     685       1
  102     161       1
  102     323       1
  103     352       1
  103     619       1
  103     695       1
  104     207       1
  105     482       1
  106     264       1
  106     682       1
  107     497       1
  108     699       1
  109     670       1
  110     501       1
  111     360       1
  111     401       1
  112     216       1
  112     227       1
  112     367       1
  113     197       1
  113     354       1
  114     120       1
  114     402       1
  115     607       1
  116     402       1
  117     130       1
  117     245       1
  117     465       1
  117     676       1
  118     165       1
  118     308       1
  118     578       1
  118     596       1
  118     792       1
  119     596       1
  121     370       1
  121     642       1
  121     727       1
  122     208       1
  123     589       1
  124     487       1
  124     489       1
  124     686       1
  124     777       1
  125     136       1
  126     271       1
  126     330       1
  126     396       1
  126     785       1
  127     209       1
  127     543       1
  128     152       1
  128     255       1
  128     274       1
  128     439       1
  128     798       1
  129     359       1
  131     561       1
  132     458       1
  133     417       1
  133     667       1
  134     264       1
  134     347       1
  134     402       1
  134     667       1
  135     427       1
  136     647       1
  136     683       1
  137     191       1
  137     393       1
  137     762       1
  138     318       1
  138     321       1
  138     406       1
  138     732       1
  139     211       1
  139     264       1
  139     384       1
  139     483       1
  139     519       1
  139     560       1
  139     646       1
  139     662       1
  140     419       1
  141     253       1
  141     556       1
  142     741       1
  143     188       1
  143     310       1
  143     376       1
  144     406       1
  145     591       1
  146     151       1
  146     685       1
  146     750       1
  147     235       1
  148     287       1
  148     309       1
  148     514       1
  149     166       1
  149     266       1
  150     648       1
  151     159       1
  152     554       1
  153     499       1
  153     738       1
  155     206       1
  155     549       1
  156     558       1
  157     247       1
  157     332       1
  158     504       1
  159     350       1
  160     229       1
  160     259       1
  161     169       1
  161     177       1
  161     199       1
  161     262       1
  162     636       1
  163     190       1
  163     248       1
  163     420       1
  164     408       1
  165     511       1
  166     617       1
  166     620       1
  167     197       1
  167     199       1
  167     561       1
  168     341       1
  168     718       1
  168     795       1
  169     504       1
  170     776       1
  171     732       1
  172     800       1
  173     473       1
  174     189       1
  175     685       1
  175     709       1
  176     245       1
  178     417       1
  178     757       1
  180     227       1
  181     786       1
  182     540       1
  183     731       1
  184     495       1
  184     567       1
  184     752       1
  185     705       1
  186     724       1
  187     372       1
  187     410       1
  187     675       1
  187     707       1
  188     237       1
  188     580       1
  189     315       1
  190     196       1
  190     490       1
  191     328       1
  191     342       1
  192     522       1
  193     372       1
  194     467       1
  194     774       1
  195     546       1
  195     758       1
  197     506       1
  197     786       1
  198     693       1
  199     220       1
  199     283       1
  199     534       1
  200     323       1
  201     532       1
  202     376       1
  203     614       1
  206     522       1
  207     408       1
  208     431       1
  208     433       1
  208     474       1
  209     368       1
  209     605       1
  210     274       1
  210     352       1
  210     477       1
  211     529       1
  211     549       1
  212     381       1
  212     615       1
  212     715       1
  212     763       1
  213     375       1
  214     676       1
  215     432       1
  217     279       1
  218     406       1
  219     281       1
  219     594       1
  220     433       1
  221     479       1
  222     709       1
  223     286       1
  224     501       1
  225     596       1
  226     264       1
  227     496       1
  227     777       1
  228     421       1
  229     279       1
  229     280       1
  231     420       1
  231     718       1
  232     625       1
  233     337       1
  234     421       1
  234     485       1
  234     712       1
  234     765       1
  236     411       1
  238     276       1
  238     414       1
  238     547       1
  238     576       1
  238     635       1
  239     243       1
  239     528       1
  239     628       1
  240     291       1
  241     636       1
  241     780       1
  242     332       1
  243     670       1
  244     696       1
  245     624       1
  245     701       1
  246     362       1
  248     558       1
  248     729       1
  249     644       1
  249     741       1
  250     356       1
  251     698       1
  252     676       1
  253     302       1
  253     546       1
  253     664       1
  254     417       1
  254     570       1
  256     281       1
  256     404       1
  256     669       1
  258     456       1
  258     540       1
  258     596       1
  258     668       1
  259     534       1
  260     792       1
  261     292       1
  261     300       1
  261     605       1
  263     274       1
  263     682       1
  264     278       1
  264     395       1
  264     631       1
  265     606       1
  265     628       1
  266     665       1
  268     347       1
  268     356       1
  268     618       1
  269     615       1
  269     719       1
  270     710       1
  271     389       1
  272     411       1
  272     657       1
  272     728       1
  273     306       1
  274     401       1
  275     385       1
  275     457       1
  275     595       1
  276     586       1
  276     593       1
  277     775       1
  278     622       1
  279     386       1
  279     529       1
  279     648       1
  280     653       1
  280     689       1
  281     309       1
  281     372       1
  281     692       1
  282     484       1
  282     702       1
  284     592       1
  284     694       1
  285     291       1
  285     483       1
  285     708       1
  285     785       1
  286     348       1
  287     660       1
  288     633       1
  289     529       1
  290     334       1
  290     706       1
  290     778       1
  291     583       1
  293     780       1
  294     425       1
  294     596       1
  295     513       1
  296     445       1
  297     666       1
  297     725       1
  297     785       1
  298     651       1
  298     735       1
  299     579       1
  301     754       1
  303     578       1
  303     609       1
  304     399       1
  304     420       1
  304     496       1
  304     621       1
  305     359       1
  305     430       1
  305     661       1
  306     415       1
  306     515       1
  307     585       1
  307     660       1
  311     449       1
  312     419       1
  312     460       1
  312     528       1
  312     587       1
  313     347       1
  314     625       1
  315     336       1
  315     419       1
  315     446       1
  316     720       1
  316     747       1
  317     344       1
  317     785       1
  318     374       1
  318     454       1
  319     614       1
  320     499       1
  322     394       1
  322     658       1
  324     413       1
  325     515       1
  326     450       1
  326     687       1
  327     472       1
  328     789       1
  329     510       1
  331     589       1
  332     596       1
  332     678       1
  333     708       1
  333     713       1
  333     751       1
  333     793       1
  335     583       1
  337     391       1
  337     696       1
  338     764       1
  339     416       1
  341     399       1
  342     672       1
  343     506       1
  345     752       1
  346     412       1
  346     460       1
  347     398       1
  347     493       1
  347     613       1
  347     648       1
  348     567       1
  348     605       1
  348     656       1
  348     683       1
  349     363       1
  349     567       1
  349     721       1
  349     754       1
  351     434       1
  351     448       1
  351     452       1
  353     475       1
  355     365       1
  356     587       1
  357     768       1
  358     777       1
  359     376       1
  359     469       1
  361     725       1
  362     588       1
  362     767       1
  363     434       1
  364     440       1
  365     393       1
  365     440       1
  366     392       1
  366     529       1
  367     659       1
  368     515       1
  368     658       1
  369     725       1
  371     639       1
  372     376       1
  372     556       1
  373     619       1
  374     508       1
  374     612       1
  374     723       1
  376     443       1
  376     669       1
  376     720       1
  377     469       1
  377     768       1
  378     411       1
  379     738       1
  380     612       1
  380     641       1
  381     416       1
  382     479       1
  382     735       1
  383     773       1
  384     568       1
  384     711       1
  385     691       1
  386     610       1
  387     407       1
  388     459       1
  388     767       1
  390     427       1
  391     410       1
  392     797       1
  394     413       1
  395     688       1
  400     495       1
  400     578       1
  402     426       1
  403     639       1
  404     697       1
  405     611       1
  405     739       1
  405     770       1
  406     500       1
  407     569       1
  408     732       1
  409     543       1
  411     553       1
  411     700       1
  411     777       1
  411     786       1
  413     605       1
  413     750       1
  414     486       1
  417     571       1
  417     602       1
  418     710       1
  420     619       1
  420     675       1
  423     456       1
  427     624       1
  428     593       1
  428     638       1
  429     799       1
  432     437       1
  434     782       1
  436     470       1
  436     533       1
  436     591       1
  438     646       1
  439     634       1
  439     693       1
  440     458       1
  441     536       1
  442     742       1
  443     794       1
  444     583       1
  445     466       1
  445     740       1
  449     458       1
  449     519       1
  449     583       1
  450     646       1
  451     613       1
  451     649       1
  453     692       1
  455     634       1
  457     656       1
  457     708       1
  458     670       1
  459     524       1
  460     625       1
  461     538       1
  462     647       1
  463     744       1
  463     781       1
  464     518       1
  466     639       1
  466     771       1
  466     777       1
  467     476       1
  468     599       1
  468     692       1
  471     494       1
  472     631       1
  472     728       1
  474     482       1
  475     659       1
  477     580       1
  481     662       1
  481     730       1
  481     737       1
  482     483       1
  487     520       1
  487     521       1
  488     539       1
  489     722       1
  491     758       1
  492     770       1
  494     560       1
  498     676       1
  500     732       1
  501     502       1
  501     596       1
  501     633       1
  503     554       1
  505     509       1
  505     618       1
  506     674       1
  507     743       1
  510     780       1
  511     628       1
  512     716       1
  513     544       1
  513     696       1
  514     800       1
  516     686       1
  518     572       1
  519     603       1
  519     749       1
  520     614       1
  520     703       1
  522     545       1
  523     527       1
  525     578       1
  525     593       1
  527     661       1
  529     607       1
  529     710       1
  531     602       1
  535     699       1
  535     788       1
  536     646       1
  537     735       1
  539     550       1
  539     552       1
  539     784       1
  542     784       1
  543     627       1
  547     659       1
  547     727       1
  547     756       1
  548     756       1
  549     734       1
  551     591       1
  552     743       1
  554     573       1
  554     718       1
  556     676       1
  557     742       1
  559     560       1
  562     599       1
  564     779       1
  566     736       1
  569     626       1
  569     714       1
  569     727       1
  572     607       1
  574     744       1
  576     780       1
  577     795       1
  578     684       1
  579     651       1
  582     721       1
  584     621       1
  585     708       1
  587     762       1
  587     772       1
  590     634       1
  591     717       1
  592     738       1
  593     731       1
  596     619       1
  596     724       1
  596     788       1
  597     800       1
  600     618       1
  602     797       1
  604     761       1
  605     694       1
  605     732       1
  605     791       1
  605     793       1
  608     719       1
  611     650       1
  612     682       1
  612     759       1
  615     688       1
  616     622       1
  618     632       1
  618     670       1
  619     631       1
  623     654       1
  623     698       1
  625     696       1
  625     726       1
  625     742       1
  627     657       1
  629     780       1
  631     696       1
  631     770       1
  637     663       1
  641     699       1
  643     776       1
  644     744       1
  645     785       1
  651     686       1
  652     762       1
  656     783       1
  656     790       1
  659     683       1
  659     698       1
  659     790       1
  661     679       1
  662     746       1
  663     725       1
  669     716       1
  670     779       1
  670     798       1
  673     758       1
  676     699       1
  677     744       1
  680     790       1
  681     689       1
  683     797       1
  686     698       1
  689     719       1
  690     743       1
  702     745       1
  704     760       1
  705     738       1
  707     753       1
  708     799       1
  710     767       1
  716     800       1
  718     800       1
  723     748       1
  728     754       1
  729     736       1
  729     763       1
  734     737       1
  743     749       1
  755     780       1
  766     796       1
  769     784       1
  771     776       1
  773     780       1
