  600     674
    1      98       1
    1     326       1
    2     238       1
    2     423       1
    3     216       1
    4     420       1
    4     476       1
    5     230       1
    6     175       1
    6     441       1
    6     513       1
    7      15       1
    7     346       1
    8     370       1
    8     458       1
    8     460       1
    9      79       1
    9     334       1
    9     399       1
    9     479       1
    9     547       1
   10     583       1
   11     252       1
   12     101       1
   12     194       1
   12     234       1
   13      92       1
   14     115       1
   14     128       1
   14     253       1
   15     100       1
   15     252       1
   15     253       1
   15     283       1
   16      18       1
   16     291       1
   16     477       1
   17     155       1
   18     484       1
   19     294       1
   19     478       1
   20     219       1
   20     304       1
   20     328       1
   20     463       1
   20     512       1
   21     471       1
   21     547       1
   22      83       1
   22     429       1
   22     464       1
   23      35       1
   23     384       1
   23     593       1
   24     206       1
   24     242       1
   24     478       1
   25     283       1
   25     522       1
   26     298       1
   26     305       1
   26     335       1
   27     100       1
   28     430       1
   29     190       1
   29     220       1
   29     278       1
   29     568       1
   30     516       1
   31      52       1
   31     234       1
   32      67       1
   32      68       1
   32     142       1
   32     333       1
   32     401       1
   32     505       1
   33     476       1
   34     170       1
   34     213       1
   36     244       1
   36     258       1
   37     530       1
   38      84       1
   38     356       1
   38     448       1
   38     511       1
   39     371       1
   40      41       1
   40     106       1
   40     371       1
   42     140       1
   43     203       1
   44      75       1
   44      99       1
   44     290       1
   45     412       1
   45     592       1
   46      80       1
   46     499       1
   47     320       1
   48      94       1
   49     282       1
   49     303       1
   50     487       1
   51     332       1
   53     132       1
   54     108       1
   54     348       1
   55      79       1
   55      94       1
   55     497       1
   55     545       1
   55     583       1
   56     151       1
   57     339       1
   57     561       1
   58     155       1
   58     183       1
   58     212       1
   58     426       1
   59     359       1
   60      93       1
   61     412       1
   62      84       1
   62     114       1
   62     583       1
   63     187       1
   63     568       1
   63     592       1
   64     227       1
   65     350       1
   66     277       1
   66     298       1
   66     327       1
   67     256       1
   67     388       1
   67     600       1
   68     146       1
   68     406       1
   69     427       1
   69     474       1
   69     561       1
   70     239       1
   70     349       1
   71     513       1
   71     565       1
   72     183       1
   72     271       1
   73     412       1
   74      75       1
   75     132       1
   75     308       1
   76     383       1
   77     410       1
   78     338       1
   78     472       1
   79     151       1
   79     444       1
   79     573       1
   79     576       1
   79     596       1
   81     265       1
   81     312       1
   82     118       1
   82     216       1
   83     203       1
   83     246       1
   83     337       1
   83     537       1
   83     555       1
   85     365       1
   85     445       1
   86     376       1
   86     379       1
   87      89       1
   87     128       1
   87     203       1
   87     227       1
   87     461       1
   87     507       1
   87     529       1
   88     594       1
   90     295       1
   91     309       1
   92     152       1
   92     178       1
   92     186       1
   92     216       1
   92     243       1
   92     428       1
   93     182       1
   93     453       1
   93     550       1
   93     575       1
   94     107       1
   95     169       1
   96     189       1
   97     172       1
   97     445       1
   99     364       1
   99     365       1
   99     409       1
  101     583       1
  102     355       1
  103     151       1
  103     295       1
  104     299       1
  104     375       1
  105     144       1
  105     350       1
  107     172       1
  107     552       1
  108     548       1
  109     170       1
  109     488       1
  109     585       1
  109     590       1
  110     273       1
  110     304       1
  111     209       1
  112     298       1
  112     356       1
  113     183       1
  113     246       1
  113     278       1
  113     357       1
  113     428       1
  116     196       1
  116     517       1
  117     129       1
  117     350       1
  118     397       1
  118     426       1
  118     491       1
  119     401       1
  120     158       1
  120     227       1
  120     405       1
  121     176       1
  121     267       1
  121     441       1
  122     414       1
  123     435       1
  124     365       1
  125     418       1
  126     137       1
  126     262       1
  126     402       1
  127     209       1
  129     371       1
  130     149       1
  130     233       1
  131     367       1
  131     529       1
  131     536       1
  132     324       1
  132     467       1
  133     459       1
  133     521       1
  134     214       1
  134     349       1
  135     288       1
  135     391       1
  135     415       1
  136     277       1
  136     454       1
  137     169       1
  137     193       1
  137     209       1
  137     265       1
  137     300       1
  137     359       1
  137     433       1
  137     552       1
  137     564       1
  138     533       1
  139     150       1
  139     469       1
  140     550       1
  141     499       1
  142     242       1
  142     391       1
  142     412       1
  142     500       1
  142     519       1
  143     226       1
  143     422       1
  143     483       1
  145     341       1
  145     490       1
  147     171       1
  148     168       1
  148     373       1
  149     289       1
  149     290       1
  153     230       1
  153     320       1
  153     536       1
  154     203       1
  154     309       1
  156     456       1
  156     494       1
  157     235       1
  157     350       1
  158     184       1
  158     272       1
  159     467       1
  160     170       1
  160     349       1
  161     359       1
  161     410       1
  162     172       1
  163     551       1
  164     483       1
  165     416       1
  166     300       1
  167     222       1
  167     383       1
  167     469       1
  168     258       1
  168     582       1
  168     587       1
  170     180       1
  171     194       1
  172     496       1
  172     506       1
  172     585       1
  173     250       1
  173     323       1
  174     552       1
  174     584       1
  175     368       1
  176     216       1
  177     241       1
  177     417       1
  178     533       1
  179     203       1
  179     424       1
  181     359       1
  181     589       1
  182     255       1
  182     373       1
  182     443       1
  182     449       1
  182     463       1
  183     234       1
  183     389       1
  183     454       1
  183     497       1
  183     514       1
  183     563       1
  185     503       1
  186     208       1
  188     210       1
  189     530       1
  189     575       1
  190     595       1
  191     246       1
  192     208       1
  192     322       1
  192     383       1
  193     548       1
  195     501       1
  196     525       1
  197     363       1
  197     506       1
  198     440       1
  198     499       1
  199     218       1
  200     294       1
  200     299       1
  200     347       1
  201     439       1
  201     499       1
  201     504       1
  202     594       1
  203     560       1
  204     456       1
  205     422       1
  205     427       1
  205     444       1
  206     228       1
  206     404       1
  206     420       1
  206     557       1
  206     598       1
  207     255       1
  209     245       1
  209     457       1
  209     571       1
  210     518       1
  211     292       1
  211     538       1
  215     365       1
  216     418       1
  216     480       1
  217     345       1
  218     565       1
  220     450       1
  220     464       1
  221     232       1
  221     400       1
  223     427       1
  223     509       1
  223     535       1
  224     316       1
  225     535       1
  227     261       1
  227     385       1
  227     414       1
  227     442       1
  227     484       1
  227     559       1
  227     567       1
  228     270       1
  229     427       1
  229     449       1
  230     326       1
  231     332       1
  232     321       1
  234     380       1
  235     524       1
  236     278       1
  236     284       1
  236     383       1
  236     430       1
  236     485       1
  236     566       1
  236     581       1
  237     386       1
  238     274       1
  238     420       1
  240     300       1
  241     345       1
  242     345       1
  242     410       1
  242     490       1
  242     510       1
  243     497       1
  244     318       1
  244     340       1
  246     364       1
  246     534       1
  247     516       1
  248     257       1
  249     350       1
  250     393       1
  250     453       1
  251     284       1
  252     347       1
  252     448       1
  252     516       1
  253     331       1
  253     373       1
  253     458       1
  253     495       1
  254     444       1
  254     586       1
  254     599       1
  255     522       1
  257     339       1
  257     495       1
  257     569       1
  258     259       1
  258     411       1
  258     499       1
  259     524       1
  260     578       1
  262     521       1
  263     467       1
  264     362       1
  264     443       1
  265     370       1
  265     371       1
  265     455       1
  265     484       1
  266     507       1
  268     414       1
  269     332       1
  269     564       1
  271     513       1
  274     432       1
  274     579       1
  275     461       1
  275     510       1
  276     537       1
  278     336       1
  279     379       1
  280     515       1
  281     286       1
  281     292       1
  282     343       1
  282     482       1
  282     585       1
  282     590       1
  283     553       1
  284     294       1
  284     433       1
  284     525       1
  285     497       1
  286     427       1
  287     522       1
  290     352       1
  290     431       1
  291     437       1
  293     513       1
  294     527       1
  295     401       1
  295     508       1
  296     401       1
  297     345       1
  298     383       1
  298     539       1
  299     325       1
  300     315       1
  301     359       1
  302     453       1
  304     563       1
  305     588       1
  306     586       1
  307     572       1
  309     353       1
  310     349       1
  311     544       1
  311     568       1
  311     587       1
  312     542       1
  313     581       1
  314     398       1
  314     554       1
  314     586       1
  316     499       1
  316     593       1
  317     377       1
  318     342       1
  319     365       1
  320     413       1
  320     425       1
  320     518       1
  321     549       1
  324     499       1
  325     371       1
  326     358       1
  326     489       1
  329     499       1
  330     567       1
  331     465       1
  333     511       1
  336     466       1
  338     355       1
  338     414       1
  341     432       1
  341     514       1
  342     596       1
  344     460       1
  345     373       1
  346     366       1
  348     381       1
  348     593       1
  349     596       1
  350     389       1
  351     514       1
  353     562       1
  354     410       1
  354     498       1
  354     588       1
  357     550       1
  358     369       1
  360     514       1
  361     379       1
  361     539       1
  366     510       1
  371     442       1
  372     566       1
  373     497       1
  373     501       1
  374     386       1
  374     576       1
  376     442       1
  377     397       1
  378     573       1
  378     597       1
  381     428       1
  381     561       1
  382     564       1
  385     462       1
  387     391       1
  390     403       1
  390     520       1
  391     447       1
  391     515       1
  391     535       1
  392     416       1
  393     503       1
  394     399       1
  395     556       1
  396     472       1
  396     581       1
  398     451       1
  400     585       1
  403     487       1
  403     561       1
  407     496       1
  408     594       1
  408     596       1
  410     502       1
  414     528       1
  416     499       1
  419     530       1
  421     540       1
  423     585       1
  434     448       1
  434     558       1
  435     455       1
  435     476       1
  436     525       1
  438     538       1
  440     492       1
  440     549       1
  442     553       1
  444     468       1
  444     591       1
  446     564       1
  448     553       1
  450     507       1
  451     571       1
  452     499       1
  453     536       1
  453     586       1
  456     573       1
  461     543       1
  463     589       1
  467     551       1
  467     578       1
  468     478       1
  468     484       1
  470     593       1
  471     587       1
  473     489       1
  473     576       1
  475     578       1
  481     513       1
  483     525       1
  484     499       1
  484     540       1
  486     568       1
  487     532       1
  487     572       1
  488     523       1
  493     600       1
  495     570       1
  497     499       1
  497     561       1
  499     530       1
  503     575       1
  511     542       1
  513     521       1
  513     549       1
  514     526       1
  514     544       1
  514     585       1
  524     572       1
  527     539       1
  531     550       1
  541     563       1
  541     583       1
  546     596       1
  549     568       1
  552     580       1
  556     593       1
  561     598       1
  574     576       1
  576     577       1
