  800     886
    1     103       1
    1     263       1
    1     406       1
    1     578       1
    1     681       1
    2      66       1
    3     542       1
    4     671       1
    5      83       1
    6      11       1
    6     258       1
    7     280       1
    8     438       1
    8     460       1
    9     129       1
    9     423       1
    9     549       1
   10     157       1
   12     297       1
   12     376       1
   13     180       1
   13     338       1
   13     544       1
   14     124       1
   14     704       1
   15     618       1
   15     661       1
   16     137       1
   16     189       1
   16     263       1
   16     464       1
   16     499       1
   16     541       1
   16     592       1
   16     678       1
   16     682       1
   16     703       1
   16     731       1
   17      79       1
   17     280       1
   17     285       1
   17     419       1
   17     482       1
   17     554       1
   17     714       1
   18     495       1
   19      86       1
   19     593       1
   20     242       1
   21     772       1
   22     162       1
   22     175       1
   22     550       1
   22     563       1
   23     682       1
   24     502       1
   24     795       1
   25     381       1
   26     423       1
   27     260       1
   27     264       1
   28     260       1
   29     493       1
   29     793       1
   30     233       1
   30     263       1
   30     378       1
   30     483       1
   30     670       1
   30     736       1
   30     775       1
   31     608       1
   32     166       1
   32     377       1
   32     534       1
   32     641       1
   32     663       1
   33     272       1
   33     628       1
   34     768       1
   35     250       1
   36     311       1
   36     386       1
   36     419       1
   37     513       1
   38     100       1
   38     273       1
   38     609       1
   38     800       1
   39     221       1
   39     242       1
   39     365       1
   40     718       1
   41     268       1
   41     352       1
   41     568       1
   42     247       1
   43     440       1
   44     787       1
   45      63       1
   45     346       1
   45     405       1
   45     506       1
   45     607       1
   45     780       1
   46     781       1
   47     187       1
   48     105       1
   48     236       1
   48     625       1
   49     157       1
   50      51       1
   50     267       1
   50     334       1
   51     163       1
   52     383       1
   52     472       1
   53     219       1
   53     547       1
   54     164       1
   54     316       1
   55     627       1
   56     759       1
   57     336       1
   58     602       1
   58     707       1
   59     127       1
   59     211       1
   60     133       1
   60     138       1
   60     398       1
   60     408       1
   61     302       1
   62      91       1
   62     283       1
   62     471       1
   63     141       1
   64     689       1
   65     674       1
   66     618       1
   66     625       1
   67     255       1
   67     595       1
   67     691       1
   68     435       1
   68     754       1
   69     130       1
   69     504       1
   70     132       1
   71     389       1
   72     255       1
   73     120       1
   73     293       1
   73     422       1
   73     451       1
   73     798       1
   74     623       1
   75     180       1
   76     117       1
   76     250       1
   76     495       1
   77     199       1
   77     213       1
   77     564       1
   77     703       1
   78     471       1
   78     531       1
   79      96       1
   79     281       1
   79     301       1
   79     472       1
   80     282       1
   80     305       1
   80     587       1
   81      99       1
   81     326       1
   82     141       1
   82     278       1
   82     531       1
   83      88       1
   83     260       1
   83     747       1
   83     754       1
   84     369       1
   84     624       1
   85     476       1
   86     746       1
   87     310       1
   87     596       1
   88      93       1
   88     198       1
   88     333       1
   89     629       1
   90     260       1
   92     303       1
   93     309       1
   93     485       1
   94     554       1
   94     642       1
   95     185       1
   95     461       1
   96     366       1
   97     786       1
   98     251       1
   99     600       1
  101     113       1
  102     466       1
  102     731       1
  103     751       1
  104     334       1
  104     625       1
  104     788       1
  105     409       1
  106     121       1
  106     790       1
  107     373       1
  108     403       1
  109     572       1
  109     655       1
  110     227       1
  110     357       1
  110     442       1
  110     576       1
  110     736       1
  111     638       1
  112     319       1
  113     251       1
  114     249       1
  114     568       1
  115     123       1
  115     228       1
  115     330       1
  115     554       1
  115     606       1
  115     629       1
  115     731       1
  116     369       1
  116     478       1
  116     688       1
  117     195       1
  117     301       1
  117     382       1
  118     611       1
  119     654       1
  120     467       1
  122     590       1
  123     271       1
  123     392       1
  124     447       1
  125     424       1
  125     481       1
  126     643       1
  126     709       1
  127     173       1
  127     176       1
  127     310       1
  127     514       1
  127     600       1
  127     655       1
  128     167       1
  128     246       1
  128     368       1
  128     625       1
  128     640       1
  129     182       1
  129     417       1
  129     561       1
  129     586       1
  130     307       1
  130     498       1
  130     591       1
  130     786       1
  131     413       1
  131     694       1
  132     263       1
  132     443       1
  132     467       1
  132     721       1
  133     235       1
  133     694       1
  134     273       1
  135     307       1
  136     681       1
  137     181       1
  137     184       1
  137     202       1
  137     575       1
  139     289       1
  139     518       1
  139     582       1
  139     608       1
  140     258       1
  141     517       1
  142     347       1
  143     653       1
  143     738       1
  144     669       1
  145     307       1
  145     455       1
  145     567       1
  145     577       1
  145     646       1
  145     763       1
  146     561       1
  147     403       1
  147     793       1
  148     406       1
  149     786       1
  150     537       1
  151     211       1
  151     548       1
  152     573       1
  152     682       1
  153     299       1
  154     403       1
  154     455       1
  155     451       1
  156     662       1
  156     785       1
  157     261       1
  157     510       1
  158     226       1
  158     289       1
  158     760       1
  159     511       1
  159     547       1
  160     354       1
  161     232       1
  161     647       1
  162     273       1
  162     653       1
  165     277       1
  166     299       1
  168     487       1
  169     739       1
  170     658       1
  171     656       1
  171     682       1
  172     241       1
  173     210       1
  173     659       1
  174     195       1
  176     203       1
  176     527       1
  176     537       1
  176     735       1
  176     791       1
  177     354       1
  178     192       1
  178     300       1
  178     419       1
  178     475       1
  178     509       1
  179     195       1
  179     318       1
  179     756       1
  180     416       1
  183     221       1
  185     307       1
  185     513       1
  186     591       1
  187     362       1
  188     363       1
  189     254       1
  190     320       1
  190     656       1
  191     316       1
  192     385       1
  193     285       1
  194     223       1
  195     404       1
  195     531       1
  195     706       1
  196     524       1
  196     646       1
  197     693       1
  199     350       1
  200     517       1
  201     382       1
  201     558       1
  201     747       1
  202     218       1
  202     598       1
  202     685       1
  204     257       1
  204     610       1
  205     779       1
  206     789       1
  207     519       1
  208     664       1
  209     527       1
  212     532       1
  212     746       1
  214     250       1
  215     698       1
  216     302       1
  216     789       1
  217     406       1
  217     727       1
  217     758       1
  217     800       1
  218     351       1
  218     445       1
  218     454       1
  220     555       1
  220     765       1
  222     251       1
  222     546       1
  222     654       1
  223     408       1
  223     522       1
  223     761       1
  224     414       1
  225     731       1
  228     470       1
  229     472       1
  230     485       1
  230     488       1
  231     727       1
  232     557       1
  232     679       1
  234     635       1
  235     365       1
  235     753       1
  237     271       1
  238     374       1
  238     501       1
  238     523       1
  238     569       1
  239     693       1
  240     372       1
  241     336       1
  242     500       1
  242     599       1
  242     614       1
  243     558       1
  244     434       1
  245     374       1
  246     586       1
  247     274       1
  248     450       1
  251     359       1
  251     581       1
  252     726       1
  253     297       1
  253     383       1
  254     576       1
  255     273       1
  256     302       1
  256     327       1
  257     346       1
  257     369       1
  257     510       1
  257     594       1
  258     349       1
  259     310       1
  262     548       1
  262     691       1
  262     722       1
  262     739       1
  264     566       1
  264     622       1
  264     737       1
  265     583       1
  266     371       1
  266     616       1
  266     772       1
  267     426       1
  267     601       1
  268     329       1
  268     480       1
  269     349       1
  270     784       1
  271     324       1
  271     434       1
  271     553       1
  273     545       1
  274     548       1
  274     593       1
  275     394       1
  275     413       1
  276     526       1
  277     328       1
  277     371       1
  277     508       1
  277     513       1
  277     669       1
  279     715       1
  281     405       1
  282     489       1
  282     567       1
  282     650       1
  282     747       1
  283     678       1
  284     653       1
  285     372       1
  285     683       1
  285     771       1
  286     660       1
  287     569       1
  288     334       1
  288     363       1
  288     573       1
  289     326       1
  289     398       1
  290     767       1
  291     369       1
  292     307       1
  292     428       1
  292     538       1
  292     729       1
  293     362       1
  293     396       1
  293     638       1
  293     648       1
  293     764       1
  294     639       1
  295     483       1
  295     560       1
  295     774       1
  296     426       1
  296     760       1
  297     572       1
  297     679       1
  298     655       1
  299     534       1
  299     796       1
  300     791       1
  301     488       1
  302     349       1
  302     714       1
  303     797       1
  304     323       1
  304     572       1
  306     529       1
  308     460       1
  309     666       1
  310     424       1
  310     554       1
  310     614       1
  310     691       1
  310     692       1
  312     338       1
  312     400       1
  312     599       1
  313     396       1
  314     797       1
  315     617       1
  316     348       1
  316     691       1
  316     797       1
  317     614       1
  319     595       1
  319     703       1
  320     567       1
  321     340       1
  322     373       1
  322     377       1
  325     687       1
  327     595       1
  331     787       1
  332     753       1
  334     400       1
  334     475       1
  334     526       1
  334     664       1
  334     731       1
  335     694       1
  336     655       1
  337     452       1
  337     617       1
  339     385       1
  339     678       1
  340     417       1
  340     589       1
  341     733       1
  342     790       1
  343     727       1
  344     507       1
  344     717       1
  345     427       1
  345     490       1
  347     681       1
  349     551       1
  351     433       1
  351     734       1
  352     416       1
  352     581       1
  352     631       1
  353     411       1
  354     787       1
  355     540       1
  356     380       1
  357     387       1
  357     590       1
  358     568       1
  359     510       1
  359     528       1
  360     430       1
  361     784       1
  362     505       1
  362     554       1
  362     704       1
  363     510       1
  363     612       1
  363     770       1
  364     532       1
  367     602       1
  370     473       1
  370     693       1
  370     712       1
  371     375       1
  371     672       1
  374     496       1
  374     635       1
  374     644       1
  375     519       1
  377     421       1
  377     596       1
  377     678       1
  378     636       1
  378     758       1
  379     758       1
  380     425       1
  380     432       1
  380     450       1
  380     738       1
  381     396       1
  384     585       1
  387     521       1
  387     774       1
  388     734       1
  389     672       1
  390     598       1
  391     646       1
  391     747       1
  392     745       1
  393     528       1
  393     733       1
  395     780       1
  396     507       1
  397     768       1
  398     542       1
  399     594       1
  400     784       1
  401     731       1
  402     478       1
  404     623       1
  406     589       1
  407     762       1
  409     536       1
  410     526       1
  411     452       1
  411     629       1
  412     660       1
  412     708       1
  413     526       1
  414     630       1
  414     662       1
  415     628       1
  416     433       1
  416     651       1
  418     573       1
  418     757       1
  419     546       1
  420     760       1
  420     769       1
  421     476       1
  421     533       1
  421     634       1
  421     656       1
  422     462       1
  426     510       1
  426     752       1
  428     511       1
  429     575       1
  430     589       1
  431     703       1
  432     677       1
  436     641       1
  437     795       1
  438     503       1
  438     554       1
  438     689       1
  439     672       1
  440     704       1
  441     658       1
  444     636       1
  445     486       1
  446     714       1
  447     638       1
  448     692       1
  449     703       1
  453     738       1
  454     538       1
  456     682       1
  457     526       1
  457     603       1
  457     725       1
  458     498       1
  459     647       1
  460     512       1
  460     671       1
  460     770       1
  463     688       1
  463     737       1
  465     496       1
  466     565       1
  468     544       1
  469     489       1
  472     719       1
  474     541       1
  475     500       1
  477     731       1
  479     764       1
  482     519       1
  483     574       1
  484     556       1
  485     530       1
  485     681       1
  487     698       1
  487     735       1
  488     687       1
  489     793       1
  490     750       1
  490     787       1
  491     763       1
  492     620       1
  492     694       1
  494     747       1
  496     580       1
  497     629       1
  497     717       1
  497     770       1
  498     738       1
  498     744       1
  502     699       1
  507     697       1
  510     601       1
  513     539       1
  513     675       1
  513     731       1
  513     790       1
  515     784       1
  516     766       1
  517     558       1
  517     611       1
  518     615       1
  520     569       1
  520     679       1
  522     680       1
  525     594       1
  526     608       1
  526     693       1
  529     690       1
  529     778       1
  533     782       1
  535     662       1
  536     662       1
  537     694       1
  537     732       1
  538     709       1
  539     667       1
  540     697       1
  541     782       1
  542     742       1
  543     645       1
  544     741       1
  545     546       1
  547     695       1
  548     713       1
  549     632       1
  550     606       1
  552     674       1
  554     558       1
  554     568       1
  554     572       1
  554     728       1
  554     766       1
  555     641       1
  555     700       1
  556     595       1
  557     659       1
  559     761       1
  560     572       1
  561     712       1
  562     741       1
  566     687       1
  566     690       1
  567     755       1
  570     712       1
  571     664       1
  571     714       1
  575     641       1
  575     726       1
  576     677       1
  579     623       1
  579     744       1
  580     668       1
  583     632       1
  583     715       1
  584     785       1
  585     613       1
  585     674       1
  586     655       1
  586     768       1
  588     795       1
  589     602       1
  589     604       1
  594     676       1
  595     684       1
  596     614       1
  597     636       1
  600     794       1
  605     773       1
  606     701       1
  608     712       1
  608     753       1
  611     776       1
  612     677       1
  618     703       1
  619     709       1
  621     779       1
  625     722       1
  626     793       1
  627     652       1
  627     702       1
  628     641       1
  628     668       1
  632     732       1
  633     795       1
  634     658       1
  635     638       1
  637     734       1
  638     734       1
  638     750       1
  639     685       1
  641     777       1
  645     652       1
  645     750       1
  646     653       1
  646     773       1
  646     781       1
  647     711       1
  648     787       1
  649     763       1
  651     737       1
  652     739       1
  657     672       1
  660     795       1
  662     714       1
  663     762       1
  665     720       1
  667     686       1
  673     682       1
  674     690       1
  674     769       1
  677     718       1
  677     751       1
  681     746       1
  682     710       1
  686     761       1
  690     750       1
  692     716       1
  693     705       1
  695     715       1
  696     793       1
  699     764       1
  703     792       1
  704     708       1
  704     720       1
  708     759       1
  715     783       1
  723     728       1
  724     731       1
  728     783       1
  730     770       1
  735     740       1
  736     795       1
  742     779       1
  743     773       1
  748     767       1
  749     764       1
  753     799       1
  754     772       1
  767     781       1
