  300     353
    1      23       1
    1      58       1
    2      28       1
    2     115       1
    3     142       1
    4      64       1
    4      75       1
    4     148       1
    4     264       1
    4     285       1
    5      13       1
    6     121       1
    6     189       1
    7     270       1
    7     284       1
    8      19       1
    8     179       1
    8     205       1
    9     121       1
    9     207       1
    9     276       1
   10     133       1
   10     153       1
   10     175       1
   11      69       1
   11     199       1
   12      88       1
   13     150       1
   13     217       1
   13     261       1
   14      39       1
   14     133       1
   14     163       1
   14     206       1
   14     261       1
   15     155       1
   15     223       1
   15     277       1
   16     143       1
   17      27       1
   17      31       1
   17      93       1
   18      40       1
   18      43       1
   18      71       1
   19      78       1
   19     204       1
   19     255       1
   19     272       1
   20     173       1
   21     103       1
   21     133       1
   21     198       1
   21     210       1
   22      70       1
   23      34       1
   23      75       1
   24     212       1
   25     185       1
   26     143       1
   26     279       1
   26     287       1
   29      33       1
   30      72       1
   30     298       1
   31     280       1
   32     169       1
   33      65       1
   33     100       1
   33     279       1
   35      57       1
   35     111       1
   35     273       1
   35     287       1
   36     233       1
   37      56       1
   37     141       1
   37     203       1
   37     240       1
   38      39       1
   38      42       1
   38     231       1
   39      57       1
   39     102       1
   39     116       1
   39     146       1
   39     184       1
   39     229       1
   39     233       1
   39     237       1
   39     241       1
   40      96       1
   40      99       1
   40     196       1
   40     208       1
   40     235       1
   40     260       1
   41     149       1
   43     106       1
   44     165       1
   45     139       1
   45     271       1
   45     278       1
   46     119       1
   46     236       1
   47     243       1
   47     246       1
   48      95       1
   48     149       1
   49      57       1
   49     115       1
   49     218       1
   49     246       1
   49     257       1
   50      89       1
   51     139       1
   52     186       1
   52     203       1
   52     265       1
   53     106       1
   53     299       1
   54     172       1
   55     110       1
   55     194       1
   56     173       1
   57     104       1
   57     165       1
   57     170       1
   57     267       1
   58      74       1
   58     228       1
   58     237       1
   59      96       1
   59     259       1
   60      75       1
   60     277       1
   61     160       1
   61     177       1
   61     245       1
   62     271       1
   63     122       1
   63     171       1
   63     173       1
   66     131       1
   66     226       1
   66     261       1
   67     191       1
   67     274       1
   68      91       1
   68     199       1
   69     114       1
   69     162       1
   70     104       1
   71     258       1
   73     200       1
   73     208       1
   74     114       1
   74     151       1
   74     168       1
   74     179       1
   74     195       1
   74     269       1
   75     241       1
   75     274       1
   76     258       1
   77     126       1
   78     173       1
   78     192       1
   79     164       1
   80      84       1
   80     202       1
   81     108       1
   81     117       1
   81     161       1
   81     214       1
   82     190       1
   83     149       1
   83     228       1
   84     248       1
   85     229       1
   85     252       1
   86     144       1
   87     235       1
   88     123       1
   88     177       1
   89     121       1
   89     215       1
   90     100       1
   90     109       1
   90     131       1
   90     145       1
   90     230       1
   92     218       1
   92     245       1
   92     254       1
   93      96       1
   94     177       1
   95     135       1
   95     164       1
   96      97       1
   96     120       1
   96     163       1
   96     185       1
   97     247       1
   97     257       1
   98     237       1
   99     219       1
  101     218       1
  101     239       1
  101     253       1
  102     165       1
  103     165       1
  103     262       1
  105     250       1
  106     292       1
  107     175       1
  108     130       1
  108     133       1
  108     201       1
  110     166       1
  110     288       1
  111     176       1
  111     178       1
  111     212       1
  111     283       1
  112     173       1
  113     180       1
  113     187       1
  115     172       1
  118     162       1
  118     233       1
  118     266       1
  119     269       1
  121     288       1
  121     294       1
  122     127       1
  122     193       1
  123     149       1
  123     240       1
  124     222       1
  124     261       1
  125     173       1
  125     268       1
  126     283       1
  127     168       1
  128     274       1
  129     206       1
  129     211       1
  129     213       1
  130     266       1
  132     182       1
  132     209       1
  133     145       1
  134     231       1
  135     201       1
  135     241       1
  136     168       1
  137     182       1
  137     232       1
  137     240       1
  138     280       1
  139     205       1
  140     214       1
  140     293       1
  142     283       1
  143     258       1
  144     194       1
  145     216       1
  145     249       1
  145     282       1
  147     220       1
  148     250       1
  149     283       1
  151     200       1
  151     267       1
  152     287       1
  154     159       1
  156     168       1
  157     277       1
  157     285       1
  158     281       1
  159     218       1
  160     170       1
  161     186       1
  161     242       1
  161     281       1
  162     272       1
  163     183       1
  163     218       1
  164     228       1
  167     228       1
  168     180       1
  169     177       1
  169     193       1
  169     286       1
  173     241       1
  174     281       1
  175     199       1
  175     263       1
  177     185       1
  178     258       1
  178     289       1
  181     202       1
  184     185       1
  184     291       1
  184     295       1
  185     300       1
  186     235       1
  188     284       1
  190     195       1
  190     230       1
  190     243       1
  192     227       1
  194     257       1
  195     254       1
  197     218       1
  197     224       1
  199     206       1
  202     260       1
  205     243       1
  206     212       1
  207     288       1
  211     221       1
  212     225       1
  215     227       1
  215     256       1
  217     275       1
  218     297       1
  220     275       1
  220     282       1
  221     279       1
  222     287       1
  227     274       1
  233     248       1
  233     271       1
  234     299       1
  237     296       1
  238     298       1
  240     256       1
  240     260       1
  241     262       1
  241     293       1
  244     288       1
  249     260       1
  251     275       1
  253     286       1
  257     299       1
  258     295       1
  261     298       1
  280     297       1
  282     288       1
  284     289       1
  289     290       1
