  700     780
    1     604       1
    1     620       1
    2     210       1
    2     534       1
    3      75       1
    3     292       1
    3     314       1
    3     456       1
    3     464       1
    3     616       1
    4     413       1
    4     614       1
    5      57       1
    6     195       1
    6     334       1
    6     421       1
    6     582       1
    7     647       1
    8     104       1
    8     260       1
    8     395       1
    8     565       1
    8     583       1
    9      73       1
    9     334       1
    9     625       1
    9     655       1
   10     476       1
   11     440       1
   12     559       1
   13     509       1
   14      25       1
   14     255       1
   14     646       1
   15     115       1
   16      73       1
   17     262       1
   17     449       1
   18      42       1
   19     168       1
   19     562       1
   20     421       1
   20     423       1
   21     351       1
   21     468       1
   21     563       1
   21     618       1
   21     669       1
   22      67       1
   23     186       1
   23     422       1
   24     159       1
   24     251       1
   24     615       1
   24     696       1
   25     311       1
   25     377       1
   25     504       1
   25     639       1
   26     602       1
   27     328       1
   28     399       1
   28     478       1
   29     259       1
   29     655       1
   30     149       1
   30     191       1
   30     678       1
   31     184       1
   31     397       1
   32     234       1
   33     586       1
   34     112       1
   35     169       1
   35     170       1
   35     276       1
   35     624       1
   36     638       1
   37     242       1
   38      65       1
   38     577       1
   39     181       1
   39     241       1
   40     353       1
   41     403       1
   41     645       1
   42      58       1
   42     473       1
   42     663       1
   43     257       1
   44     651       1
   45     149       1
   45     487       1
   46     391       1
   46     451       1
   47     545       1
   47     592       1
   47     603       1
   48      84       1
   48     323       1
   48     362       1
   48     569       1
   49     654       1
   50     659       1
   51     652       1
   52     107       1
   52     201       1
   52     243       1
   52     591       1
   52     677       1
   52     694       1
   53     556       1
   54      88       1
   54     628       1
   55     391       1
   56     159       1
   56     446       1
   56     504       1
   56     597       1
   57      73       1
   57     503       1
   57     560       1
   58     509       1
   59     230       1
   59     426       1
   60     253       1
   61     254       1
   61     523       1
   61     597       1
   62      66       1
   62     256       1
   62     541       1
   62     622       1
   63     150       1
   63     634       1
   64     558       1
   65     294       1
   65     388       1
   65     420       1
   66     121       1
   66     361       1
   67     135       1
   67     367       1
   67     413       1
   68     131       1
   69     284       1
   69     444       1
   70     123       1
   70     346       1
   71     198       1
   71     492       1
   72     648       1
   73     246       1
   73     361       1
   74     124       1
   74     455       1
   74     517       1
   75     166       1
   75     463       1
   75     544       1
   76     179       1
   76     186       1
   76     222       1
   76     397       1
   76     426       1
   77     655       1
   78      91       1
   78     161       1
   78     404       1
   78     480       1
   78     696       1
   79     388       1
   80     115       1
   81     579       1
   81     644       1
   82     209       1
   82     653       1
   83     310       1
   85     389       1
   85     540       1
   86     312       1
   87     509       1
   88     368       1
   88     595       1
   88     659       1
   89     343       1
   90     429       1
   92     552       1
   93     690       1
   94     177       1
   95     157       1
   96     681       1
   97     255       1
   98     236       1
   98     494       1
   99     217       1
  100     378       1
  101     544       1
  102     150       1
  102     355       1
  102     612       1
  103     322       1
  103     518       1
  104     249       1
  104     428       1
  105     265       1
  106     285       1
  106     293       1
  106     518       1
  108     583       1
  109     178       1
  110     486       1
  111     139       1
  111     166       1
  111     297       1
  111     339       1
  111     506       1
  112     229       1
  112     491       1
  113     399       1
  113     692       1
  114     159       1
  115     368       1
  116     214       1
  116     514       1
  117     232       1
  118     385       1
  119     209       1
  119     329       1
  120     426       1
  121     261       1
  121     270       1
  121     345       1
  122     271       1
  123     310       1
  123     667       1
  124     420       1
  125     355       1
  125     416       1
  126     460       1
  126     583       1
  127     361       1
  128     142       1
  128     579       1
  129     332       1
  129     627       1
  129     693       1
  130     192       1
  130     493       1
  130     671       1
  131     147       1
  131     200       1
  131     640       1
  132     235       1
  132     260       1
  132     331       1
  133     423       1
  134     485       1
  136     152       1
  137     185       1
  137     361       1
  137     682       1
  138     453       1
  139     156       1
  139     245       1
  140     409       1
  141     314       1
  142     295       1
  143     400       1
  144     283       1
  144     333       1
  144     484       1
  144     657       1
  145     182       1
  145     650       1
  146     558       1
  146     698       1
  148     265       1
  148     269       1
  148     484       1
  148     690       1
  148     700       1
  149     456       1
  150     268       1
  151     376       1
  152     395       1
  152     546       1
  153     165       1
  153     166       1
  154     401       1
  155     650       1
  156     251       1
  157     284       1
  157     309       1
  157     313       1
  157     320       1
  157     516       1
  158     256       1
  158     432       1
  158     474       1
  159     351       1
  159     409       1
  159     567       1
  159     657       1
  160     275       1
  160     636       1
  162     626       1
  163     362       1
  163     397       1
  163     443       1
  164     448       1
  166     178       1
  166     226       1
  166     391       1
  166     420       1
  166     523       1
  166     619       1
  167     281       1
  167     688       1
  168     341       1
  169     225       1
  169     351       1
  169     375       1
  169     500       1
  171     592       1
  172     412       1
  173     266       1
  174     254       1
  174     319       1
  174     575       1
  174     688       1
  175     311       1
  176     623       1
  177     487       1
  177     512       1
  177     687       1
  178     381       1
  179     242       1
  179     467       1
  179     607       1
  180     426       1
  181     663       1
  182     403       1
  183     551       1
  184     391       1
  187     538       1
  187     621       1
  188     313       1
  188     589       1
  189     199       1
  190     405       1
  190     578       1
  191     565       1
  193     509       1
  194     478       1
  195     690       1
  196     311       1
  197     233       1
  197     311       1
  197     654       1
  198     203       1
  198     237       1
  198     305       1
  198     552       1
  199     253       1
  199     510       1
  200     433       1
  202     282       1
  202     629       1
  203     542       1
  204     534       1
  204     675       1
  205     592       1
  206     452       1
  207     524       1
  208     373       1
  209     257       1
  210     302       1
  211     654       1
  212     414       1
  213     312       1
  213     644       1
  214     378       1
  215     523       1
  215     573       1
  216     482       1
  217     623       1
  218     612       1
  219     498       1
  219     689       1
  220     278       1
  220     311       1
  220     338       1
  220     404       1
  220     415       1
  221     284       1
  222     337       1
  222     436       1
  223     351       1
  224     398       1
  226     262       1
  226     399       1
  227     357       1
  227     397       1
  228     387       1
  228     526       1
  229     348       1
  229     679       1
  230     410       1
  230     557       1
  231     502       1
  232     253       1
  234     235       1
  234     263       1
  234     395       1
  235     586       1
  235     700       1
  236     326       1
  236     483       1
  236     568       1
  237     440       1
  237     607       1
  238     624       1
  239     456       1
  240     296       1
  240     621       1
  243     336       1
  243     543       1
  244     520       1
  245     427       1
  245     559       1
  247     312       1
  247     643       1
  248     538       1
  249     298       1
  249     348       1
  249     430       1
  249     502       1
  249     592       1
  250     292       1
  251     300       1
  252     485       1
  252     575       1
  253     269       1
  253     313       1
  253     361       1
  253     645       1
  254     374       1
  254     620       1
  255     351       1
  255     420       1
  255     473       1
  255     655       1
  255     666       1
  256     513       1
  257     356       1
  257     433       1
  257     452       1
  257     508       1
  257     542       1
  257     562       1
  257     654       1
  258     344       1
  258     399       1
  259     652       1
  260     446       1
  260     542       1
  263     470       1
  264     470       1
  264     538       1
  264     584       1
  264     629       1
  266     368       1
  266     414       1
  267     571       1
  267     677       1
  268     519       1
  269     325       1
  269     385       1
  269     633       1
  270     390       1
  271     321       1
  271     334       1
  272     442       1
  272     533       1
  272     563       1
  272     588       1
  273     491       1
  273     557       1
  274     417       1
  275     368       1
  277     654       1
  279     557       1
  280     581       1
  281     455       1
  282     377       1
  283     293       1
  283     478       1
  284     454       1
  285     299       1
  285     324       1
  286     382       1
  287     435       1
  288     513       1
  289     393       1
  289     652       1
  290     343       1
  291     313       1
  291     349       1
  292     326       1
  292     335       1
  292     651       1
  296     473       1
  296     572       1
  297     695       1
  301     482       1
  303     493       1
  304     414       1
  306     562       1
  307     577       1
  308     419       1
  309     339       1
  309     556       1
  309     590       1
  310     314       1
  310     681       1
  311     312       1
  311     343       1
  311     479       1
  312     401       1
  312     485       1
  313     550       1
  313     594       1
  314     663       1
  315     586       1
  316     433       1
  317     351       1
  318     601       1
  320     549       1
  320     664       1
  322     687       1
  323     420       1
  323     486       1
  323     497       1
  323     666       1
  326     522       1
  326     637       1
  327     658       1
  327     673       1
  328     509       1
  330     415       1
  330     463       1
  334     373       1
  334     597       1
  336     599       1
  337     469       1
  337     498       1
  340     385       1
  341     426       1
  342     413       1
  345     692       1
  346     469       1
  347     506       1
  347     573       1
  348     417       1
  348     418       1
  348     496       1
  349     628       1
  350     597       1
  351     417       1
  351     520       1
  351     543       1
  351     600       1
  352     400       1
  352     473       1
  352     631       1
  353     542       1
  354     562       1
  355     543       1
  355     598       1
  357     504       1
  358     556       1
  359     395       1
  359     609       1
  360     424       1
  360     453       1
  360     565       1
  360     693       1
  361     420       1
  361     677       1
  363     663       1
  364     398       1
  365     530       1
  365     538       1
  365     630       1
  366     534       1
  366     699       1
  368     380       1
  368     398       1
  368     417       1
  368     466       1
  368     601       1
  369     478       1
  369     507       1
  369     680       1
  370     456       1
  371     518       1
  371     554       1
  372     551       1
  376     404       1
  377     613       1
  378     666       1
  379     497       1
  382     539       1
  382     657       1
  383     630       1
  384     682       1
  386     465       1
  387     507       1
  387     680       1
  388     447       1
  389     657       1
  392     499       1
  392     533       1
  394     486       1
  396     577       1
  397     628       1
  400     486       1
  402     416       1
  402     445       1
  404     653       1
  406     433       1
  406     585       1
  406     614       1
  407     566       1
  408     606       1
  411     488       1
  411     650       1
  412     437       1
  412     497       1
  413     421       1
  413     623       1
  416     501       1
  417     426       1
  417     433       1
  417     609       1
  419     638       1
  420     566       1
  420     603       1
  425     484       1
  426     534       1
  427     505       1
  429     448       1
  429     630       1
  430     590       1
  431     510       1
  433     501       1
  433     670       1
  433     693       1
  434     664       1
  435     456       1
  437     457       1
  437     548       1
  438     624       1
  439     534       1
  439     574       1
  441     566       1
  448     638       1
  449     674       1
  450     479       1
  450     534       1
  452     602       1
  453     641       1
  453     699       1
  456     649       1
  458     561       1
  459     535       1
  459     665       1
  461     664       1
  462     497       1
  462     525       1
  463     535       1
  464     684       1
  465     497       1
  468     546       1
  469     660       1
  471     683       1
  472     607       1
  473     476       1
  473     511       1
  473     581       1
  473     593       1
  473     608       1
  475     548       1
  477     493       1
  478     495       1
  478     545       1
  481     666       1
  482     537       1
  482     585       1
  483     684       1
  488     638       1
  489     609       1
  490     625       1
  491     661       1
  493     566       1
  496     683       1
  501     652       1
  504     678       1
  505     586       1
  506     515       1
  506     531       1
  506     578       1
  506     642       1
  507     632       1
  507     659       1
  507     668       1
  507     687       1
  508     656       1
  509     658       1
  510     564       1
  510     662       1
  511     527       1
  513     605       1
  516     694       1
  517     587       1
  518     652       1
  519     655       1
  521     556       1
  524     677       1
  526     532       1
  528     645       1
  529     577       1
  530     566       1
  530     579       1
  532     550       1
  532     686       1
  533     536       1
  534     687       1
  538     586       1
  546     648       1
  547     607       1
  548     644       1
  551     563       1
  553     554       1
  555     626       1
  556     673       1
  556     691       1
  557     650       1
  557     677       1
  559     597       1
  561     596       1
  561     699       1
  563     624       1
  564     572       1
  566     591       1
  567     638       1
  570     630       1
  576     698       1
  580     623       1
  582     594       1
  585     607       1
  585     611       1
  588     699       1
  594     676       1
  595     617       1
  597     626       1
  606     635       1
  609     685       1
  610     693       1
  622     658       1
  629     650       1
  633     677       1
  635     693       1
  639     660       1
  647     663       1
  648     687       1
  655     697       1
  663     698       1
  672     697       1
