  800     886
    1     133       1
    1     788       1
    1     793       1
    2      44       1
    3     191       1
    3     501       1
    3     594       1
    4     137       1
    4     292       1
    4     459       1
    5     617       1
    5     692       1
    6     236       1
    7     315       1
    7     351       1
    7     612       1
    7     749       1
    8      83       1
    8      89       1
    8     288       1
    8     397       1
    8     510       1
    8     727       1
    9      91       1
   10     473       1
   10     553       1
   10     703       1
   11     219       1
   11     298       1
   12     246       1
   12     777       1
   13      18       1
   13     412       1
   13     677       1
   14     438       1
   15     163       1
   15     174       1
   15     684       1
   15     711       1
   16     364       1
   16     781       1
   17     241       1
   17     563       1
   18     104       1
   18     171       1
   18     409       1
   18     428       1
   18     442       1
   18     507       1
   18     514       1
   18     534       1
   18     568       1
   18     651       1
   18     708       1
   18     770       1
   18     772       1
   19     165       1
   19     577       1
   20     192       1
   20     764       1
   21      39       1
   21     217       1
   21     227       1
   21     579       1
   22     531       1
   23     121       1
   24      35       1
   25     126       1
   25     201       1
   25     207       1
   25     758       1
   26     305       1
   27     478       1
   28     620       1
   29     478       1
   29     493       1
   30      36       1
   31      98       1
   31     159       1
   31     476       1
   31     496       1
   32     426       1
   32     594       1
   32     669       1
   32     701       1
   33      84       1
   33     789       1
   34     604       1
   35     603       1
   36     284       1
   36     484       1
   37     147       1
   38     617       1
   39     207       1
   39     466       1
   40     154       1
   41      43       1
   41     221       1
   42     644       1
   42     791       1
   43     294       1
   43     479       1
   44      65       1
   44     583       1
   45     277       1
   45     286       1
   45     297       1
   45     309       1
   45     657       1
   45     756       1
   46      69       1
   46     189       1
   47     167       1
   47     444       1
   48     366       1
   49     216       1
   49     323       1
   50     273       1
   50     348       1
   51      62       1
   51     429       1
   51     576       1
   51     792       1
   52     319       1
   52     529       1
   53     149       1
   54     425       1
   55     247       1
   55     575       1
   55     724       1
   56     282       1
   57     438       1
   57     786       1
   58     563       1
   59     213       1
   59     252       1
   59     331       1
   59     512       1
   59     578       1
   59     601       1
   59     678       1
   60     404       1
   60     561       1
   61     252       1
   61     431       1
   63     290       1
   63     438       1
   63     446       1
   63     463       1
   63     567       1
   63     591       1
   64     337       1
   66     344       1
   67     273       1
   68     431       1
   69     356       1
   69     466       1
   69     651       1
   70     106       1
   70     478       1
   71     497       1
   71     652       1
   71     742       1
   72     333       1
   72     397       1
   73     102       1
   73     192       1
   73     568       1
   73     715       1
   73     728       1
   74      75       1
   74     207       1
   74     779       1
   76     208       1
   77     136       1
   78     301       1
   78     324       1
   78     516       1
   79     272       1
   79     375       1
   79     422       1
   79     654       1
   80     133       1
   81     575       1
   82     517       1
   83     116       1
   83     129       1
   83     280       1
   83     787       1
   84     563       1
   85      94       1
   85     505       1
   86     162       1
   87     160       1
   87     175       1
   88     147       1
   88     220       1
   88     751       1
   89     169       1
   89     637       1
   90     184       1
   90     447       1
   90     485       1
   91     191       1
   91     300       1
   91     335       1
   91     442       1
   91     540       1
   91     572       1
   92     489       1
   93     201       1
   94     446       1
   95     167       1
   95     386       1
   96     241       1
   97     218       1
   97     525       1
   98     301       1
   98     794       1
   99     280       1
   99     367       1
   99     621       1
  100     337       1
  101     446       1
  101     566       1
  102     173       1
  102     797       1
  103     188       1
  104     313       1
  104     335       1
  104     438       1
  104     439       1
  104     489       1
  105     424       1
  105     721       1
  106     700       1
  107     279       1
  107     373       1
  107     521       1
  107     559       1
  108     487       1
  108     673       1
  109     405       1
  110     180       1
  110     317       1
  110     342       1
  110     366       1
  110     665       1
  111     160       1
  111     435       1
  111     760       1
  112     609       1
  112     745       1
  113     375       1
  113     462       1
  113     761       1
  114     211       1
  115     375       1
  116     416       1
  116     796       1
  117     768       1
  118     731       1
  119     258       1
  119     345       1
  119     757       1
  120     722       1
  121     299       1
  122     719       1
  123     299       1
  124     622       1
  124     752       1
  125     416       1
  127     411       1
  128     188       1
  128     329       1
  128     417       1
  128     473       1
  128     557       1
  128     652       1
  128     679       1
  129     551       1
  129     589       1
  130     446       1
  130     666       1
  131     669       1
  132     544       1
  133     192       1
  133     528       1
  134     392       1
  134     445       1
  135     376       1
  136     405       1
  137     155       1
  138     403       1
  139     361       1
  140     665       1
  141     293       1
  141     344       1
  142     483       1
  142     494       1
  142     536       1
  143     188       1
  143     381       1
  144     339       1
  145     472       1
  146     243       1
  146     347       1
  146     510       1
  146     676       1
  146     771       1
  147     687       1
  148     183       1
  149     453       1
  150     465       1
  150     700       1
  151     319       1
  151     632       1
  152     327       1
  153     611       1
  153     687       1
  153     763       1
  153     765       1
  154     395       1
  154     707       1
  155     386       1
  155     484       1
  156     582       1
  156     651       1
  156     683       1
  157     679       1
  158     205       1
  158     296       1
  159     473       1
  160     385       1
  160     535       1
  161     192       1
  161     433       1
  162     351       1
  163     182       1
  164     231       1
  164     379       1
  164     499       1
  164     636       1
  165     260       1
  165     267       1
  165     542       1
  165     721       1
  166     281       1
  166     766       1
  167     216       1
  167     273       1
  167     321       1
  167     464       1
  167     714       1
  168     274       1
  168     427       1
  170     380       1
  170     404       1
  170     584       1
  171     253       1
  171     303       1
  171     388       1
  171     492       1
  171     542       1
  171     687       1
  172     665       1
  173     177       1
  173     665       1
  174     678       1
  175     429       1
  176     205       1
  177     427       1
  178     410       1
  179     194       1
  179     691       1
  180     200       1
  180     544       1
  181     222       1
  181     238       1
  181     543       1
  181     654       1
  183     631       1
  183     633       1
  185     585       1
  186     196       1
  187     376       1
  187     560       1
  188     351       1
  190     676       1
  193     689       1
  193     728       1
  194     746       1
  194     765       1
  195     389       1
  195     552       1
  196     492       1
  197     230       1
  197     519       1
  198     224       1
  198     413       1
  199     741       1
  201     667       1
  202     368       1
  203     420       1
  204     368       1
  206     745       1
  207     247       1
  207     353       1
  207     547       1
  207     673       1
  207     707       1
  207     777       1
  208     361       1
  208     638       1
  208     682       1
  209     490       1
  209     551       1
  210     333       1
  211     735       1
  211     757       1
  212     334       1
  213     229       1
  213     276       1
  213     661       1
  214     438       1
  215     724       1
  216     400       1
  216     464       1
  217     289       1
  218     769       1
  220     449       1
  220     645       1
  221     287       1
  221     428       1
  221     530       1
  221     614       1
  223     622       1
  224     428       1
  225     565       1
  225     596       1
  226     327       1
  226     708       1
  228     539       1
  230     673       1
  231     706       1
  232     694       1
  232     699       1
  233     273       1
  233     726       1
  234     259       1
  234     384       1
  234     712       1
  235     614       1
  236     259       1
  236     507       1
  236     681       1
  236     684       1
  237     246       1
  237     396       1
  237     473       1
  237     543       1
  237     626       1
  237     674       1
  238     696       1
  239     698       1
  240     670       1
  241     398       1
  242     356       1
  243     574       1
  244     613       1
  245     271       1
  245     276       1
  245     416       1
  245     419       1
  245     559       1
  247     403       1
  247     454       1
  248     604       1
  249     330       1
  250     513       1
  251     349       1
  251     433       1
  251     492       1
  252     551       1
  252     580       1
  252     639       1
  252     659       1
  252     668       1
  253     340       1
  253     787       1
  254     260       1
  255     616       1
  255     684       1
  256     619       1
  256     658       1
  257     408       1
  257     428       1
  258     516       1
  258     702       1
  259     283       1
  259     387       1
  261     355       1
  261     501       1
  261     526       1
  262     552       1
  263     572       1
  264     443       1
  265     606       1
  265     708       1
  266     483       1
  267     268       1
  268     414       1
  269     285       1
  269     588       1
  269     625       1
  270     555       1
  271     415       1
  271     640       1
  271     710       1
  273     343       1
  273     428       1
  273     461       1
  274     753       1
  275     647       1
  277     361       1
  278     295       1
  278     370       1
  280     399       1
  280     608       1
  281     358       1
  281     432       1
  282     394       1
  282     619       1
  283     371       1
  284     455       1
  285     409       1
  285     485       1
  285     538       1
  286     602       1
  287     623       1
  287     660       1
  288     561       1
  289     552       1
  290     434       1
  290     550       1
  291     457       1
  296     316       1
  296     517       1
  298     563       1
  298     628       1
  299     483       1
  299     500       1
  299     610       1
  299     619       1
  301     529       1
  302     373       1
  302     448       1
  302     768       1
  303     647       1
  304     666       1
  305     603       1
  306     465       1
  307     507       1
  307     509       1
  307     585       1
  308     443       1
  308     782       1
  309     326       1
  310     318       1
  310     484       1
  310     496       1
  311     340       1
  312     423       1
  312     502       1
  312     556       1
  312     625       1
  312     713       1
  314     527       1
  315     493       1
  315     671       1
  317     653       1
  318     420       1
  320     685       1
  322     542       1
  322     684       1
  323     615       1
  323     785       1
  325     659       1
  326     775       1
  327     334       1
  327     657       1
  328     368       1
  328     480       1
  330     540       1
  330     746       1
  331     617       1
  332     419       1
  332     465       1
  332     769       1
  333     583       1
  333     690       1
  334     488       1
  335     372       1
  335     799       1
  336     571       1
  336     771       1
  337     632       1
  337     678       1
  337     777       1
  338     351       1
  338     672       1
  339     472       1
  341     583       1
  344     542       1
  344     740       1
  346     678       1
  347     747       1
  349     647       1
  349     722       1
  350     453       1
  350     776       1
  351     485       1
  351     634       1
  351     663       1
  352     699       1
  352     717       1
  354     551       1
  356     527       1
  357     417       1
  358     662       1
  358     678       1
  359     647       1
  359     731       1
  359     750       1
  360     676       1
  362     660       1
  362     787       1
  363     364       1
  364     507       1
  364     520       1
  365     757       1
  366     443       1
  366     704       1
  368     418       1
  368     425       1
  369     513       1
  370     518       1
  370     687       1
  371     604       1
  374     676       1
  376     791       1
  377     782       1
  378     505       1
  379     595       1
  379     696       1
  382     555       1
  383     633       1
  385     428       1
  385     597       1
  385     620       1
  386     622       1
  387     708       1
  390     751       1
  391     502       1
  392     419       1
  392     635       1
  393     795       1
  394     468       1
  395     411       1
  397     532       1
  401     680       1
  401     697       1
  401     772       1
  402     407       1
  402     416       1
  403     688       1
  405     603       1
  405     618       1
  406     531       1
  409     437       1
  409     570       1
  410     429       1
  411     564       1
  411     591       1
  414     661       1
  415     436       1
  415     734       1
  416     446       1
  416     473       1
  416     480       1
  416     649       1
  416     657       1
  419     651       1
  419     699       1
  420     484       1
  420     783       1
  421     507       1
  423     470       1
  424     498       1
  424     755       1
  427     441       1
  427     643       1
  429     446       1
  429     537       1
  430     607       1
  430     640       1
  431     651       1
  431     676       1
  432     479       1
  434     475       1
  437     728       1
  440     508       1
  440     651       1
  442     592       1
  446     791       1
  449     573       1
  449     762       1
  450     764       1
  451     785       1
  452     614       1
  452     757       1
  453     686       1
  454     698       1
  456     465       1
  457     484       1
  458     459       1
  459     745       1
  460     521       1
  462     471       1
  462     695       1
  463     661       1
  464     613       1
  464     741       1
  466     507       1
  466     665       1
  467     504       1
  467     563       1
  467     645       1
  469     709       1
  470     779       1
  471     590       1
  471     706       1
  472     598       1
  472     707       1
  474     688       1
  477     716       1
  478     787       1
  481     527       1
  481     693       1
  482     719       1
  483     523       1
  484     492       1
  484     505       1
  484     549       1
  485     642       1
  485     772       1
  486     705       1
  486     727       1
  487     569       1
  488     660       1
  491     557       1
  492     556       1
  492     559       1
  492     619       1
  492     648       1
  493     738       1
  495     788       1
  498     611       1
  500     542       1
  503     795       1
  504     627       1
  506     699       1
  507     517       1
  507     563       1
  507     795       1
  509     664       1
  511     787       1
  513     587       1
  513     723       1
  513     765       1
  514     784       1
  515     541       1
  515     556       1
  515     558       1
  516     543       1
  520     651       1
  520     798       1
  521     593       1
  522     548       1
  524     735       1
  528     736       1
  531     563       1
  531     596       1
  532     733       1
  533     610       1
  538     584       1
  539     552       1
  539     559       1
  542     594       1
  542     722       1
  544     792       1
  545     625       1
  546     631       1
  548     722       1
  550     595       1
  550     736       1
  552     752       1
  553     656       1
  554     791       1
  555     620       1
  556     562       1
  558     600       1
  559     624       1
  559     675       1
  560     603       1
  563     757       1
  563     785       1
  567     774       1
  570     740       1
  573     651       1
  577     634       1
  578     600       1
  581     726       1
  582     645       1
  583     631       1
  583     651       1
  583     678       1
  583     729       1
  583     751       1
  586     658       1
  589     603       1
  590     706       1
  590     751       1
  592     754       1
  594     601       1
  596     763       1
  599     639       1
  599     743       1
  600     725       1
  602     753       1
  603     651       1
  605     703       1
  609     716       1
  616     780       1
  617     693       1
  622     639       1
  625     650       1
  629     668       1
  629     755       1
  630     654       1
  631     792       1
  633     790       1
  635     641       1
  644     782       1
  646     775       1
  652     685       1
  652     711       1
  655     700       1
  657     764       1
  660     709       1
  662     800       1
  665     686       1
  668     696       1
  669     720       1
  670     692       1
  681     683       1
  682     778       1
  688     759       1
  693     737       1
  693     772       1
  696     729       1
  710     751       1
  713     744       1
  713     773       1
  716     729       1
  718     751       1
  719     729       1
  723     776       1
  727     732       1
  730     779       1
  734     771       1
  739     778       1
  747     781       1
  748     794       1
  753     767       1
  776     797       1
