  200     244
    1      27       1
    1     181       1
    2      30       1
    2      77       1
    2     182       1
    3      32       1
    3      98       1
    4      65       1
    5     192       1
    6     127       1
    7     124       1
    7     179       1
    8      82       1
    8     150       1
    8     160       1
    9      25       1
    9      38       1
    9     109       1
    9     131       1
    9     189       1
    9     192       1
   10      44       1
   10     119       1
   11      32       1
   11      92       1
   11     122       1
   11     170       1
   12      48       1
   12     156       1
   13     160       1
   14     156       1
   15      35       1
   15      96       1
   15     105       1
   15     127       1
   16     134       1
   16     182       1
   17     106       1
   18      50       1
   18     103       1
   18     182       1
   19     114       1
   20     154       1
   21      54       1
   22     195       1
   23      56       1
   23     148       1
   23     180       1
   24      30       1
   24      40       1
   25      63       1
   25      76       1
   25     194       1
   26     114       1
   26     124       1
   27      44       1
   27      77       1
   28      87       1
   29     108       1
   29     137       1
   31      54       1
   32      81       1
   32     120       1
   33     115       1
   33     186       1
   34     120       1
   34     186       1
   35     152       1
   35     163       1
   36     165       1
   37     186       1
   38     137       1
   38     171       1
   39     100       1
   40     176       1
   41      93       1
   42      83       1
   43      80       1
   44     198       1
   45      54       1
   45     173       1
   46      89       1
   47     171       1
   48      55       1
   49      93       1
   50      64       1
   50      79       1
   50     155       1
   51     128       1
   51     196       1
   52     194       1
   53     116       1
   54     165       1
   54     180       1
   55     112       1
   56     119       1
   56     134       1
   56     200       1
   57     198       1
   58     157       1
   59      67       1
   59     107       1
   60     187       1
   61      63       1
   61     100       1
   61     125       1
   62     145       1
   63     131       1
   64     109       1
   64     140       1
   65     119       1
   65     172       1
   66      87       1
   67     199       1
   68      85       1
   68      94       1
   68     149       1
   68     168       1
   68     180       1
   69      80       1
   70      99       1
   71     133       1
   71     143       1
   72      78       1
   73      93       1
   73     136       1
   74      78       1
   74      93       1
   75     102       1
   75     117       1
   76      91       1
   77     148       1
   78      84       1
   78     102       1
   78     150       1
   79     176       1
   80      98       1
   80     164       1
   82      87       1
   82      94       1
   82     101       1
   82     107       1
   82     158       1
   82     167       1
   82     182       1
   82     197       1
   83     105       1
   83     121       1
   83     125       1
   83     149       1
   83     193       1
   84     141       1
   85     132       1
   85     154       1
   86     170       1
   87     162       1
   88     109       1
   88     174       1
   89     144       1
   89     164       1
   89     179       1
   89     185       1
   89     186       1
   90     119       1
   90     195       1
   91     109       1
   91     119       1
   92     100       1
   92     116       1
   92     130       1
   92     192       1
   93     105       1
   93     154       1
   93     158       1
   95     182       1
   97     132       1
   97     184       1
   99     107       1
  101     174       1
  104     158       1
  104     181       1
  104     185       1
  105     131       1
  105     158       1
  105     195       1
  106     181       1
  106     185       1
  106     193       1
  107     109       1
  107     140       1
  107     183       1
  107     200       1
  108     167       1
  109     126       1
  110     119       1
  111     127       1
  112     147       1
  113     177       1
  114     157       1
  114     170       1
  117     140       1
  118     129       1
  118     190       1
  122     128       1
  122     187       1
  123     193       1
  124     176       1
  126     177       1
  126     183       1
  128     173       1
  129     180       1
  131     153       1
  131     184       1
  131     200       1
  133     142       1
  133     186       1
  135     151       1
  135     169       1
  135     182       1
  135     188       1
  138     179       1
  139     171       1
  143     181       1
  145     197       1
  146     159       1
  146     170       1
  147     178       1
  147     184       1
  154     170       1
  154     186       1
  158     173       1
  158     180       1
  158     198       1
  159     167       1
  161     167       1
  161     189       1
  166     176       1
  169     196       1
  170     186       1
  172     189       1
  173     196       1
  175     189       1
  181     184       1
  191     198       1
