  500     568
    1     150       1
    2     315       1
    3     312       1
    3     387       1
    4     252       1
    5     440       1
    6      12       1
    6     336       1
    7      98       1
    8     300       1
    8     388       1
    8     473       1
    9      53       1
    9     113       1
    9     126       1
    9     215       1
    9     313       1
    9     319       1
    9     333       1
    9     374       1
    9     385       1
   10      39       1
   10      69       1
   10     116       1
   10     340       1
   10     361       1
   10     369       1
   11     337       1
   11     406       1
   11     470       1
   11     496       1
   12      59       1
   12      74       1
   12     420       1
   13     297       1
   14     363       1
   15     390       1
   15     488       1
   16      18       1
   16     112       1
   16     374       1
   16     477       1
   17      89       1
   17      92       1
   17     423       1
   17     437       1
   18     409       1
   19     295       1
   19     321       1
   20     136       1
   20     261       1
   20     376       1
   21     180       1
   21     300       1
   22     240       1
   22     295       1
   22     338       1
   23      89       1
   23     125       1
   23     216       1
   24     161       1
   25     176       1
   25     453       1
   26     218       1
   26     292       1
   26     479       1
   27      52       1
   27      67       1
   27     320       1
   28      91       1
   29     252       1
   29     379       1
   30      63       1
   31     334       1
   32      61       1
   32     155       1
   32     189       1
   32     397       1
   33     145       1
   34     337       1
   35      62       1
   35     208       1
   35     274       1
   36      82       1
   36     119       1
   37     194       1
   38     150       1
   39     409       1
   40     250       1
   41     481       1
   42     142       1
   42     205       1
   43      85       1
   43     458       1
   43     496       1
   44      50       1
   44     225       1
   44     246       1
   45      60       1
   45     301       1
   45     425       1
   46     245       1
   46     367       1
   47     361       1
   47     374       1
   47     429       1
   48     217       1
   48     259       1
   48     323       1
   48     368       1
   48     373       1
   48     391       1
   48     426       1
   48     493       1
   49      90       1
   50     216       1
   51      61       1
   51     270       1
   53     120       1
   53     187       1
   54     210       1
   54     303       1
   54     349       1
   55     193       1
   55     195       1
   55     269       1
   55     284       1
   55     348       1
   56     384       1
   57     150       1
   57     249       1
   57     329       1
   57     357       1
   57     390       1
   57     441       1
   57     451       1
   57     462       1
   58      75       1
   60     355       1
   61     384       1
   62      73       1
   63     103       1
   63     294       1
   63     420       1
   64     164       1
   65     174       1
   65     477       1
   66     125       1
   66     476       1
   67     453       1
   68     389       1
   68     414       1
   69     236       1
   70     109       1
   70     410       1
   70     484       1
   71     132       1
   72     418       1
   72     461       1
   74     198       1
   74     414       1
   75     140       1
   75     276       1
   76     106       1
   76     184       1
   76     430       1
   77     457       1
   78     152       1
   78     181       1
   78     184       1
   79     165       1
   79     283       1
   79     451       1
   80     237       1
   80     395       1
   80     472       1
   81     292       1
   82     367       1
   83     168       1
   84      88       1
   86     397       1
   87     402       1
   88     357       1
   88     420       1
   89     259       1
   89     311       1
   89     345       1
   89     451       1
   90     128       1
   90     299       1
   90     309       1
   90     494       1
   91     259       1
   92     236       1
   93     385       1
   94     225       1
   94     416       1
   95     218       1
   95     444       1
   96     103       1
   97      99       1
   98     292       1
   98     300       1
   98     333       1
   98     424       1
   98     438       1
   98     498       1
   99     350       1
  100     316       1
  101     189       1
  102     257       1
  102     354       1
  102     372       1
  103     174       1
  103     189       1
  103     245       1
  103     248       1
  103     494       1
  104     261       1
  105     121       1
  105     169       1
  105     213       1
  105     321       1
  105     460       1
  106     300       1
  107     368       1
  107     417       1
  108     281       1
  108     375       1
  109     275       1
  109     285       1
  110     233       1
  110     285       1
  110     420       1
  111     288       1
  111     332       1
  111     443       1
  113     314       1
  114     241       1
  114     324       1
  115     499       1
  117     165       1
  117     445       1
  118     174       1
  119     189       1
  119     218       1
  120     194       1
  120     335       1
  121     421       1
  122     374       1
  123     458       1
  124     242       1
  124     283       1
  125     158       1
  127     332       1
  128     255       1
  129     291       1
  129     396       1
  130     243       1
  131     347       1
  131     464       1
  132     315       1
  132     364       1
  132     367       1
  133     265       1
  134     371       1
  134     378       1
  134     379       1
  135     355       1
  135     487       1
  135     497       1
  136     273       1
  136     295       1
  136     329       1
  137     204       1
  137     207       1
  137     320       1
  138     207       1
  138     268       1
  138     498       1
  139     148       1
  140     153       1
  140     373       1
  141     314       1
  142     359       1
  143     144       1
  144     238       1
  144     250       1
  145     205       1
  145     245       1
  145     279       1
  145     423       1
  146     249       1
  146     371       1
  146     470       1
  147     156       1
  148     307       1
  148     313       1
  148     316       1
  148     410       1
  149     150       1
  150     302       1
  151     156       1
  153     196       1
  154     161       1
  155     200       1
  155     461       1
  156     159       1
  156     259       1
  156     375       1
  156     426       1
  157     437       1
  159     340       1
  160     237       1
  161     245       1
  162     197       1
  162     225       1
  163     175       1
  163     425       1
  164     290       1
  164     395       1
  164     399       1
  165     256       1
  165     407       1
  166     470       1
  167     286       1
  168     327       1
  168     461       1
  169     201       1
  170     382       1
  171     320       1
  171     434       1
  172     426       1
  172     486       1
  173     180       1
  173     235       1
  173     320       1
  174     259       1
  174     287       1
  174     291       1
  174     324       1
  174     458       1
  175     420       1
  176     228       1
  176     329       1
  176     446       1
  177     473       1
  178     239       1
  178     471       1
  179     282       1
  179     293       1
  179     344       1
  181     280       1
  182     450       1
  183     483       1
  184     458       1
  185     262       1
  185     278       1
  185     325       1
  185     343       1
  185     499       1
  186     254       1
  187     221       1
  188     273       1
  188     346       1
  190     192       1
  191     401       1
  192     499       1
  193     219       1
  193     377       1
  193     449       1
  195     309       1
  195     357       1
  198     264       1
  198     474       1
  199     499       1
  202     336       1
  202     359       1
  203     365       1
  206     213       1
  207     260       1
  208     326       1
  209     484       1
  210     274       1
  210     436       1
  210     442       1
  211     328       1
  211     346       1
  211     389       1
  212     233       1
  212     493       1
  213     395       1
  213     399       1
  213     483       1
  213     485       1
  214     462       1
  218     422       1
  218     448       1
  219     302       1
  220     324       1
  222     391       1
  222     494       1
  223     302       1
  224     299       1
  225     227       1
  226     344       1
  227     324       1
  227     341       1
  229     283       1
  229     474       1
  230     281       1
  230     381       1
  231     267       1
  232     460       1
  234     408       1
  237     463       1
  238     318       1
  239     319       1
  239     444       1
  240     322       1
  240     469       1
  243     353       1
  244     367       1
  245     252       1
  245     272       1
  245     345       1
  246     411       1
  247     327       1
  247     494       1
  250     260       1
  250     333       1
  250     372       1
  250     395       1
  251     364       1
  252     455       1
  252     469       1
  253     476       1
  254     498       1
  255     420       1
  255     465       1
  258     271       1
  259     333       1
  260     387       1
  260     433       1
  260     468       1
  260     482       1
  262     423       1
  263     409       1
  265     284       1
  266     356       1
  267     361       1
  269     345       1
  269     445       1
  271     419       1
  271     462       1
  272     319       1
  277     346       1
  277     447       1
  277     497       1
  278     458       1
  279     480       1
  281     466       1
  283     383       1
  283     464       1
  284     348       1
  286     408       1
  288     295       1
  289     436       1
  292     404       1
  293     304       1
  293     380       1
  293     395       1
  296     487       1
  297     385       1
  298     370       1
  298     439       1
  299     489       1
  300     363       1
  300     408       1
  302     338       1
  305     346       1
  306     390       1
  308     356       1
  308     402       1
  308     443       1
  308     459       1
  308     475       1
  310     494       1
  311     316       1
  312     352       1
  315     329       1
  315     351       1
  317     461       1
  323     381       1
  324     346       1
  324     405       1
  324     420       1
  324     434       1
  324     440       1
  326     372       1
  330     345       1
  331     374       1
  333     356       1
  333     371       1
  333     393       1
  334     467       1
  334     478       1
  337     415       1
  338     472       1
  339     415       1
  340     457       1
  342     376       1
  344     365       1
  345     386       1
  346     452       1
  350     413       1
  350     478       1
  351     495       1
  352     424       1
  353     483       1
  356     477       1
  358     411       1
  359     458       1
  360     462       1
  360     499       1
  362     398       1
  364     370       1
  365     479       1
  366     420       1
  368     442       1
  368     481       1
  369     431       1
  369     451       1
  371     476       1
  372     484       1
  381     490       1
  382     385       1
  386     403       1
  391     466       1
  392     410       1
  392     456       1
  393     427       1
  394     467       1
  395     400       1
  395     461       1
  395     478       1
  395     500       1
  398     411       1
  401     470       1
  408     459       1
  410     436       1
  412     416       1
  419     442       1
  425     467       1
  428     486       1
  432     483       1
  434     487       1
  435     494       1
  436     471       1
  440     492       1
  441     450       1
  441     454       1
  444     498       1
  447     454       1
  448     466       1
  452     453       1
  454     494       1
  491     494       1
