  600     674
    1     147       1
    1     485       1
    2     595       1
    3     535       1
    4     295       1
    4     447       1
    5     262       1
    5     390       1
    5     483       1
    6     425       1
    7      83       1
    7     362       1
    8     255       1
    8     563       1
    9      18       1
    9     239       1
   10      43       1
   10     194       1
   11     147       1
   12     556       1
   13     356       1
   13     569       1
   14      39       1
   14     599       1
   15     406       1
   15     432       1
   16     250       1
   17     254       1
   17     428       1
   18      61       1
   18     178       1
   18     257       1
   18     368       1
   18     400       1
   18     535       1
   18     536       1
   19     377       1
   20     113       1
   20     340       1
   20     581       1
   21     223       1
   22     567       1
   23     170       1
   23     437       1
   23     552       1
   24      35       1
   24     343       1
   25     184       1
   25     475       1
   26     428       1
   26     504       1
   27      78       1
   28     391       1
   29     242       1
   29     503       1
   30      45       1
   30     275       1
   31     112       1
   31     203       1
   31     215       1
   31     242       1
   31     284       1
   31     383       1
   31     520       1
   32     521       1
   33     388       1
   34     307       1
   34     479       1
   34     495       1
   35     276       1
   35     357       1
   36     161       1
   36     338       1
   36     591       1
   37     111       1
   38      41       1
   38     370       1
   39     142       1
   39     180       1
   39     338       1
   39     372       1
   39     455       1
   39     526       1
   40     600       1
   41     158       1
   41     222       1
   41     279       1
   41     338       1
   42     277       1
   42     329       1
   42     371       1
   42     393       1
   42     501       1
   43     519       1
   43     554       1
   43     590       1
   44     488       1
   44     541       1
   45     179       1
   45     373       1
   45     382       1
   45     449       1
   45     530       1
   45     571       1
   45     597       1
   46     487       1
   47     163       1
   48     154       1
   48     200       1
   48     249       1
   48     407       1
   48     571       1
   49     383       1
   50     148       1
   51     131       1
   51     142       1
   51     274       1
   51     429       1
   51     579       1
   52     437       1
   52     454       1
   53     197       1
   53     343       1
   54     181       1
   55      58       1
   56     365       1
   57     457       1
   57     551       1
   58     124       1
   58     564       1
   59     277       1
   59     451       1
   60     114       1
   60     127       1
   60     159       1
   60     215       1
   60     583       1
   61     132       1
   61     148       1
   61     179       1
   61     215       1
   61     438       1
   61     481       1
   61     492       1
   61     569       1
   62      66       1
   62     442       1
   62     545       1
   63     208       1
   63     369       1
   64     117       1
   64     459       1
   65     264       1
   65     328       1
   65     331       1
   66     265       1
   66     413       1
   67     449       1
   67     453       1
   68     123       1
   69      98       1
   69     429       1
   70      88       1
   70     138       1
   70     470       1
   71     310       1
   71     422       1
   71     479       1
   71     579       1
   72     106       1
   72     229       1
   73     195       1
   74     473       1
   75     255       1
   76     459       1
   77     374       1
   78      80       1
   78     267       1
   78     309       1
   78     327       1
   79     544       1
   80     349       1
   80     520       1
   80     598       1
   81     114       1
   81     212       1
   82     175       1
   83     163       1
   83     205       1
   83     317       1
   83     593       1
   84     225       1
   84     525       1
   85     204       1
   86     465       1
   86     576       1
   87     358       1
   87     516       1
   89     570       1
   90     288       1
   90     489       1
   91      94       1
   91     469       1
   91     570       1
   91     597       1
   92     215       1
   93     279       1
   94     286       1
   95     244       1
   95     438       1
   96     206       1
   96     250       1
   96     418       1
   96     453       1
   97     330       1
   98     219       1
   99     290       1
   99     309       1
   99     566       1
  100     119       1
  100     302       1
  100     524       1
  100     539       1
  101     593       1
  102     511       1
  103     141       1
  103     243       1
  104     204       1
  105     183       1
  105     184       1
  106     132       1
  107     212       1
  108     360       1
  108     399       1
  109     228       1
  109     511       1
  110     139       1
  111     139       1
  111     329       1
  111     386       1
  112     120       1
  114     161       1
  115     189       1
  115     315       1
  116     163       1
  116     197       1
  118     504       1
  119     361       1
  119     593       1
  121     330       1
  121     434       1
  122     130       1
  122     161       1
  122     270       1
  122     578       1
  123     297       1
  125     215       1
  125     255       1
  125     279       1
  125     311       1
  126     205       1
  126     394       1
  128     583       1
  129     517       1
  131     185       1
  131     477       1
  132     299       1
  132     458       1
  133     343       1
  134     470       1
  134     557       1
  135     476       1
  136     144       1
  136     145       1
  137     229       1
  137     419       1
  137     438       1
  138     496       1
  138     569       1
  140     496       1
  142     191       1
  142     335       1
  143     293       1
  143     371       1
  143     430       1
  143     527       1
  144     511       1
  145     573       1
  146     265       1
  147     378       1
  147     565       1
  149     178       1
  149     392       1
  150     153       1
  151     184       1
  151     285       1
  151     377       1
  151     405       1
  152     432       1
  153     256       1
  153     556       1
  153     592       1
  155     370       1
  156     446       1
  157     202       1
  157     243       1
  158     364       1
  158     398       1
  158     404       1
  158     432       1
  158     575       1
  159     459       1
  160     371       1
  161     306       1
  162     284       1
  162     322       1
  163     309       1
  163     354       1
  163     459       1
  163     482       1
  163     569       1
  163     595       1
  164     253       1
  165     325       1
  165     422       1
  166     581       1
  167     175       1
  168     173       1
  168     580       1
  169     288       1
  170     385       1
  170     478       1
  171     423       1
  171     600       1
  172     342       1
  173     316       1
  173     441       1
  174     530       1
  175     273       1
  175     309       1
  175     588       1
  176     559       1
  177     184       1
  178     312       1
  178     360       1
  178     401       1
  178     410       1
  178     507       1
  179     559       1
  181     263       1
  181     380       1
  181     478       1
  182     534       1
  184     280       1
  184     332       1
  184     371       1
  184     576       1
  186     228       1
  186     399       1
  187     467       1
  188     395       1
  188     565       1
  189     224       1
  190     355       1
  190     464       1
  190     541       1
  192     558       1
  193     459       1
  193     559       1
  194     245       1
  194     337       1
  195     253       1
  195     436       1
  196     259       1
  196     341       1
  196     351       1
  196     479       1
  197     435       1
  198     257       1
  199     217       1
  201     530       1
  201     576       1
  202     283       1
  202     399       1
  202     424       1
  203     589       1
  204     298       1
  204     530       1
  204     549       1
  205     274       1
  205     444       1
  206     260       1
  207     518       1
  208     226       1
  208     378       1
  209     551       1
  210     234       1
  210     552       1
  211     247       1
  211     487       1
  211     569       1
  212     555       1
  213     513       1
  213     557       1
  214     505       1
  214     564       1
  215     245       1
  215     436       1
  215     523       1
  215     554       1
  215     572       1
  215     587       1
  216     278       1
  217     492       1
  218     549       1
  220     389       1
  220     439       1
  220     474       1
  221     329       1
  221     496       1
  222     330       1
  222     494       1
  222     497       1
  223     572       1
  224     517       1
  224     530       1
  225     476       1
  225     530       1
  227     402       1
  227     412       1
  227     534       1
  228     455       1
  229     236       1
  230     320       1
  230     508       1
  231     570       1
  232     552       1
  233     393       1
  235     375       1
  235     469       1
  235     486       1
  237     321       1
  238     433       1
  238     490       1
  239     312       1
  240     327       1
  241     404       1
  242     543       1
  243     411       1
  244     450       1
  245     333       1
  246     532       1
  246     580       1
  247     348       1
  248     253       1
  248     260       1
  248     321       1
  250     387       1
  251     322       1
  251     324       1
  252     326       1
  252     362       1
  254     521       1
  257     277       1
  257     411       1
  258     269       1
  259     480       1
  261     557       1
  262     269       1
  262     354       1
  262     479       1
  262     528       1
  263     288       1
  263     404       1
  265     330       1
  265     516       1
  265     572       1
  266     433       1
  268     460       1
  269     346       1
  269     403       1
  269     427       1
  269     585       1
  270     295       1
  270     345       1
  271     284       1
  271     423       1
  272     328       1
  276     496       1
  277     388       1
  277     488       1
  277     504       1
  278     350       1
  278     561       1
  278     597       1
  279     288       1
  279     496       1
  279     600       1
  281     383       1
  282     574       1
  287     556       1
  288     303       1
  288     564       1
  289     541       1
  291     375       1
  291     386       1
  292     403       1
  292     415       1
  292     494       1
  292     593       1
  293     371       1
  293     575       1
  294     353       1
  295     543       1
  296     344       1
  296     534       1
  297     391       1
  297     422       1
  298     466       1
  299     387       1
  299     585       1
  300     464       1
  300     579       1
  301     464       1
  302     515       1
  303     435       1
  304     307       1
  304     477       1
  305     444       1
  308     363       1
  312     395       1
  312     463       1
  312     476       1
  312     596       1
  313     491       1
  313     528       1
  314     510       1
  315     339       1
  315     455       1
  315     526       1
  316     328       1
  316     450       1
  316     452       1
  316     554       1
  317     318       1
  317     446       1
  317     544       1
  318     538       1
  319     364       1
  320     437       1
  323     353       1
  323     529       1
  324     422       1
  326     391       1
  327     537       1
  329     457       1
  329     459       1
  332     376       1
  332     426       1
  333     379       1
  334     543       1
  336     564       1
  340     461       1
  342     558       1
  343     363       1
  343     367       1
  343     411       1
  345     528       1
  347     397       1
  352     574       1
  353     488       1
  354     374       1
  354     440       1
  354     471       1
  354     547       1
  354     565       1
  356     491       1
  357     523       1
  359     581       1
  360     381       1
  360     554       1
  365     444       1
  366     493       1
  366     566       1
  372     534       1
  373     506       1
  374     408       1
  380     513       1
  380     534       1
  382     498       1
  382     507       1
  383     462       1
  384     460       1
  384     473       1
  384     526       1
  386     476       1
  389     554       1
  390     423       1
  391     410       1
  392     459       1
  392     467       1
  396     457       1
  396     509       1
  396     562       1
  397     402       1
  399     448       1
  400     542       1
  401     499       1
  402     523       1
  402     553       1
  403     481       1
  404     565       1
  408     579       1
  409     483       1
  414     552       1
  416     502       1
  416     549       1
  417     424       1
  420     457       1
  420     486       1
  421     587       1
  424     435       1
  425     480       1
  426     431       1
  429     560       1
  429     563       1
  432     445       1
  433     523       1
  433     540       1
  433     582       1
  434     448       1
  434     571       1
  436     557       1
  437     517       1
  437     592       1
  442     487       1
  443     564       1
  444     556       1
  453     569       1
  456     472       1
  456     503       1
  459     532       1
  461     472       1
  461     492       1
  461     550       1
  465     581       1
  465     584       1
  468     556       1
  468     558       1
  472     581       1
  477     547       1
  482     501       1
  482     521       1
  484     578       1
  489     574       1
  490     533       1
  499     518       1
  500     572       1
  502     548       1
  503     506       1
  510     541       1
  512     532       1
  514     594       1
  520     546       1
  522     556       1
  525     568       1
  528     531       1
  537     590       1
  541     594       1
  556     573       1
  559     577       1
  567     570       1
  576     588       1
  586     597       1
