  600     674
    1     485       1
    2      91       1
    2      98       1
    2     148       1
    2     158       1
    2     393       1
    2     433       1
    2     554       1
    3     154       1
    3     284       1
    3     315       1
    4     436       1
    5     203       1
    5     345       1
    6      96       1
    6     159       1
    6     190       1
    7     334       1
    7     438       1
    8     175       1
    8     595       1
    9      18       1
    9     494       1
   10     251       1
   11     122       1
   12     305       1
   12     457       1
   13      69       1
   13      76       1
   13     181       1
   13     363       1
   14      52       1
   14     393       1
   15     548       1
   16      30       1
   16     246       1
   16     388       1
   17     493       1
   18     141       1
   18     346       1
   19     249       1
   20      46       1
   20     169       1
   21     414       1
   22     138       1
   23      54       1
   23     169       1
   23     206       1
   23     307       1
   23     504       1
   24     494       1
   25     355       1
   25     385       1
   26     127       1
   26     141       1
   26     592       1
   27     134       1
   28     167       1
   28     409       1
   28     577       1
   28     578       1
   29     460       1
   29     520       1
   31     295       1
   32     583       1
   33     136       1
   33     191       1
   33     382       1
   33     493       1
   33     529       1
   33     559       1
   34     131       1
   34     425       1
   34     460       1
   35     130       1
   35     332       1
   35     412       1
   36     308       1
   37     154       1
   38     480       1
   39     211       1
   39     484       1
   40     109       1
   40     172       1
   40     503       1
   41     441       1
   42     342       1
   43     286       1
   43     447       1
   44     597       1
   45     103       1
   45     331       1
   45     333       1
   45     413       1
   45     494       1
   46     104       1
   46     143       1
   46     267       1
   46     286       1
   46     384       1
   47     104       1
   48     440       1
   48     598       1
   49     499       1
   49     519       1
   50      66       1
   50     540       1
   51     218       1
   51     223       1
   51     330       1
   52      53       1
   53     462       1
   53     590       1
   55     191       1
   55     287       1
   56     139       1
   56     308       1
   56     386       1
   57     191       1
   57     532       1
   58     553       1
   59     246       1
   59     491       1
   60     102       1
   60     179       1
   61      97       1
   61     262       1
   61     266       1
   62      74       1
   62     280       1
   63     303       1
   63     470       1
   64     166       1
   64     453       1
   65     101       1
   65     338       1
   67     123       1
   67     487       1
   68     338       1
   68     341       1
   68     485       1
   69     191       1
   70     122       1
   70     402       1
   70     446       1
   71     543       1
   72     529       1
   73     553       1
   74     174       1
   74     494       1
   74     503       1
   75      83       1
   75     269       1
   75     373       1
   77     593       1
   78     415       1
   79     225       1
   79     395       1
   79     436       1
   80     176       1
   80     309       1
   81     221       1
   81     292       1
   81     298       1
   81     496       1
   81     510       1
   82     125       1
   82     381       1
   83     229       1
   84     365       1
   85     134       1
   85     394       1
   86     565       1
   87     203       1
   87     282       1
   87     290       1
   88     238       1
   89     522       1
   90     218       1
   90     401       1
   90     457       1
   91     445       1
   91     560       1
   92     140       1
   92     346       1
   93     482       1
   94     241       1
   95     581       1
   97     148       1
   97     311       1
   97     312       1
   99     522       1
  100     106       1
  101     178       1
  101     217       1
  101     273       1
  103     484       1
  103     505       1
  104     260       1
  104     472       1
  105     323       1
  105     512       1
  106     198       1
  107     417       1
  108     408       1
  109     132       1
  110     167       1
  111     525       1
  112     120       1
  112     338       1
  113     455       1
  114     497       1
  114     539       1
  115     458       1
  116     448       1
  116     466       1
  116     479       1
  117     247       1
  117     423       1
  118     200       1
  118     400       1
  119     286       1
  120     328       1
  120     460       1
  120     590       1
  121     351       1
  122     324       1
  123     592       1
  123     598       1
  124     296       1
  124     580       1
  125     139       1
  125     163       1
  125     292       1
  125     561       1
  125     562       1
  126     223       1
  126     600       1
  127     302       1
  127     421       1
  127     600       1
  128     166       1
  128     228       1
  128     261       1
  128     394       1
  128     544       1
  129     231       1
  130     329       1
  130     389       1
  130     563       1
  132     190       1
  132     200       1
  132     236       1
  132     597       1
  133     318       1
  134     234       1
  134     260       1
  134     435       1
  135     261       1
  137     204       1
  137     224       1
  137     404       1
  137     432       1
  137     529       1
  138     140       1
  138     213       1
  139     297       1
  140     284       1
  140     387       1
  141     262       1
  141     360       1
  142     153       1
  144     175       1
  144     264       1
  145     309       1
  146     160       1
  146     248       1
  147     212       1
  147     328       1
  148     152       1
  148     240       1
  148     352       1
  149     363       1
  150     365       1
  150     463       1
  151     568       1
  153     428       1
  155     365       1
  156     379       1
  156     577       1
  157     380       1
  158     580       1
  159     379       1
  160     176       1
  160     270       1
  160     302       1
  160     596       1
  161     195       1
  161     305       1
  161     583       1
  162     342       1
  163     593       1
  164     348       1
  165     367       1
  166     237       1
  166     300       1
  166     456       1
  167     192       1
  167     321       1
  167     420       1
  167     455       1
  167     501       1
  167     573       1
  167     591       1
  168     293       1
  169     304       1
  169     319       1
  169     477       1
  169     539       1
  170     383       1
  170     451       1
  170     500       1
  170     561       1
  171     260       1
  171     419       1
  171     482       1
  171     489       1
  172     545       1
  172     575       1
  173     542       1
  174     198       1
  174     356       1
  174     447       1
  174     533       1
  175     324       1
  176     191       1
  176     499       1
  176     564       1
  176     581       1
  177     247       1
  177     269       1
  179     300       1
  179     545       1
  179     558       1
  180     238       1
  180     572       1
  182     454       1
  183     276       1
  184     303       1
  185     252       1
  186     455       1
  187     248       1
  188     365       1
  189     582       1
  191     393       1
  191     476       1
  191     508       1
  191     553       1
  192     214       1
  192     250       1
  192     278       1
  193     307       1
  194     511       1
  196     315       1
  196     436       1
  196     466       1
  196     467       1
  196     541       1
  197     354       1
  198     576       1
  199     570       1
  200     543       1
  201     427       1
  201     470       1
  201     484       1
  202     275       1
  202     330       1
  204     392       1
  205     393       1
  207     526       1
  208     393       1
  208     465       1
  208     513       1
  209     389       1
  210     289       1
  211     560       1
  213     386       1
  214     414       1
  215     488       1
  216     253       1
  216     333       1
  216     389       1
  217     514       1
  218     283       1
  219     514       1
  220     351       1
  220     401       1
  220     515       1
  220     568       1
  221     425       1
  222     552       1
  224     429       1
  224     498       1
  225     463       1
  226     342       1
  227     301       1
  227     394       1
  229     257       1
  230     257       1
  230     457       1
  231     456       1
  232     255       1
  232     357       1
  233     367       1
  234     400       1
  235     407       1
  238     403       1
  238     423       1
  239     416       1
  241     296       1
  242     480       1
  243     563       1
  244     410       1
  245     348       1
  245     499       1
  245     534       1
  248     417       1
  249     338       1
  249     369       1
  250     362       1
  251     359       1
  251     434       1
  251     503       1
  251     509       1
  252     359       1
  253     554       1
  254     308       1
  255     339       1
  256     331       1
  257     299       1
  257     387       1
  258     507       1
  259     459       1
  259     530       1
  262     377       1
  263     345       1
  263     370       1
  263     449       1
  265     340       1
  265     511       1
  266     530       1
  266     588       1
  267     313       1
  267     580       1
  268     303       1
  268     433       1
  268     458       1
  269     284       1
  269     371       1
  271     365       1
  272     342       1
  274     284       1
  274     314       1
  274     459       1
  274     508       1
  274     565       1
  276     479       1
  277     488       1
  278     399       1
  279     499       1
  279     528       1
  281     587       1
  283     520       1
  284     300       1
  284     457       1
  284     485       1
  284     587       1
  285     399       1
  286     336       1
  286     592       1
  287     403       1
  287     454       1
  288     350       1
  288     459       1
  289     300       1
  289     430       1
  290     515       1
  291     540       1
  292     432       1
  292     435       1
  293     528       1
  294     380       1
  295     436       1
  297     337       1
  297     531       1
  300     305       1
  300     369       1
  300     530       1
  302     548       1
  305     353       1
  305     524       1
  306     480       1
  306     553       1
  310     580       1
  313     390       1
  313     478       1
  313     494       1
  313     538       1
  315     547       1
  316     452       1
  317     382       1
  318     411       1
  320     402       1
  320     527       1
  321     553       1
  322     379       1
  323     338       1
  324     585       1
  325     367       1
  326     409       1
  327     473       1
  330     379       1
  330     397       1
  330     494       1
  330     553       1
  331     405       1
  331     416       1
  332     340       1
  332     370       1
  332     443       1
  332     585       1
  333     490       1
  333     528       1
  334     433       1
  335     562       1
  337     380       1
  339     456       1
  339     592       1
  340     507       1
  342     516       1
  342     530       1
  343     368       1
  344     559       1
  345     459       1
  347     557       1
  348     455       1
  349     415       1
  349     547       1
  351     426       1
  354     514       1
  355     571       1
  356     488       1
  356     569       1
  358     442       1
  358     546       1
  359     454       1
  359     455       1
  360     365       1
  361     455       1
  361     541       1
  362     597       1
  364     416       1
  365     428       1
  365     485       1
  366     384       1
  366     486       1
  367     592       1
  368     508       1
  370     384       1
  372     456       1
  374     428       1
  375     403       1
  375     449       1
  376     543       1
  378     382       1
  379     555       1
  380     464       1
  381     546       1
  384     525       1
  384     541       1
  384     553       1
  385     426       1
  386     387       1
  386     404       1
  387     517       1
  388     492       1
  388     522       1
  388     552       1
  389     508       1
  390     460       1
  391     398       1
  391     466       1
  393     457       1
  393     514       1
  395     529       1
  396     525       1
  398     590       1
  401     410       1
  401     526       1
  401     552       1
  403     411       1
  404     481       1
  404     574       1
  405     429       1
  406     433       1
  407     574       1
  408     452       1
  408     459       1
  408     506       1
  408     529       1
  413     527       1
  415     574       1
  418     577       1
  421     440       1
  422     489       1
  423     502       1
  424     476       1
  426     444       1
  426     547       1
  431     461       1
  431     502       1
  433     470       1
  437     530       1
  438     549       1
  439     562       1
  441     460       1
  441     483       1
  447     542       1
  450     504       1
  456     471       1
  456     579       1
  456     594       1
  459     557       1
  460     476       1
  460     543       1
  461     487       1
  462     510       1
  465     523       1
  465     530       1
  465     537       1
  466     511       1
  468     480       1
  469     522       1
  473     488       1
  474     591       1
  475     581       1
  475     600       1
  476     546       1
  480     574       1
  481     545       1
  486     521       1
  494     556       1
  495     574       1
  505     551       1
  506     508       1
  507     577       1
  515     535       1
  518     530       1
  522     584       1
  524     586       1
  525     570       1
  536     574       1
  538     551       1
  540     553       1
  540     599       1
  546     565       1
  546     571       1
  547     566       1
  550     594       1
  561     592       1
  564     589       1
  567     570       1
  575     582       1
  577     582       1
