  400     459
    1      21       1
    1      76       1
    1     144       1
    2     239       1
    3     197       1
    3     371       1
    4     134       1
    4     144       1
    5     127       1
    5     217       1
    6     163       1
    6     251       1
    6     373       1
    7      32       1
    7      39       1
    7     147       1
    8     251       1
    9      58       1
    9     335       1
   10      37       1
   11     107       1
   12      17       1
   12      63       1
   12      94       1
   12     152       1
   12     175       1
   13     169       1
   14      20       1
   14      63       1
   14     278       1
   15      33       1
   15      66       1
   16      38       1
   16     306       1
   16     324       1
   16     384       1
   18     268       1
   18     326       1
   19      76       1
   21      83       1
   22     105       1
   22     112       1
   22     197       1
   22     350       1
   23     118       1
   23     396       1
   24      50       1
   24      81       1
   24     179       1
   24     335       1
   25     167       1
   26     325       1
   26     378       1
   27      39       1
   27     118       1
   27     131       1
   27     187       1
   27     236       1
   27     271       1
   28      63       1
   29      59       1
   29      75       1
   29     112       1
   29     121       1
   29     162       1
   29     172       1
   29     223       1
   29     234       1
   29     237       1
   29     249       1
   29     295       1
   29     348       1
   30     139       1
   30     191       1
   30     211       1
   31     122       1
   31     303       1
   33     178       1
   34      84       1
   35     111       1
   36      67       1
   36     143       1
   36     252       1
   36     282       1
   37      95       1
   37     318       1
   37     344       1
   38     120       1
   39      80       1
   39     170       1
   40      41       1
   40     280       1
   40     342       1
   40     347       1
   40     357       1
   40     391       1
   41     300       1
   42     341       1
   43     122       1
   44     199       1
   44     202       1
   44     261       1
   45      89       1
   45     125       1
   45     137       1
   45     223       1
   45     339       1
   46      85       1
   46     284       1
   46     369       1
   47     160       1
   47     241       1
   48      93       1
   48     154       1
   49     186       1
   49     248       1
   49     274       1
   49     378       1
   50      51       1
   50      61       1
   51     123       1
   51     136       1
   51     302       1
   51     345       1
   52     179       1
   53     177       1
   54     216       1
   54     246       1
   54     262       1
   54     365       1
   55      75       1
   55      80       1
   56     158       1
   56     351       1
   57      97       1
   57     195       1
   59      62       1
   59     151       1
   59     352       1
   60     264       1
   60     336       1
   60     354       1
   61     281       1
   61     290       1
   63     296       1
   63     307       1
   63     326       1
   64      84       1
   65     106       1
   65     329       1
   66      92       1
   66     101       1
   66     245       1
   66     283       1
   66     400       1
   67     189       1
   67     388       1
   68     155       1
   68     165       1
   68     227       1
   68     341       1
   68     392       1
   68     397       1
   69     254       1
   70     369       1
   71      82       1
   72     108       1
   72     122       1
   72     150       1
   72     244       1
   73     115       1
   73     307       1
   74     261       1
   76      78       1
   76     170       1
   76     254       1
   77     308       1
   79     271       1
   80     140       1
   80     379       1
   82      92       1
   82     168       1
   82     364       1
   82     385       1
   83     306       1
   84     189       1
   84     312       1
   84     345       1
   84     384       1
   85     393       1
   86     282       1
   87     145       1
   87     368       1
   87     384       1
   88     209       1
   90     258       1
   90     382       1
   90     400       1
   91     221       1
   92     232       1
   92     265       1
   93     104       1
   93     130       1
   93     161       1
   93     251       1
   93     321       1
   93     335       1
   93     365       1
   93     367       1
   95     159       1
   95     226       1
   96     236       1
   97     282       1
   97     388       1
   98     168       1
   99     288       1
  100     189       1
  100     230       1
  100     267       1
  100     283       1
  100     344       1
  100     383       1
  101     226       1
  102     226       1
  103     181       1
  103     261       1
  106     116       1
  106     358       1
  106     360       1
  107     270       1
  107     372       1
  109     225       1
  110     192       1
  110     234       1
  111     385       1
  113     242       1
  114     304       1
  115     142       1
  115     146       1
  115     346       1
  115     391       1
  115     394       1
  117     224       1
  119     366       1
  120     189       1
  120     200       1
  122     135       1
  122     381       1
  123     149       1
  123     276       1
  123     297       1
  124     352       1
  126     227       1
  127     330       1
  128     376       1
  129     227       1
  129     320       1
  131     263       1
  132     367       1
  133     324       1
  134     234       1
  135     137       1
  137     269       1
  138     151       1
  138     315       1
  139     184       1
  139     186       1
  139     385       1
  140     173       1
  140     308       1
  141     351       1
  143     270       1
  143     348       1
  145     386       1
  147     177       1
  148     332       1
  148     349       1
  148     351       1
  149     167       1
  149     223       1
  149     250       1
  149     266       1
  149     304       1
  152     171       1
  153     218       1
  153     231       1
  153     287       1
  153     335       1
  154     155       1
  154     301       1
  156     342       1
  157     270       1
  160     326       1
  161     388       1
  162     194       1
  162     217       1
  162     283       1
  162     365       1
  163     176       1
  164     227       1
  165     259       1
  166     244       1
  166     334       1
  166     366       1
  166     381       1
  169     384       1
  170     253       1
  170     283       1
  170     323       1
  171     237       1
  173     223       1
  173     382       1
  174     312       1
  176     182       1
  176     188       1
  177     324       1
  179     303       1
  179     375       1
  180     291       1
  180     294       1
  181     245       1
  181     327       1
  182     343       1
  183     328       1
  184     359       1
  185     239       1
  186     205       1
  186     270       1
  188     241       1
  188     351       1
  189     203       1
  189     291       1
  190     216       1
  192     377       1
  193     228       1
  193     243       1
  193     400       1
  194     370       1
  196     220       1
  198     369       1
  200     273       1
  201     361       1
  204     394       1
  205     271       1
  206     209       1
  206     397       1
  207     208       1
  207     343       1
  208     245       1
  209     322       1
  210     382       1
  212     400       1
  213     289       1
  213     309       1
  214     270       1
  215     265       1
  218     219       1
  218     239       1
  220     231       1
  221     345       1
  222     269       1
  223     245       1
  223     310       1
  223     324       1
  223     358       1
  224     259       1
  224     325       1
  224     348       1
  225     305       1
  225     352       1
  225     375       1
  227     260       1
  229     272       1
  229     282       1
  230     333       1
  233     270       1
  234     309       1
  234     389       1
  235     240       1
  235     270       1
  235     285       1
  238     279       1
  242     362       1
  242     366       1
  244     246       1
  245     399       1
  246     340       1
  247     293       1
  248     292       1
  251     342       1
  251     361       1
  252     332       1
  252     380       1
  253     374       1
  255     361       1
  255     374       1
  256     258       1
  256     269       1
  256     348       1
  257     381       1
  260     351       1
  261     292       1
  261     314       1
  261     361       1
  264     351       1
  268     323       1
  269     311       1
  269     337       1
  270     338       1
  271     277       1
  275     359       1
  277     286       1
  277     354       1
  277     371       1
  279     309       1
  283     317       1
  286     298       1
  287     337       1
  288     348       1
  289     291       1
  291     356       1
  293     362       1
  295     327       1
  299     399       1
  300     372       1
  301     351       1
  303     343       1
  304     313       1
  304     327       1
  304     376       1
  308     393       1
  315     389       1
  316     375       1
  318     328       1
  319     365       1
  320     394       1
  320     398       1
  322     384       1
  324     326       1
  331     376       1
  334     363       1
  335     358       1
  335     366       1
  335     369       1
  336     339       1
  348     371       1
  348     391       1
  351     366       1
  352     380       1
  353     385       1
  354     355       1
  357     383       1
  366     394       1
  367     386       1
  370     393       1
  377     387       1
  379     395       1
  383     384       1
  390     395       1
