  600     674
    1     196       1
    1     235       1
    1     531       1
    1     532       1
    1     538       1
    2     150       1
    2     156       1
    2     492       1
    3      43       1
    4     294       1
    4     405       1
    5      79       1
    5     193       1
    6     266       1
    7      64       1
    7     170       1
    7     205       1
    7     211       1
    7     330       1
    7     541       1
    7     571       1
    8     382       1
    8     429       1
    8     513       1
    9      31       1
    9     241       1
    9     329       1
   10      73       1
   10     178       1
   11      50       1
   11     114       1
   11     205       1
   11     225       1
   12     355       1
   13     148       1
   13     538       1
   14     105       1
   14     412       1
   15     343       1
   16     498       1
   17      18       1
   17     459       1
   17     578       1
   18     119       1
   18     380       1
   19     314       1
   19     562       1
   20     280       1
   21      86       1
   21     122       1
   21     295       1
   22      84       1
   22     152       1
   22     334       1
   22     397       1
   23     336       1
   24     151       1
   24     153       1
   24     190       1
   24     273       1
   24     375       1
   24     577       1
   25     337       1
   26      30       1
   26     129       1
   26     379       1
   27     504       1
   28      48       1
   28     284       1
   28     469       1
   29      58       1
   29     130       1
   30     310       1
   31     264       1
   32     396       1
   33     389       1
   34     254       1
   35     114       1
   35     172       1
   35     379       1
   36     429       1
   36     477       1
   37     165       1
   38      86       1
   38     144       1
   38     493       1
   39     327       1
   39     364       1
   39     385       1
   39     504       1
   39     505       1
   40     151       1
   40     222       1
   40     446       1
   41     236       1
   42     358       1
   43     280       1
   43     577       1
   44     103       1
   45     322       1
   45     413       1
   46     154       1
   46     285       1
   47     242       1
   47     255       1
   47     288       1
   48     127       1
   48     524       1
   49     205       1
   49     363       1
   49     478       1
   49     484       1
   50     366       1
   50     513       1
   50     580       1
   51     191       1
   51     336       1
   51     390       1
   51     589       1
   52     196       1
   52     322       1
   52     437       1
   52     451       1
   52     474       1
   52     498       1
   52     516       1
   52     596       1
   53      79       1
   53     551       1
   54     284       1
   54     486       1
   55     384       1
   55     402       1
   55     431       1
   56     507       1
   56     580       1
   57     509       1
   58     301       1
   58     479       1
   59     286       1
   60     168       1
   60     328       1
   61     147       1
   61     191       1
   61     344       1
   62      83       1
   63     314       1
   63     521       1
   64     353       1
   65     390       1
   66     461       1
   67      94       1
   67     291       1
   68     285       1
   68     538       1
   69      81       1
   70     125       1
   71     103       1
   71     160       1
   71     504       1
   72     117       1
   72     363       1
   73     395       1
   73     449       1
   73     583       1
   74     145       1
   75     167       1
   75     228       1
   75     299       1
   75     390       1
   75     424       1
   76     471       1
   77      84       1
   77     214       1
   77     428       1
   77     491       1
   78      99       1
   78     513       1
   79      80       1
   79     205       1
   79     311       1
   79     321       1
   79     514       1
   81     209       1
   81     315       1
   81     456       1
   81     505       1
   82     171       1
   82     208       1
   82     349       1
   82     512       1
   83     176       1
   83     371       1
   84     434       1
   85     257       1
   87      95       1
   88     206       1
   89     336       1
   90     379       1
   90     475       1
   91     170       1
   91     177       1
   91     197       1
   92     169       1
   92     595       1
   93     591       1
   95     300       1
   96     103       1
   96     180       1
   96     340       1
   96     450       1
   97     594       1
   98     254       1
   99     105       1
   99     181       1
  100     144       1
  101     257       1
  101     262       1
  101     347       1
  101     530       1
  102     149       1
  102     389       1
  103     423       1
  103     482       1
  104     273       1
  104     332       1
  105     144       1
  106     266       1
  106     366       1
  106     517       1
  107     124       1
  107     145       1
  107     169       1
  108     196       1
  108     439       1
  109     459       1
  110     498       1
  111     427       1
  111     498       1
  112     271       1
  112     448       1
  112     501       1
  113     436       1
  114     139       1
  114     513       1
  115     251       1
  115     402       1
  115     442       1
  116     202       1
  116     369       1
  117     161       1
  117     281       1
  117     317       1
  118     231       1
  118     253       1
  118     416       1
  118     439       1
  119     545       1
  120     180       1
  121     150       1
  122     334       1
  123     537       1
  125     417       1
  125     568       1
  126     134       1
  126     474       1
  127     224       1
  127     278       1
  127     320       1
  127     487       1
  128     203       1
  128     436       1
  128     515       1
  131     565       1
  132     573       1
  132     588       1
  133     142       1
  133     300       1
  133     417       1
  134     386       1
  135     399       1
  135     543       1
  136     390       1
  136     396       1
  136     479       1
  137     159       1
  137     376       1
  137     591       1
  138     384       1
  139     290       1
  140     496       1
  141     275       1
  142     382       1
  143     353       1
  143     498       1
  144     238       1
  144     414       1
  146     568       1
  149     397       1
  151     229       1
  151     345       1
  151     494       1
  153     368       1
  153     576       1
  155     322       1
  157     294       1
  157     362       1
  157     522       1
  157     564       1
  158     500       1
  160     581       1
  161     598       1
  162     492       1
  163     543       1
  164     206       1
  164     280       1
  164     289       1
  164     374       1
  164     419       1
  164     422       1
  164     546       1
  165     516       1
  166     527       1
  168     510       1
  169     212       1
  169     418       1
  170     289       1
  170     371       1
  170     560       1
  170     572       1
  171     212       1
  171     328       1
  171     343       1
  171     390       1
  171     459       1
  171     468       1
  173     241       1
  173     381       1
  174     206       1
  174     569       1
  175     368       1
  177     494       1
  178     340       1
  178     437       1
  178     539       1
  178     556       1
  179     555       1
  181     204       1
  182     249       1
  182     527       1
  183     197       1
  183     397       1
  184     441       1
  185     453       1
  186     506       1
  187     243       1
  188     316       1
  189     232       1
  189     243       1
  189     257       1
  191     194       1
  192     268       1
  194     481       1
  195     235       1
  196     260       1
  196     343       1
  196     500       1
  198     234       1
  198     307       1
  198     468       1
  199     310       1
  199     311       1
  200     503       1
  201     494       1
  202     471       1
  203     574       1
  205     226       1
  205     309       1
  207     275       1
  207     288       1
  207     593       1
  209     232       1
  209     236       1
  209     495       1
  209     497       1
  209     507       1
  210     504       1
  211     295       1
  211     480       1
  212     271       1
  212     300       1
  212     425       1
  213     262       1
  213     523       1
  215     343       1
  215     348       1
  215     462       1
  215     536       1
  215     557       1
  216     433       1
  216     543       1
  217     463       1
  217     580       1
  218     463       1
  218     509       1
  219     225       1
  219     498       1
  220     381       1
  221     500       1
  223     403       1
  225     518       1
  226     291       1
  226     351       1
  227     570       1
  228     358       1
  230     492       1
  231     272       1
  231     331       1
  231     599       1
  232     269       1
  233     447       1
  235     305       1
  236     314       1
  236     476       1
  236     486       1
  236     500       1
  237     516       1
  239     391       1
  240     276       1
  241     343       1
  241     376       1
  241     519       1
  241     528       1
  241     555       1
  241     561       1
  242     277       1
  243     436       1
  243     558       1
  244     323       1
  244     523       1
  245     402       1
  246     458       1
  247     365       1
  248     355       1
  250     257       1
  250     445       1
  251     289       1
  251     457       1
  251     523       1
  251     549       1
  252     352       1
  252     372       1
  252     577       1
  253     338       1
  253     458       1
  254     439       1
  254     453       1
  255     390       1
  256     492       1
  256     565       1
  257     267       1
  257     464       1
  257     533       1
  257     552       1
  257     593       1
  258     500       1
  259     472       1
  261     420       1
  263     311       1
  265     340       1
  266     304       1
  266     397       1
  268     273       1
  268     527       1
  268     573       1
  270     513       1
  271     335       1
  271     384       1
  271     453       1
  273     324       1
  273     454       1
  274     600       1
  276     461       1
  277     333       1
  277     365       1
  278     485       1
  278     503       1
  278     507       1
  279     575       1
  279     589       1
  282     385       1
  283     484       1
  286     368       1
  286     499       1
  287     351       1
  287     515       1
  289     305       1
  290     309       1
  290     343       1
  291     473       1
  292     561       1
  293     545       1
  294     339       1
  294     383       1
  296     411       1
  296     520       1
  296     561       1
  297     442       1
  298     595       1
  299     476       1
  300     447       1
  302     343       1
  302     467       1
  303     310       1
  306     447       1
  306     538       1
  307     313       1
  308     491       1
  309     356       1
  309     493       1
  310     333       1
  312     564       1
  313     448       1
  314     323       1
  315     351       1
  315     469       1
  315     542       1
  316     431       1
  316     563       1
  318     539       1
  319     357       1
  322     452       1
  325     505       1
  326     439       1
  327     438       1
  331     394       1
  333     411       1
  333     590       1
  336     535       1
  337     480       1
  338     543       1
  339     513       1
  340     458       1
  340     578       1
  341     372       1
  342     374       1
  343     454       1
  343     526       1
  343     541       1
  344     526       1
  346     476       1
  346     534       1
  347     380       1
  347     492       1
  347     498       1
  350     389       1
  350     512       1
  352     548       1
  354     577       1
  355     368       1
  355     429       1
  355     455       1
  357     542       1
  359     389       1
  360     461       1
  360     498       1
  360     554       1
  361     464       1
  363     522       1
  364     505       1
  367     515       1
  368     476       1
  370     474       1
  372     546       1
  373     392       1
  374     584       1
  375     504       1
  377     580       1
  378     458       1
  378     567       1
  379     403       1
  379     415       1
  379     437       1
  382     508       1
  382     585       1
  383     488       1
  385     518       1
  385     553       1
  386     560       1
  387     435       1
  388     447       1
  388     520       1
  389     513       1
  390     397       1
  391     514       1
  392     539       1
  393     458       1
  395     406       1
  395     537       1
  396     489       1
  398     417       1
  398     576       1
  400     555       1
  401     465       1
  401     466       1
  401     596       1
  403     409       1
  403     426       1
  403     440       1
  403     469       1
  403     570       1
  404     415       1
  405     468       1
  407     411       1
  408     587       1
  410     520       1
  412     468       1
  415     540       1
  419     550       1
  420     488       1
  420     569       1
  421     579       1
  421     581       1
  430     458       1
  430     496       1
  430     503       1
  432     515       1
  432     529       1
  435     528       1
  436     588       1
  437     496       1
  439     590       1
  441     591       1
  443     468       1
  444     469       1
  450     481       1
  453     483       1
  454     513       1
  457     600       1
  459     569       1
  460     500       1
  464     498       1
  467     502       1
  470     538       1
  471     543       1
  471     591       1
  472     476       1
  472     502       1
  477     508       1
  478     582       1
  480     525       1
  485     524       1
  490     495       1
  494     506       1
  497     530       1
  498     543       1
  498     547       1
  499     585       1
  505     592       1
  509     553       1
  511     539       1
  526     566       1
  530     544       1
  530     559       1
  537     582       1
  542     563       1
  556     592       1
  558     586       1
  559     578       1
  565     571       1
  569     600       1
  571     594       1
  572     587       1
  597     599       1
