  100     129
    1      13       1
    2      71       1
    2      75       1
    2      77       1
    3      74       1
    4      11       1
    4      14       1
    4      20       1
    4      31       1
    4      35       1
    5     100       1
    6      71       1
    7      50       1
    7      79       1
    8      27       1
    8      28       1
    8      68       1
    9      26       1
    9      34       1
    9      88       1
   10      12       1
   10      61       1
   11      26       1
   11      39       1
   11      83       1
   13      87       1
   13      92       1
   14      33       1
   14      39       1
   14      63       1
   14      76       1
   14      96       1
   15      31       1
   15      52       1
   15      87       1
   16      46       1
   17      70       1
   18      71       1
   19      36       1
   19      42       1
   19      43       1
   19      87       1
   19      97       1
   20      89       1
   21      24       1
   21      48       1
   22      87       1
   23      30       1
   23      38       1
   23      47       1
   23      60       1
   23      66       1
   23      87       1
   24      48       1
   24      67       1
   24      76       1
   25      36       1
   25      59       1
   26      89       1
   27      61       1
   27      86       1
   28      56       1
   28      67       1
   28      91       1
   29      86       1
   29      95       1
   31      44       1
   31      68       1
   31      69       1
   31      70       1
   32      73       1
   32      75       1
   34      61       1
   35      49       1
   35      90       1
   36      76       1
   36      87       1
   37      48       1
   37      75       1
   38      57       1
   38      58       1
   38      93       1
   40      59       1
   41      83       1
   43      45       1
   46      76       1
   48      51       1
   48      61       1
   48      90       1
   49      71       1
   50      57       1
   50      74       1
   51      57       1
   51      70       1
   51      97       1
   53      82       1
   54      85       1
   55      64       1
   55      73       1
   56      59       1
   56      97       1
   57      59       1
   57      99       1
   57     100       1
   58      79       1
   59      71       1
   59      81       1
   59      97       1
   60      86       1
   60      89       1
   61      87       1
   62      90       1
   63      64       1
   63      72       1
   63      78       1
   63      80       1
   65      70       1
   65      95       1
   66      67       1
   71      91       1
   74      84       1
   74      94       1
   75      90       1
   76      86       1
   77      94       1
   82      90       1
   85      99       1
   86      98       1
   87      97       1
