  800     886
    1     779       1
    2     196       1
    2     261       1
    2     494       1
    3     277       1
    4     220       1
    5     773       1
    6     122       1
    7     476       1
    8     163       1
    8     357       1
    8     395       1
    8     614       1
    8     786       1
    9     120       1
    9     183       1
    9     190       1
    9     258       1
    9     338       1
   10     317       1
   11     504       1
   11     621       1
   12      53       1
   12     597       1
   13     185       1
   13     445       1
   14     773       1
   15     241       1
   15     528       1
   16     243       1
   16     310       1
   17     345       1
   17     435       1
   18     112       1
   18     247       1
   18     465       1
   19     449       1
   19     595       1
   20     247       1
   20     677       1
   21     267       1
   21     567       1
   22      30       1
   23     112       1
   23     532       1
   23     558       1
   24     169       1
   25     202       1
   26     280       1
   26     368       1
   26     459       1
   26     778       1
   27      30       1
   27     388       1
   27     626       1
   27     720       1
   28     714       1
   29     598       1
   29     623       1
   29     637       1
   31     396       1
   32     606       1
   33     155       1
   33     628       1
   34      44       1
   34     400       1
   35      63       1
   35      98       1
   35     139       1
   35     251       1
   35     389       1
   35     722       1
   36      51       1
   36     278       1
   36     448       1
   36     517       1
   36     607       1
   36     645       1
   36     667       1
   37     371       1
   38     494       1
   39     258       1
   40      71       1
   40     207       1
   40     387       1
   40     709       1
   41     662       1
   42     412       1
   42     713       1
   43     345       1
   43     416       1
   44     293       1
   45      97       1
   45     522       1
   45     612       1
   45     723       1
   46     168       1
   46     655       1
   47     183       1
   47     493       1
   48      62       1
   48     240       1
   48     681       1
   48     736       1
   49     163       1
   49     386       1
   50     193       1
   51     324       1
   51     574       1
   51     719       1
   52     354       1
   52     430       1
   52     612       1
   54     714       1
   55     395       1
   55     601       1
   55     649       1
   56     215       1
   56     256       1
   57     212       1
   58     305       1
   58     785       1
   59     130       1
   59     620       1
   59     686       1
   59     788       1
   60     701       1
   60     779       1
   61     697       1
   62     347       1
   62     348       1
   62     530       1
   62     531       1
   62     723       1
   62     799       1
   63      68       1
   64     306       1
   64     330       1
   64     341       1
   65     279       1
   65     418       1
   65     524       1
   66     177       1
   67     462       1
   68     571       1
   69     286       1
   69     364       1
   69     495       1
   69     672       1
   69     797       1
   70     252       1
   70     782       1
   72     300       1
   72     573       1
   72     707       1
   73     779       1
   74     430       1
   74     547       1
   74     679       1
   75     650       1
   75     779       1
   76     115       1
   76     360       1
   76     649       1
   77     205       1
   77     481       1
   78     544       1
   79     312       1
   79     430       1
   80     131       1
   80     276       1
   80     289       1
   80     488       1
   80     536       1
   80     792       1
   81     383       1
   81     399       1
   81     545       1
   81     706       1
   82     693       1
   83     292       1
   83     531       1
   84     398       1
   84     604       1
   85     704       1
   86     525       1
   87     428       1
   87     529       1
   88     647       1
   88     720       1
   88     751       1
   89      95       1
   89     150       1
   89     345       1
   89     422       1
   90     141       1
   91     423       1
   91     472       1
   92     763       1
   93     387       1
   93     658       1
   93     743       1
   94     109       1
   94     125       1
   94     689       1
   95     264       1
   95     778       1
   96     296       1
   96     469       1
   96     659       1
   97     454       1
   97     642       1
   98     636       1
   99     420       1
  100     326       1
  101     112       1
  102     632       1
  102     654       1
  103     799       1
  104     187       1
  105     184       1
  105     458       1
  105     583       1
  105     667       1
  106     352       1
  106     625       1
  107     118       1
  107     407       1
  108     268       1
  108     674       1
  109     410       1
  110     423       1
  110     470       1
  110     723       1
  110     779       1
  111     156       1
  112     281       1
  112     564       1
  112     605       1
  112     637       1
  112     657       1
  112     712       1
  113     213       1
  113     457       1
  114     413       1
  114     415       1
  115     175       1
  115     413       1
  115     606       1
  116     730       1
  117     618       1
  118     199       1
  118     436       1
  118     793       1
  119     749       1
  120     445       1
  121     637       1
  122     242       1
  123     200       1
  123     214       1
  124     440       1
  124     694       1
  125     242       1
  125     293       1
  125     428       1
  125     511       1
  125     523       1
  125     637       1
  126     288       1
  127     605       1
  128     277       1
  129     516       1
  129     548       1
  130     260       1
  131     407       1
  131     625       1
  132     636       1
  133     757       1
  134     597       1
  135     282       1
  136     638       1
  137     202       1
  137     298       1
  137     326       1
  137     643       1
  137     730       1
  138     511       1
  138     766       1
  140     306       1
  140     622       1
  140     776       1
  141     285       1
  141     313       1
  141     503       1
  141     611       1
  141     623       1
  141     664       1
  142     235       1
  143     565       1
  144     152       1
  145     694       1
  146     498       1
  147     422       1
  147     518       1
  147     758       1
  148     568       1
  149     586       1
  150     201       1
  151     626       1
  152     220       1
  152     437       1
  152     491       1
  152     593       1
  153     388       1
  153     754       1
  154     799       1
  155     424       1
  155     746       1
  156     203       1
  156     463       1
  156     687       1
  157     401       1
  157     573       1
  158     360       1
  159     631       1
  160     231       1
  160     329       1
  160     363       1
  161     749       1
  162     198       1
  163     549       1
  163     774       1
  164     272       1
  164     285       1
  165     280       1
  165     309       1
  165     311       1
  166     286       1
  166     395       1
  167     485       1
  167     626       1
  168     262       1
  169     360       1
  169     573       1
  169     742       1
  169     754       1
  170     443       1
  171     267       1
  171     385       1
  171     392       1
  172     792       1
  173     530       1
  173     570       1
  174     293       1
  175     226       1
  175     476       1
  175     686       1
  176     433       1
  176     436       1
  177     232       1
  177     336       1
  178     406       1
  178     721       1
  179     530       1
  180     428       1
  181     585       1
  182     190       1
  184     498       1
  184     664       1
  185     555       1
  186     604       1
  187     683       1
  188     640       1
  189     660       1
  191     533       1
  192     324       1
  192     779       1
  193     630       1
  194     418       1
  195     274       1
  195     534       1
  196     376       1
  196     573       1
  196     580       1
  197     516       1
  198     657       1
  198     734       1
  200     736       1
  203     215       1
  203     399       1
  204     544       1
  204     757       1
  205     513       1
  205     586       1
  205     638       1
  206     792       1
  208     229       1
  208     234       1
  209     748       1
  210     319       1
  211     342       1
  212     298       1
  212     744       1
  213     531       1
  213     534       1
  213     680       1
  215     280       1
  215     540       1
  215     548       1
  215     634       1
  215     722       1
  216     547       1
  217     518       1
  217     671       1
  218     248       1
  218     585       1
  219     425       1
  219     521       1
  219     556       1
  219     568       1
  219     780       1
  220     662       1
  220     731       1
  221     370       1
  221     652       1
  221     728       1
  222     350       1
  222     592       1
  222     665       1
  223     368       1
  223     419       1
  223     602       1
  224     448       1
  225     389       1
  227     473       1
  227     485       1
  227     576       1
  227     588       1
  227     656       1
  228     303       1
  228     517       1
  228     700       1
  230     356       1
  233     543       1
  234     517       1
  235     655       1
  236     460       1
  236     733       1
  237     272       1
  237     317       1
  237     423       1
  237     684       1
  237     759       1
  237     795       1
  238     786       1
  239     446       1
  239     661       1
  242     519       1
  243     258       1
  244     250       1
  245     258       1
  245     269       1
  245     517       1
  246     772       1
  247     533       1
  247     708       1
  248     738       1
  249     496       1
  250     394       1
  250     425       1
  250     523       1
  250     530       1
  250     598       1
  250     682       1
  250     722       1
  251     768       1
  253     634       1
  254     422       1
  254     753       1
  255     407       1
  256     298       1
  257     727       1
  258     339       1
  258     520       1
  258     782       1
  259     550       1
  259     584       1
  260     530       1
  260     638       1
  261     377       1
  261     474       1
  261     597       1
  261     630       1
  261     670       1
  261     698       1
  261     786       1
  262     425       1
  262     535       1
  262     785       1
  263     468       1
  263     501       1
  264     294       1
  265     276       1
  266     569       1
  266     737       1
  267     305       1
  267     514       1
  267     528       1
  267     630       1
  267     666       1
  268     598       1
  269     490       1
  270     376       1
  270     698       1
  271     408       1
  271     565       1
  271     674       1
  273     523       1
  274     546       1
  275     373       1
  276     635       1
  276     653       1
  277     517       1
  279     322       1
  279     395       1
  279     727       1
  280     773       1
  281     288       1
  281     404       1
  281     676       1
  282     345       1
  282     504       1
  283     363       1
  283     483       1
  283     748       1
  284     777       1
  285     433       1
  285     605       1
  286     375       1
  286     765       1
  287     780       1
  288     588       1
  288     660       1
  290     506       1
  291     735       1
  291     752       1
  291     784       1
  292     539       1
  292     706       1
  293     599       1
  295     482       1
  295     492       1
  297     587       1
  298     747       1
  299     709       1
  300     499       1
  301     405       1
  302     475       1
  302     544       1
  304     333       1
  306     376       1
  307     425       1
  307     664       1
  308     615       1
  309     537       1
  311     543       1
  312     325       1
  314     464       1
  315     335       1
  316     573       1
  318     481       1
  318     717       1
  319     598       1
  320     475       1
  321     461       1
  321     747       1
  323     731       1
  326     704       1
  326     769       1
  327     438       1
  328     377       1
  328     417       1
  330     534       1
  330     781       1
  331     792       1
  332     767       1
  333     389       1
  333     512       1
  334     768       1
  335     426       1
  335     456       1
  335     622       1
  335     624       1
  335     704       1
  336     409       1
  337     480       1
  338     629       1
  340     552       1
  342     648       1
  342     723       1
  343     639       1
  343     644       1
  344     356       1
  344     439       1
  344     578       1
  344     704       1
  345     473       1
  346     399       1
  346     676       1
  347     613       1
  349     685       1
  350     361       1
  351     488       1
  353     485       1
  353     594       1
  355     713       1
  356     422       1
  357     452       1
  357     541       1
  358     674       1
  359     517       1
  359     598       1
  362     508       1
  363     505       1
  363     540       1
  364     641       1
  364     793       1
  365     745       1
  366     775       1
  367     760       1
  368     609       1
  369     636       1
  370     495       1
  370     543       1
  371     377       1
  372     439       1
  373     477       1
  374     377       1
  374     562       1
  374     572       1
  376     422       1
  376     523       1
  376     711       1
  378     453       1
  379     556       1
  380     456       1
  381     406       1
  381     505       1
  381     525       1
  381     628       1
  382     390       1
  382     417       1
  382     421       1
  382     713       1
  384     736       1
  384     780       1
  387     422       1
  387     762       1
  387     773       1
  388     441       1
  389     565       1
  389     691       1
  391     411       1
  391     627       1
  393     510       1
  393     800       1
  394     798       1
  395     481       1
  396     531       1
  397     468       1
  399     587       1
  399     749       1
  402     737       1
  403     413       1
  403     765       1
  405     536       1
  405     685       1
  405     792       1
  406     637       1
  407     512       1
  409     430       1
  409     732       1
  410     637       1
  411     590       1
  412     768       1
  414     727       1
  417     569       1
  417     598       1
  417     608       1
  420     528       1
  422     626       1
  425     431       1
  425     453       1
  425     783       1
  427     502       1
  429     540       1
  429     556       1
  429     678       1
  430     681       1
  431     561       1
  432     466       1
  432     542       1
  432     761       1
  433     509       1
  433     726       1
  434     611       1
  434     745       1
  437     486       1
  437     695       1
  438     678       1
  438     771       1
  439     441       1
  439     550       1
  442     483       1
  443     465       1
  443     594       1
  443     722       1
  444     470       1
  447     508       1
  448     500       1
  448     752       1
  449     772       1
  450     475       1
  451     475       1
  452     456       1
  452     595       1
  453     774       1
  455     633       1
  462     592       1
  462     755       1
  464     639       1
  465     577       1
  465     600       1
  467     582       1
  469     800       1
  471     565       1
  477     495       1
  478     693       1
  479     638       1
  479     760       1
  480     543       1
  481     604       1
  482     717       1
  484     577       1
  486     540       1
  486     688       1
  487     577       1
  487     793       1
  488     530       1
  488     669       1
  489     722       1
  489     739       1
  491     624       1
  492     724       1
  493     646       1
  495     518       1
  496     761       1
  497     707       1
  498     507       1
  499     585       1
  501     585       1
  501     704       1
  501     722       1
  501     800       1
  502     626       1
  502     780       1
  504     682       1
  505     566       1
  506     745       1
  508     683       1
  508     732       1
  510     652       1
  512     575       1
  515     714       1
  516     523       1
  516     579       1
  517     523       1
  518     552       1
  518     557       1
  525     603       1
  526     627       1
  527     761       1
  530     665       1
  530     672       1
  531     570       1
  531     738       1
  532     785       1
  533     678       1
  536     686       1
  538     739       1
  541     584       1
  541     613       1
  544     603       1
  544     608       1
  547     640       1
  547     710       1
  551     630       1
  551     770       1
  552     589       1
  553     730       1
  554     633       1
  556     714       1
  557     740       1
  558     628       1
  559     681       1
  560     638       1
  563     593       1
  563     744       1
  565     590       1
  570     712       1
  572     683       1
  573     621       1
  581     667       1
  582     750       1
  585     663       1
  588     629       1
  588     747       1
  591     681       1
  592     733       1
  595     673       1
  596     668       1
  596     682       1
  598     636       1
  598     732       1
  605     787       1
  607     790       1
  608     732       1
  610     623       1
  611     630       1
  615     667       1
  616     628       1
  616     693       1
  617     726       1
  618     787       1
  619     773       1
  624     770       1
  626     639       1
  630     646       1
  631     681       1
  633     800       1
  636     699       1
  636     718       1
  637     662       1
  638     694       1
  645     661       1
  651     682       1
  654     657       1
  655     779       1
  659     686       1
  660     707       1
  660     737       1
  660     773       1
  661     690       1
  661     739       1
  665     786       1
  671     711       1
  673     723       1
  673     725       1
  675     794       1
  676     763       1
  681     696       1
  681     786       1
  683     761       1
  685     748       1
  686     764       1
  692     725       1
  697     732       1
  698     702       1
  703     741       1
  705     719       1
  710     727       1
  715     763       1
  716     761       1
  716     777       1
  719     741       1
  724     753       1
  727     796       1
  729     732       1
  750     791       1
  756     797       1
  767     792       1
  772     780       1
  775     779       1
  789     796       1
  791     797       1
  794     799       1
