  400     459
    1      35       1
    1      93       1
    1     168       1
    1     390       1
    2     114       1
    2     338       1
    3      96       1
    3     320       1
    4       5       1
    5      89       1
    5     314       1
    5     360       1
    5     379       1
    6     232       1
    6     268       1
    6     357       1
    7      17       1
    7      48       1
    7     179       1
    8     284       1
    9     151       1
    9     278       1
   10      48       1
   11      46       1
   11     371       1
   11     386       1
   12      92       1
   13     209       1
   13     334       1
   13     338       1
   13     371       1
   14      47       1
   15     153       1
   16     191       1
   16     264       1
   17     359       1
   18     273       1
   18     329       1
   19     192       1
   20      30       1
   21     393       1
   22     368       1
   23     111       1
   23     385       1
   24     265       1
   24     370       1
   25      79       1
   25     215       1
   26     157       1
   26     192       1
   26     341       1
   27     254       1
   27     259       1
   27     262       1
   27     301       1
   27     305       1
   28     393       1
   29     125       1
   29     140       1
   29     381       1
   30      86       1
   31      49       1
   31     297       1
   31     309       1
   32     211       1
   32     370       1
   33      51       1
   33      71       1
   33     161       1
   34      98       1
   34     303       1
   34     315       1
   34     359       1
   35     311       1
   36     367       1
   37      38       1
   37     304       1
   38     305       1
   39     190       1
   40      62       1
   40     103       1
   41     171       1
   41     318       1
   41     338       1
   42     233       1
   42     381       1
   43     285       1
   43     326       1
   44      65       1
   44     195       1
   44     218       1
   44     227       1
   45     299       1
   45     378       1
   46      62       1
   46      92       1
   46     138       1
   47     107       1
   47     123       1
   48      61       1
   48     213       1
   48     257       1
   48     277       1
   50     226       1
   50     363       1
   52     114       1
   53      86       1
   53     183       1
   53     294       1
   53     388       1
   54     195       1
   54     256       1
   55     270       1
   55     312       1
   55     387       1
   56     339       1
   57     193       1
   57     230       1
   57     311       1
   58      65       1
   58     383       1
   59     106       1
   59     206       1
   59     226       1
   60      65       1
   60     160       1
   62     250       1
   63     377       1
   64     300       1
   65     142       1
   65     240       1
   65     254       1
   65     340       1
   65     365       1
   65     390       1
   66     141       1
   66     330       1
   67     313       1
   67     383       1
   68     106       1
   68     187       1
   68     202       1
   69     108       1
   70      96       1
   70     126       1
   70     345       1
   71     186       1
   72     157       1
   72     200       1
   72     207       1
   72     358       1
   72     377       1
   73     140       1
   73     275       1
   74      98       1
   74     109       1
   75     380       1
   76     371       1
   77     157       1
   78     367       1
   79     222       1
   80     115       1
   80     134       1
   81     268       1
   82     324       1
   83     236       1
   83     247       1
   83     271       1
   84     281       1
   84     345       1
   85     214       1
   85     289       1
   85     305       1
   86     134       1
   87     217       1
   88     147       1
   88     159       1
   90     382       1
   91     105       1
   91     223       1
   91     360       1
   93     136       1
   93     317       1
   94     103       1
   95     117       1
   96     242       1
   97     154       1
   97     385       1
   98     109       1
   98     129       1
   98     328       1
   99     108       1
   99     117       1
   99     133       1
   99     156       1
  100     221       1
  101     160       1
  101     234       1
  102     163       1
  102     307       1
  103     113       1
  103     209       1
  104     379       1
  107     207       1
  107     216       1
  107     234       1
  107     254       1
  107     291       1
  107     310       1
  107     367       1
  107     377       1
  108     220       1
  108     228       1
  108     305       1
  108     309       1
  109     311       1
  109     375       1
  110     346       1
  111     162       1
  111     210       1
  111     388       1
  112     223       1
  112     306       1
  114     325       1
  115     131       1
  115     181       1
  115     283       1
  116     246       1
  118     162       1
  118     195       1
  118     251       1
  118     299       1
  119     205       1
  119     265       1
  120     127       1
  120     283       1
  120     367       1
  121     143       1
  121     194       1
  122     214       1
  123     333       1
  124     273       1
  125     145       1
  126     157       1
  128     276       1
  129     178       1
  129     274       1
  130     307       1
  130     339       1
  131     188       1
  132     383       1
  132     394       1
  135     192       1
  136     274       1
  136     288       1
  137     267       1
  139     240       1
  142     166       1
  143     174       1
  143     292       1
  144     169       1
  144     300       1
  144     395       1
  145     302       1
  146     251       1
  147     335       1
  148     265       1
  148     293       1
  148     300       1
  149     186       1
  149     195       1
  150     158       1
  150     191       1
  150     230       1
  151     240       1
  151     257       1
  151     369       1
  152     207       1
  153     234       1
  153     261       1
  154     164       1
  155     181       1
  157     163       1
  157     185       1
  157     191       1
  157     330       1
  159     170       1
  159     237       1
  159     271       1
  160     243       1
  161     221       1
  161     377       1
  162     236       1
  164     291       1
  164     303       1
  165     289       1
  166     267       1
  167     370       1
  169     267       1
  171     187       1
  172     189       1
  172     273       1
  173     206       1
  173     339       1
  175     196       1
  176     256       1
  177     371       1
  179     303       1
  179     332       1
  180     271       1
  180     387       1
  181     258       1
  182     190       1
  183     217       1
  184     193       1
  186     313       1
  187     301       1
  190     254       1
  191     267       1
  191     373       1
  192     344       1
  193     225       1
  193     334       1
  194     202       1
  196     234       1
  196     244       1
  196     349       1
  197     232       1
  198     377       1
  199     221       1
  199     289       1
  199     350       1
  199     353       1
  201     384       1
  203     381       1
  204     351       1
  208     296       1
  209     256       1
  211     303       1
  212     237       1
  212     290       1
  213     277       1
  215     279       1
  215     301       1
  216     351       1
  219     348       1
  220     389       1
  222     270       1
  223     255       1
  223     368       1
  223     374       1
  224     396       1
  226     364       1
  229     323       1
  230     282       1
  231     300       1
  232     250       1
  232     302       1
  234     302       1
  234     353       1
  235     323       1
  235     361       1
  235     367       1
  235     391       1
  238     261       1
  239     262       1
  240     284       1
  240     320       1
  240     344       1
  241     312       1
  241     339       1
  241     346       1
  241     376       1
  245     373       1
  246     291       1
  247     299       1
  248     370       1
  249     308       1
  250     292       1
  250     325       1
  250     343       1
  250     366       1
  252     333       1
  253     399       1
  254     315       1
  254     388       1
  258     319       1
  258     348       1
  258     377       1
  259     326       1
  260     268       1
  263     364       1
  265     295       1
  265     310       1
  265     340       1
  265     367       1
  265     396       1
  266     294       1
  268     337       1
  269     327       1
  269     388       1
  270     348       1
  270     392       1
  271     315       1
  272     392       1
  273     377       1
  273     399       1
  275     302       1
  275     399       1
  276     322       1
  276     359       1
  277     300       1
  277     331       1
  280     331       1
  281     363       1
  282     388       1
  285     295       1
  286     351       1
  287     304       1
  287     400       1
  289     326       1
  296     372       1
  297     352       1
  297     388       1
  298     367       1
  299     334       1
  300     336       1
  300     393       1
  301     372       1
  306     391       1
  308     358       1
  315     347       1
  315     363       1
  316     319       1
  317     345       1
  321     375       1
  322     371       1
  324     396       1
  330     398       1
  334     337       1
  339     340       1
  339     350       1
  339     355       1
  342     400       1
  345     386       1
  348     375       1
  354     359       1
  356     360       1
  356     381       1
  360     371       1
  362     368       1
  366     397       1
  370     377       1
  371     377       1
  371     380       1
  371     394       1
  377     384       1
  377     395       1
  382     394       1
