  300     353
    1      91       1
    1     199       1
    1     217       1
    2     119       1
    2     226       1
    3     212       1
    3     233       1
    3     235       1
    3     266       1
    4      29       1
    4      87       1
    4     268       1
    5      14       1
    6     171       1
    7     251       1
    8      94       1
    8     176       1
    9      13       1
    9      98       1
    9     163       1
    9     173       1
   10     148       1
   11      52       1
   11      81       1
   11     287       1
   12      53       1
   14     182       1
   14     277       1
   15      69       1
   15     145       1
   16      91       1
   16     242       1
   17      31       1
   17      76       1
   18     259       1
   19      23       1
   19     134       1
   19     277       1
   20      90       1
   20     191       1
   20     252       1
   21     104       1
   21     286       1
   22     225       1
   22     227       1
   22     243       1
   23      86       1
   24      28       1
   24      58       1
   25      45       1
   25      84       1
   25     184       1
   26      54       1
   27     279       1
   27     294       1
   29     184       1
   29     249       1
   30     227       1
   30     273       1
   32     138       1
   32     232       1
   33     142       1
   33     151       1
   34      42       1
   34      51       1
   35      59       1
   35      79       1
   36      61       1
   36     139       1
   37      44       1
   37     165       1
   38     264       1
   39      48       1
   39     197       1
   39     242       1
   39     282       1
   40     108       1
   40     234       1
   41     103       1
   41     119       1
   42     104       1
   42     170       1
   43     280       1
   44      79       1
   44     244       1
   46     186       1
   47     203       1
   48      88       1
   48     113       1
   48     227       1
   49     262       1
   50      58       1
   50     113       1
   51     253       1
   51     263       1
   52     172       1
   53     100       1
   53     157       1
   54     254       1
   55      99       1
   55     111       1
   55     129       1
   55     251       1
   56     163       1
   57     239       1
   57     272       1
   58      65       1
   58     295       1
   59     274       1
   60     148       1
   60     154       1
   60     237       1
   60     296       1
   61      90       1
   61     114       1
   61     170       1
   61     293       1
   62     213       1
   63     164       1
   63     167       1
   64     106       1
   64     214       1
   64     215       1
   65     102       1
   65     221       1
   66     140       1
   66     257       1
   67     101       1
   67     117       1
   67     132       1
   67     165       1
   67     201       1
   67     223       1
   67     284       1
   68     166       1
   68     209       1
   69     235       1
   70     147       1
   70     208       1
   70     248       1
   71     254       1
   72      77       1
   73     238       1
   73     242       1
   74     112       1
   74     154       1
   74     202       1
   75     196       1
   75     215       1
   75     300       1
   76     110       1
   76     127       1
   76     178       1
   76     260       1
   77     162       1
   77     288       1
   78     137       1
   78     280       1
   79     138       1
   80     291       1
   82     143       1
   82     194       1
   82     207       1
   82     234       1
   83     279       1
   84     280       1
   85     158       1
   85     168       1
   85     257       1
   86     131       1
   86     189       1
   86     205       1
   88     138       1
   89      97       1
   89     116       1
   89     189       1
   89     299       1
   90     119       1
   90     145       1
   90     217       1
   92     223       1
   93     152       1
   93     157       1
   93     198       1
   95     181       1
   95     246       1
   96     280       1
  100     294       1
  101     148       1
  101     290       1
  102     126       1
  102     141       1
  102     178       1
  102     236       1
  102     288       1
  103     107       1
  103     160       1
  104     189       1
  105     269       1
  107     224       1
  107     294       1
  108     280       1
  109     236       1
  110     190       1
  111     239       1
  113     142       1
  115     257       1
  116     143       1
  117     119       1
  117     197       1
  117     248       1
  117     253       1
  117     254       1
  118     121       1
  118     167       1
  118     219       1
  119     154       1
  119     175       1
  119     233       1
  119     261       1
  120     184       1
  121     157       1
  121     268       1
  122     213       1
  123     248       1
  124     237       1
  125     159       1
  125     175       1
  126     280       1
  127     190       1
  128     151       1
  128     248       1
  129     203       1
  130     136       1
  131     178       1
  133     263       1
  134     222       1
  135     259       1
  136     231       1
  136     238       1
  137     253       1
  137     291       1
  138     229       1
  142     177       1
  143     204       1
  143     216       1
  144     197       1
  146     182       1
  146     209       1
  147     267       1
  148     218       1
  149     188       1
  149     273       1
  149     276       1
  150     275       1
  152     227       1
  153     157       1
  153     169       1
  153     210       1
  154     173       1
  155     158       1
  155     210       1
  156     227       1
  157     164       1
  157     171       1
  157     175       1
  157     194       1
  157     197       1
  157     203       1
  157     262       1
  157     264       1
  158     260       1
  160     176       1
  160     183       1
  160     279       1
  161     262       1
  163     276       1
  164     270       1
  164     286       1
  165     176       1
  167     227       1
  170     250       1
  173     219       1
  173     229       1
  173     258       1
  173     259       1
  174     261       1
  175     200       1
  175     238       1
  175     255       1
  175     294       1
  176     192       1
  176     227       1
  178     209       1
  178     227       1
  179     239       1
  180     235       1
  181     222       1
  185     260       1
  186     241       1
  187     209       1
  188     208       1
  189     221       1
  189     262       1
  189     285       1
  192     230       1
  193     195       1
  194     241       1
  195     299       1
  196     256       1
  197     211       1
  197     245       1
  197     253       1
  200     268       1
  201     246       1
  206     207       1
  206     231       1
  207     278       1
  210     265       1
  212     269       1
  213     232       1
  213     251       1
  214     291       1
  215     217       1
  216     277       1
  217     222       1
  220     241       1
  222     249       1
  224     283       1
  227     233       1
  227     257       1
  228     278       1
  230     297       1
  232     238       1
  233     287       1
  237     271       1
  240     294       1
  247     250       1
  249     298       1
  252     253       1
  252     257       1
  252     291       1
  254     291       1
  254     292       1
  258     262       1
  259     267       1
  263     281       1
  268     275       1
  269     289       1
  274     289       1
  277     284       1
  278     282       1
  280     290       1
