   50      73
    1      14       1
    1      20       1
    1      25       1
    1      41       1
    2       3       1
    2       8       1
    2      27       1
    2      29       1
    2      37       1
    2      44       1
    3      10       1
    3      48       1
    4      24       1
    4      31       1
    4      37       1
    4      48       1
    5      20       1
    5      22       1
    6      38       1
    6      44       1
    7      24       1
    8       9       1
    8      10       1
    8      29       1
    8      47       1
    8      48       1
   11      19       1
   11      25       1
   11      38       1
   11      47       1
   12      30       1
   13      33       1
   13      39       1
   13      45       1
   14      28       1
   14      35       1
   14      45       1
   15      18       1
   15      22       1
   15      37       1
   15      40       1
   16      23       1
   16      27       1
   16      35       1
   16      36       1
   17      21       1
   17      32       1
   19      28       1
   19      37       1
   20      23       1
   20      49       1
   21      45       1
   22      45       1
   23      44       1
   24      31       1
   24      32       1
   26      37       1
   26      43       1
   27      41       1
   28      31       1
   28      39       1
   28      41       1
   30      31       1
   31      35       1
   34      35       1
   35      37       1
   35      43       1
   35      46       1
   35      49       1
   40      50       1
   42      49       1
   43      45       1
   43      48       1
