  800     886
    1      11       1
    1      77       1
    1     134       1
    2     630       1
    3     495       1
    4      10       1
    4      42       1
    4     227       1
    4     239       1
    4     298       1
    5     522       1
    6     335       1
    6     741       1
    7      95       1
    7     673       1
    8     120       1
    8     123       1
    8     240       1
    8     663       1
    9      14       1
    9      38       1
   10     675       1
   12     315       1
   12     636       1
   13      17       1
   13     238       1
   14     434       1
   15      26       1
   15     202       1
   15     302       1
   15     527       1
   15     669       1
   16     478       1
   17     220       1
   17     489       1
   17     620       1
   18     624       1
   19     556       1
   20     651       1
   21     308       1
   21     669       1
   22     539       1
   23     327       1
   23     421       1
   23     549       1
   23     607       1
   24      43       1
   24     540       1
   24     565       1
   24     732       1
   25     234       1
   25     425       1
   25     504       1
   25     702       1
   25     758       1
   27     102       1
   28     109       1
   28     526       1
   29     654       1
   30     130       1
   30     213       1
   30     519       1
   31      87       1
   31     166       1
   31     387       1
   31     682       1
   31     787       1
   32      84       1
   33      66       1
   33     144       1
   33     406       1
   33     532       1
   33     576       1
   33     693       1
   33     703       1
   34      91       1
   34     663       1
   35     168       1
   35     603       1
   36     315       1
   36     345       1
   36     667       1
   37     650       1
   38      97       1
   38     160       1
   39     214       1
   40     138       1
   40     200       1
   40     711       1
   41     530       1
   41     591       1
   43     377       1
   43     512       1
   43     735       1
   44     202       1
   44     615       1
   44     687       1
   45     199       1
   46     567       1
   47     144       1
   48     161       1
   48     639       1
   48     662       1
   49     383       1
   50     197       1
   50     435       1
   50     569       1
   50     666       1
   51      72       1
   52     800       1
   53     729       1
   54     276       1
   54     380       1
   54     632       1
   55     641       1
   56     145       1
   56     158       1
   56     725       1
   56     734       1
   57     278       1
   57     737       1
   58     793       1
   59     588       1
   60     570       1
   60     595       1
   61     619       1
   62     248       1
   62     362       1
   62     632       1
   63      92       1
   64     148       1
   64     594       1
   64     770       1
   65     619       1
   66      92       1
   66     113       1
   66     205       1
   66     221       1
   66     500       1
   66     559       1
   66     592       1
   66     612       1
   66     796       1
   67     202       1
   67     251       1
   67     318       1
   68      97       1
   69     303       1
   69     398       1
   70     532       1
   71     493       1
   72     718       1
   73     295       1
   73     719       1
   74     442       1
   75     542       1
   75     729       1
   76     213       1
   78     707       1
   79     571       1
   80     199       1
   80     392       1
   80     547       1
   80     766       1
   81      93       1
   81     121       1
   81     544       1
   81     611       1
   81     648       1
   82     454       1
   82     475       1
   83     316       1
   83     582       1
   84     219       1
   85     203       1
   85     766       1
   86     515       1
   87     314       1
   87     739       1
   88     628       1
   89     116       1
   90     155       1
   90     306       1
   90     333       1
   90     340       1
   90     559       1
   90     655       1
   90     679       1
   90     685       1
   90     748       1
   91     217       1
   92     455       1
   93     171       1
   93     757       1
   93     766       1
   94     394       1
   94     641       1
   95     277       1
   96     785       1
   97     356       1
   98     135       1
   99     312       1
   99     385       1
   99     612       1
   99     766       1
  100     280       1
  100     713       1
  100     797       1
  101     225       1
  101     297       1
  102     194       1
  102     524       1
  102     577       1
  102     589       1
  103     245       1
  103     354       1
  104     242       1
  105     362       1
  106     350       1
  106     426       1
  107     707       1
  107     774       1
  108     725       1
  109     494       1
  110     500       1
  111     204       1
  111     633       1
  111     742       1
  112     530       1
  113     397       1
  113     760       1
  114     368       1
  114     673       1
  115     766       1
  116     725       1
  116     774       1
  117     156       1
  118     400       1
  118     708       1
  119     488       1
  122     482       1
  124     242       1
  124     311       1
  124     555       1
  124     718       1
  125     407       1
  125     429       1
  125     535       1
  125     612       1
  125     661       1
  126     168       1
  126     413       1
  126     470       1
  127     298       1
  128     214       1
  128     746       1
  129     561       1
  130     491       1
  131     395       1
  132     232       1
  132     626       1
  133     501       1
  133     710       1
  134     345       1
  134     374       1
  135     241       1
  135     390       1
  135     414       1
  135     636       1
  135     640       1
  136     277       1
  137     600       1
  138     255       1
  139     164       1
  139     345       1
  139     559       1
  140     366       1
  141     374       1
  141     443       1
  142     381       1
  143     628       1
  144     258       1
  144     441       1
  145     753       1
  146     292       1
  146     550       1
  147     647       1
  148     324       1
  149     610       1
  150     270       1
  150     355       1
  151     376       1
  151     462       1
  151     531       1
  151     562       1
  152     337       1
  153     560       1
  154     314       1
  155     237       1
  155     769       1
  156     229       1
  156     364       1
  156     406       1
  156     677       1
  156     683       1
  157     579       1
  157     720       1
  158     281       1
  158     382       1
  159     258       1
  160     335       1
  160     516       1
  160     623       1
  160     660       1
  162     761       1
  163     257       1
  163     488       1
  163     696       1
  165     727       1
  165     763       1
  166     453       1
  166     663       1
  166     690       1
  167     191       1
  167     443       1
  167     647       1
  168     310       1
  169     566       1
  169     598       1
  169     763       1
  170     283       1
  172     675       1
  172     763       1
  173     432       1
  173     717       1
  174     227       1
  174     582       1
  174     665       1
  174     709       1
  174     725       1
  175     606       1
  176     335       1
  177     532       1
  178     741       1
  179     255       1
  180     290       1
  180     405       1
  180     432       1
  180     582       1
  181     583       1
  181     608       1
  182     771       1
  183     394       1
  184     383       1
  184     465       1
  184     681       1
  185     586       1
  186     216       1
  186     595       1
  186     603       1
  187     296       1
  187     545       1
  187     587       1
  188     231       1
  188     269       1
  188     768       1
  189     330       1
  189     452       1
  189     494       1
  190     322       1
  190     493       1
  192     197       1
  192     358       1
  193     483       1
  194     689       1
  195     331       1
  196     599       1
  196     794       1
  197     286       1
  197     372       1
  197     556       1
  197     574       1
  198     654       1
  198     738       1
  200     321       1
  201     424       1
  202     620       1
  202     636       1
  204     484       1
  204     636       1
  205     319       1
  205     338       1
  206     401       1
  207     364       1
  208     614       1
  209     500       1
  209     716       1
  210     231       1
  210     300       1
  210     636       1
  211     399       1
  212     266       1
  212     733       1
  212     775       1
  213     270       1
  213     363       1
  213     522       1
  214     293       1
  214     332       1
  214     463       1
  214     670       1
  215     447       1
  215     539       1
  215     652       1
  216     270       1
  216     658       1
  216     759       1
  217     351       1
  217     512       1
  217     520       1
  218     754       1
  219     357       1
  219     518       1
  221     394       1
  222     400       1
  222     538       1
  222     698       1
  223     500       1
  223     763       1
  224     371       1
  225     475       1
  226     277       1
  226     646       1
  227     412       1
  227     528       1
  228     451       1
  229     510       1
  230     397       1
  231     509       1
  231     559       1
  231     643       1
  231     718       1
  231     745       1
  232     792       1
  233     243       1
  234     600       1
  235     493       1
  236     362       1
  236     694       1
  236     773       1
  237     252       1
  238     674       1
  239     259       1
  239     755       1
  240     246       1
  240     543       1
  241     478       1
  241     584       1
  242     593       1
  243     326       1
  243     619       1
  244     648       1
  245     530       1
  246     650       1
  247     316       1
  249     665       1
  250     295       1
  251     709       1
  253     736       1
  254     590       1
  254     720       1
  255     383       1
  256     735       1
  258     329       1
  258     478       1
  259     581       1
  260     564       1
  261     279       1
  262     293       1
  262     631       1
  263     710       1
  264     721       1
  265     759       1
  267     469       1
  268     572       1
  269     331       1
  270     433       1
  271     616       1
  271     673       1
  272     788       1
  273     537       1
  273     622       1
  273     649       1
  273     723       1
  273     744       1
  274     612       1
  274     798       1
  275     373       1
  275     698       1
  277     367       1
  277     571       1
  278     483       1
  279     283       1
  279     335       1
  279     568       1
  279     651       1
  279     725       1
  279     787       1
  280     771       1
  282     451       1
  283     604       1
  284     358       1
  284     393       1
  284     664       1
  284     732       1
  285     396       1
  285     586       1
  285     651       1
  287     578       1
  288     605       1
  288     725       1
  289     566       1
  289     595       1
  290     294       1
  291     741       1
  291     761       1
  292     365       1
  292     572       1
  293     516       1
  294     638       1
  295     362       1
  295     676       1
  297     779       1
  298     330       1
  298     367       1
  298     588       1
  298     650       1
  299     480       1
  299     548       1
  300     410       1
  301     548       1
  302     793       1
  304     501       1
  305     401       1
  305     509       1
  305     551       1
  306     318       1
  306     350       1
  306     602       1
  307     357       1
  308     489       1
  309     606       1
  309     639       1
  309     691       1
  312     344       1
  312     493       1
  313     423       1
  315     459       1
  317     362       1
  317     736       1
  318     704       1
  319     721       1
  320     721       1
  321     337       1
  321     617       1
  321     700       1
  323     344       1
  323     791       1
  324     326       1
  325     690       1
  327     670       1
  328     418       1
  329     513       1
  330     415       1
  330     735       1
  330     755       1
  331     522       1
  334     479       1
  335     398       1
  335     539       1
  335     578       1
  335     614       1
  336     374       1
  337     374       1
  337     480       1
  337     564       1
  337     715       1
  337     725       1
  338     391       1
  338     597       1
  338     736       1
  339     370       1
  339     594       1
  340     401       1
  340     561       1
  340     788       1
  341     573       1
  342     375       1
  342     515       1
  343     766       1
  344     660       1
  344     675       1
  345     585       1
  346     561       1
  347     532       1
  348     697       1
  349     636       1
  349     657       1
  351     478       1
  351     644       1
  352     356       1
  352     636       1
  353     400       1
  355     586       1
  356     781       1
  357     654       1
  357     672       1
  357     712       1
  359     733       1
  360     641       1
  360     663       1
  360     775       1
  361     787       1
  362     367       1
  362     549       1
  363     436       1
  364     530       1
  365     385       1
  365     402       1
  366     486       1
  366     523       1
  366     591       1
  367     461       1
  367     570       1
  367     619       1
  367     766       1
  369     715       1
  370     399       1
  370     575       1
  371     694       1
  374     473       1
  374     702       1
  376     558       1
  377     583       1
  378     484       1
  378     625       1
  379     570       1
  381     416       1
  381     462       1
  383     452       1
  383     623       1
  383     722       1
  384     556       1
  385     408       1
  386     390       1
  386     588       1
  388     490       1
  388     655       1
  389     617       1
  393     732       1
  395     654       1
  395     790       1
  396     726       1
  398     692       1
  399     671       1
  400     443       1
  400     460       1
  400     502       1
  400     618       1
  402     531       1
  403     593       1
  404     584       1
  404     800       1
  405     731       1
  406     593       1
  406     638       1
  406     762       1
  409     525       1
  409     578       1
  411     458       1
  412     730       1
  413     418       1
  413     559       1
  415     546       1
  415     598       1
  415     713       1
  415     756       1
  416     613       1
  417     655       1
  419     561       1
  420     636       1
  422     669       1
  423     729       1
  424     631       1
  426     482       1
  426     612       1
  426     626       1
  426     752       1
  427     565       1
  428     531       1
  430     522       1
  431     458       1
  431     619       1
  434     732       1
  437     775       1
  438     626       1
  439     657       1
  440     656       1
  442     570       1
  442     678       1
  443     637       1
  444     538       1
  445     492       1
  446     567       1
  446     651       1
  447     532       1
  448     641       1
  449     631       1
  450     531       1
  450     585       1
  451     571       1
  454     529       1
  454     642       1
  454     749       1
  455     534       1
  455     544       1
  455     728       1
  456     736       1
  457     620       1
  459     782       1
  460     563       1
  460     771       1
  461     492       1
  462     559       1
  462     594       1
  464     707       1
  466     486       1
  466     578       1
  467     785       1
  468     709       1
  469     565       1
  470     594       1
  470     624       1
  471     516       1
  472     488       1
  472     522       1
  473     717       1
  474     668       1
  475     486       1
  476     493       1
  476     754       1
  477     525       1
  478     495       1
  478     752       1
  479     783       1
  481     499       1
  481     532       1
  482     485       1
  483     514       1
  487     541       1
  487     559       1
  487     580       1
  488     551       1
  490     575       1
  494     724       1
  496     676       1
  497     539       1
  498     554       1
  498     612       1
  501     775       1
  503     755       1
  504     545       1
  505     527       1
  506     544       1
  506     655       1
  507     634       1
  507     673       1
  508     568       1
  511     572       1
  511     750       1
  514     651       1
  515     757       1
  516     653       1
  517     521       1
  517     670       1
  520     763       1
  522     740       1
  523     799       1
  526     767       1
  528     635       1
  528     731       1
  530     749       1
  532     557       1
  533     557       1
  533     682       1
  536     709       1
  539     588       1
  541     578       1
  541     729       1
  545     655       1
  548     794       1
  549     595       1
  551     586       1
  551     600       1
  551     678       1
  552     685       1
  553     632       1
  556     568       1
  556     783       1
  557     706       1
  559     751       1
  560     582       1
  563     624       1
  564     780       1
  573     587       1
  573     797       1
  577     737       1
  578     654       1
  578     655       1
  582     632       1
  582     661       1
  585     770       1
  587     645       1
  588     772       1
  588     782       1
  589     665       1
  590     630       1
  590     654       1
  591     641       1
  594     697       1
  594     785       1
  595     755       1
  596     597       1
  596     652       1
  599     753       1
  601     633       1
  606     778       1
  608     736       1
  609     747       1
  609     781       1
  610     775       1
  612     725       1
  612     775       1
  613     616       1
  613     629       1
  613     689       1
  614     767       1
  617     713       1
  618     718       1
  619     627       1
  621     692       1
  623     778       1
  627     784       1
  628     779       1
  628     783       1
  633     774       1
  635     787       1
  639     663       1
  641     686       1
  646     741       1
  647     705       1
  654     740       1
  656     767       1
  659     723       1
  663     723       1
  663     786       1
  666     750       1
  668     729       1
  672     688       1
  673     757       1
  680     720       1
  682     729       1
  683     789       1
  684     781       1
  690     701       1
  695     777       1
  698     776       1
  698     795       1
  699     759       1
  714     756       1
  721     797       1
  737     765       1
  738     797       1
  743     776       1
  755     764       1
  777     787       1
