  300     353
    1     154       1
    1     272       1
    2      28       1
    3      84       1
    3     218       1
    3     220       1
    3     225       1
    3     281       1
    4     150       1
    5     114       1
    6      81       1
    7     246       1
    8     227       1
    9     257       1
    9     268       1
   10     243       1
   10     268       1
   11     134       1
   12      14       1
   12     155       1
   12     159       1
   12     169       1
   12     210       1
   13     141       1
   14     199       1
   14     272       1
   15      22       1
   15      90       1
   15     174       1
   15     210       1
   15     251       1
   16     175       1
   17      57       1
   17      95       1
   17     154       1
   17     293       1
   18      50       1
   19     297       1
   20     193       1
   21     122       1
   21     286       1
   22      55       1
   23     106       1
   24      60       1
   24     166       1
   24     185       1
   24     210       1
   24     235       1
   24     271       1
   25      59       1
   25     209       1
   26     227       1
   27     161       1
   27     253       1
   28      93       1
   28      94       1
   28     181       1
   29      52       1
   29      65       1
   29      68       1
   29      73       1
   29     193       1
   29     209       1
   29     210       1
   29     240       1
   29     253       1
   29     260       1
   30      61       1
   30     121       1
   30     219       1
   31     125       1
   31     211       1
   32      66       1
   33      91       1
   33     100       1
   33     255       1
   34     145       1
   34     168       1
   35     243       1
   36     232       1
   37     172       1
   37     210       1
   38     219       1
   39     156       1
   39     271       1
   40     131       1
   40     188       1
   41     136       1
   42     115       1
   42     216       1
   43     136       1
   43     143       1
   43     220       1
   43     249       1
   44      48       1
   44      94       1
   44     298       1
   45     203       1
   46     151       1
   46     179       1
   47     102       1
   47     186       1
   47     290       1
   49     170       1
   49     177       1
   49     178       1
   50     149       1
   50     209       1
   50     211       1
   50     299       1
   51     201       1
   53     120       1
   53     160       1
   53     170       1
   53     281       1
   54     115       1
   54     217       1
   54     291       1
   55     201       1
   56     244       1
   58      84       1
   58     151       1
   58     160       1
   59      78       1
   59     127       1
   60     188       1
   60     252       1
   62     112       1
   63     132       1
   63     293       1
   64      72       1
   64     101       1
   64     132       1
   65     177       1
   65     203       1
   66      90       1
   67     142       1
   67     212       1
   67     285       1
   68     134       1
   68     189       1
   68     232       1
   68     244       1
   68     269       1
   68     287       1
   69      78       1
   69      81       1
   69     216       1
   69     297       1
   70      74       1
   70     104       1
   70     191       1
   70     220       1
   70     295       1
   71     115       1
   73     167       1
   74     242       1
   75     197       1
   75     260       1
   76     222       1
   77     124       1
   77     265       1
   78     142       1
   78     231       1
   79     258       1
   80     237       1
   81     162       1
   81     202       1
   81     279       1
   82     185       1
   83     145       1
   83     187       1
   83     202       1
   83     298       1
   84      96       1
   84     129       1
   84     208       1
   84     231       1
   84     262       1
   84     270       1
   84     282       1
   85     202       1
   86      87       1
   86     137       1
   86     231       1
   86     275       1
   88     228       1
   89     125       1
   89     293       1
   90     277       1
   91     282       1
   92     237       1
   93     110       1
   94     119       1
   94     233       1
   94     258       1
   94     300       1
   95     105       1
   96     240       1
   97     151       1
   98     148       1
   99     126       1
   99     219       1
  101     146       1
  101     175       1
  101     201       1
  101     209       1
  102     117       1
  102     128       1
  102     146       1
  103     114       1
  103     221       1
  103     278       1
  103     286       1
  104     133       1
  104     135       1
  104     210       1
  106     130       1
  106     209       1
  106     246       1
  107     295       1
  108     255       1
  109     134       1
  110     124       1
  111     179       1
  111     230       1
  112     177       1
  112     183       1
  113     300       1
  115     168       1
  115     209       1
  115     263       1
  115     290       1
  116     159       1
  117     124       1
  118     121       1
  120     164       1
  120     293       1
  121     134       1
  123     215       1
  124     222       1
  124     242       1
  124     292       1
  124     293       1
  129     142       1
  129     251       1
  129     287       1
  130     230       1
  131     245       1
  134     279       1
  135     158       1
  136     280       1
  137     144       1
  137     192       1
  138     245       1
  139     272       1
  140     175       1
  141     173       1
  144     267       1
  146     224       1
  147     209       1
  147     215       1
  148     175       1
  149     254       1
  149     261       1
  150     180       1
  150     287       1
  152     158       1
  153     247       1
  154     234       1
  155     212       1
  155     220       1
  155     273       1
  155     274       1
  156     243       1
  157     271       1
  157     288       1
  158     244       1
  162     194       1
  163     187       1
  163     246       1
  164     289       1
  165     288       1
  166     248       1
  168     250       1
  168     285       1
  171     208       1
  172     183       1
  173     277       1
  175     289       1
  176     182       1
  177     228       1
  178     253       1
  179     292       1
  180     194       1
  181     198       1
  182     266       1
  184     282       1
  185     245       1
  186     226       1
  186     271       1
  190     196       1
  191     264       1
  193     194       1
  193     276       1
  194     195       1
  194     260       1
  196     292       1
  197     200       1
  197     271       1
  198     228       1
  200     218       1
  201     282       1
  203     213       1
  203     220       1
  203     259       1
  204     291       1
  205     247       1
  206     296       1
  207     229       1
  207     255       1
  210     227       1
  210     255       1
  210     258       1
  213     220       1
  214     235       1
  215     247       1
  215     258       1
  220     258       1
  222     294       1
  223     287       1
  224     243       1
  226     266       1
  227     286       1
  232     241       1
  233     266       1
  236     258       1
  237     253       1
  238     248       1
  239     267       1
  240     256       1
  240     293       1
  240     296       1
  243     292       1
  246     260       1
  255     267       1
  256     279       1
  257     271       1
  258     264       1
  278     283       1
  284     286       1
  286     296       1
  286     297       1
