  300     353
    1       5       1
    1     159       1
    1     168       1
    1     199       1
    1     267       1
    1     285       1
    2      30       1
    2     185       1
    3     166       1
    3     198       1
    3     273       1
    3     280       1
    4      16       1
    4      32       1
    4     191       1
    4     277       1
    5      83       1
    5     265       1
    6      16       1
    6     115       1
    6     289       1
    7       9       1
    7      47       1
    7     165       1
    7     168       1
    7     194       1
    8     123       1
    8     288       1
    9      42       1
    9      62       1
    9     179       1
    9     180       1
    9     222       1
    9     288       1
   10     174       1
   11     264       1
   12      97       1
   12     203       1
   12     299       1
   13     105       1
   14      81       1
   14     143       1
   15      48       1
   16     107       1
   16     206       1
   17      85       1
   17     215       1
   18      45       1
   18     120       1
   19      82       1
   19     144       1
   19     167       1
   20     273       1
   21      87       1
   22     113       1
   22     184       1
   23      91       1
   24     243       1
   25     127       1
   25     295       1
   26      91       1
   26     222       1
   26     299       1
   27      72       1
   27     178       1
   27     188       1
   27     237       1
   27     241       1
   27     294       1
   28      43       1
   28     182       1
   29     219       1
   30     179       1
   31     190       1
   32     225       1
   32     269       1
   33     121       1
   34      36       1
   35     158       1
   35     228       1
   36      61       1
   36     122       1
   36     222       1
   37      72       1
   38      50       1
   38     296       1
   39      53       1
   39     157       1
   39     161       1
   40     111       1
   41      66       1
   42      49       1
   42      98       1
   42     111       1
   43      60       1
   43     105       1
   43     192       1
   43     225       1
   43     252       1
   44      94       1
   44     128       1
   44     146       1
   44     212       1
   44     232       1
   46     253       1
   46     281       1
   47     130       1
   48      62       1
   48      99       1
   49      82       1
   49     141       1
   49     164       1
   51     103       1
   52     194       1
   53      89       1
   53     132       1
   54     130       1
   54     197       1
   54     240       1
   55      66       1
   55     147       1
   55     212       1
   56      70       1
   57     172       1
   58      83       1
   58     286       1
   59      79       1
   59      84       1
   59     152       1
   61     100       1
   61     142       1
   61     154       1
   62      80       1
   62     229       1
   63     121       1
   63     196       1
   63     244       1
   64     186       1
   64     231       1
   65     103       1
   65     112       1
   65     203       1
   65     214       1
   65     278       1
   66     234       1
   67     168       1
   67     176       1
   67     187       1
   68     182       1
   69     126       1
   69     175       1
   70     221       1
   71     189       1
   73     118       1
   73     143       1
   73     197       1
   74     160       1
   75     220       1
   75     251       1
   76     151       1
   76     166       1
   77     294       1
   78     211       1
   79     215       1
   84     144       1
   84     179       1
   84     192       1
   84     221       1
   85     182       1
   85     227       1
   86      97       1
   86     244       1
   87     156       1
   88     230       1
   89     192       1
   90     298       1
   92     187       1
   93     196       1
   95     212       1
   96     150       1
   96     288       1
   97     139       1
   98     114       1
   98     171       1
   99     206       1
  100     242       1
  101     206       1
  102     184       1
  102     271       1
  103     162       1
  103     295       1
  104     223       1
  105     258       1
  105     287       1
  105     288       1
  106     291       1
  108     197       1
  108     218       1
  108     244       1
  108     267       1
  108     282       1
  108     294       1
  109     208       1
  110     124       1
  110     215       1
  110     292       1
  111     178       1
  112     134       1
  112     151       1
  112     223       1
  113     181       1
  113     226       1
  115     296       1
  115     298       1
  116     273       1
  117     173       1
  118     224       1
  118     298       1
  119     294       1
  120     283       1
  121     183       1
  122     131       1
  123     127       1
  123     188       1
  124     134       1
  124     180       1
  125     188       1
  125     193       1
  126     127       1
  126     178       1
  127     141       1
  127     172       1
  129     135       1
  129     169       1
  129     192       1
  129     212       1
  129     283       1
  131     190       1
  133     178       1
  133     269       1
  133     290       1
  134     189       1
  134     243       1
  136     158       1
  137     225       1
  137     252       1
  138     160       1
  138     206       1
  138     266       1
  138     275       1
  138     297       1
  138     298       1
  139     295       1
  140     254       1
  141     226       1
  145     154       1
  146     158       1
  148     176       1
  148     200       1
  148     206       1
  149     295       1
  151     204       1
  153     285       1
  153     296       1
  155     272       1
  156     297       1
  156     300       1
  157     188       1
  159     212       1
  159     265       1
  159     294       1
  160     284       1
  161     174       1
  161     245       1
  163     188       1
  164     265       1
  166     270       1
  167     196       1
  167     264       1
  169     287       1
  170     177       1
  170     235       1
  173     295       1
  174     235       1
  174     254       1
  175     180       1
  178     256       1
  179     219       1
  179     294       1
  180     206       1
  180     259       1
  180     273       1
  181     265       1
  184     190       1
  185     246       1
  186     298       1
  187     212       1
  187     220       1
  188     266       1
  192     207       1
  192     265       1
  194     274       1
  194     293       1
  195     262       1
  195     271       1
  196     216       1
  196     255       1
  196     271       1
  197     209       1
  197     254       1
  197     271       1
  200     248       1
  201     300       1
  202     242       1
  202     283       1
  203     238       1
  204     208       1
  204     273       1
  205     214       1
  210     212       1
  211     294       1
  212     263       1
  213     288       1
  217     288       1
  219     227       1
  223     270       1
  224     257       1
  225     245       1
  227     233       1
  227     271       1
  229     231       1
  230     248       1
  236     299       1
  238     260       1
  238     279       1
  239     284       1
  243     261       1
  244     248       1
  247     269       1
  249     258       1
  250     258       1
  254     276       1
  254     279       1
  255     291       1
  265     295       1
  268     291       1
  271     280       1
  272     280       1
  272     294       1
  273     282       1
  281     288       1
  281     291       1
  286     289       1
