   50      73
    1      35       1
    1      41       1
    1      49       1
    1      50       1
    2      20       1
    2      36       1
    2      39       1
    3      23       1
    3      31       1
    3      46       1
    4      30       1
    4      47       1
    5       8       1
    5      29       1
    5      30       1
    5      36       1
    6      11       1
    6      19       1
    6      29       1
    7      12       1
    7      16       1
    7      23       1
    7      24       1
    7      39       1
    8      39       1
    9      13       1
    9      18       1
    9      20       1
    9      24       1
    9      25       1
    9      29       1
   10      13       1
   10      14       1
   11      34       1
   13      15       1
   13      47       1
   14      34       1
   14      37       1
   14      40       1
   14      47       1
   15      19       1
   15      50       1
   16      33       1
   16      46       1
   17      19       1
   17      28       1
   18      40       1
   18      45       1
   19      44       1
   20      42       1
   20      50       1
   21      29       1
   21      40       1
   22      32       1
   24      37       1
   24      46       1
   24      47       1
   26      35       1
   27      28       1
   27      35       1
   27      37       1
   27      39       1
   27      48       1
   28      37       1
   31      42       1
   32      39       1
   32      43       1
   32      45       1
   33      40       1
   37      43       1
   38      42       1
   38      47       1
   43      45       1
