  700     780
    1     527       1
    2      90       1
    3     424       1
    4     200       1
    4     433       1
    4     452       1
    4     490       1
    4     594       1
    5     438       1
    6     468       1
    7      91       1
    8     214       1
    8     262       1
    8     365       1
    8     463       1
    9     504       1
   10      73       1
   11     190       1
   11     452       1
   11     700       1
   12     313       1
   12     522       1
   13     413       1
   13     417       1
   13     683       1
   14      33       1
   14      59       1
   15     189       1
   15     236       1
   16     341       1
   16     459       1
   16     639       1
   17     226       1
   18     344       1
   18     419       1
   18     495       1
   19     405       1
   19     601       1
   19     641       1
   20     512       1
   20     604       1
   21     343       1
   21     349       1
   22      56       1
   22      60       1
   23      41       1
   23     147       1
   24     163       1
   25     699       1
   26     173       1
   26     335       1
   26     533       1
   27     119       1
   27     120       1
   27     162       1
   28     163       1
   28     246       1
   28     388       1
   28     498       1
   28     552       1
   28     648       1
   29     537       1
   29     583       1
   30     442       1
   30     640       1
   31     167       1
   31     231       1
   31     244       1
   31     347       1
   31     496       1
   31     547       1
   31     562       1
   31     672       1
   32      65       1
   33     564       1
   34     415       1
   35     531       1
   36      74       1
   36     530       1
   36     660       1
   37     253       1
   38     655       1
   39     243       1
   39     255       1
   39     290       1
   39     352       1
   39     676       1
   40     136       1
   40     681       1
   41     163       1
   41     258       1
   41     363       1
   42     223       1
   42     399       1
   43     421       1
   44     235       1
   45      58       1
   46     164       1
   47     125       1
   48     242       1
   48     673       1
   49      65       1
   49     223       1
   49     640       1
   50     225       1
   50     542       1
   51     296       1
   52     174       1
   53     310       1
   53     353       1
   54     108       1
   54     458       1
   55     152       1
   55     156       1
   55     204       1
   56     190       1
   56     288       1
   57     164       1
   58      90       1
   58     410       1
   58     700       1
   59     198       1
   61     279       1
   61     457       1
   62     145       1
   63     138       1
   63     212       1
   63     394       1
   64      81       1
   64     524       1
   66     188       1
   67     450       1
   68     540       1
   68     623       1
   69     244       1
   70     562       1
   70     586       1
   70     681       1
   71     167       1
   72     148       1
   72     206       1
   73     399       1
   74     237       1
   74     584       1
   74     681       1
   75     340       1
   75     465       1
   76     245       1
   77     125       1
   77     196       1
   77     510       1
   78     362       1
   79     592       1
   80     380       1
   80     603       1
   81     147       1
   81     519       1
   81     687       1
   82     351       1
   82     647       1
   83     210       1
   83     547       1
   83     620       1
   84     288       1
   85     181       1
   86     358       1
   86     572       1
   87     164       1
   87     214       1
   87     409       1
   87     410       1
   87     428       1
   88     139       1
   89     306       1
   89     616       1
   90     121       1
   90     227       1
   90     572       1
   90     678       1
   91     373       1
   91     611       1
   91     677       1
   92     503       1
   93     538       1
   93     649       1
   94     297       1
   94     571       1
   95     201       1
   96     561       1
   97     575       1
   98     253       1
   99     203       1
   99     283       1
   99     329       1
   99     497       1
  100     438       1
  100     627       1
  100     680       1
  101     326       1
  102     309       1
  103     688       1
  104     134       1
  104     229       1
  105     125       1
  105     387       1
  106     496       1
  107     218       1
  108     110       1
  108     178       1
  108     270       1
  109     196       1
  109     234       1
  111     608       1
  112     121       1
  112     316       1
  112     406       1
  113     137       1
  113     358       1
  113     561       1
  113     652       1
  114     411       1
  115     427       1
  116     250       1
  116     275       1
  117     439       1
  118     254       1
  118     391       1
  118     615       1
  119     343       1
  119     493       1
  120     138       1
  120     301       1
  120     347       1
  120     367       1
  120     369       1
  120     446       1
  122     490       1
  123     256       1
  124     579       1
  125     167       1
  125     177       1
  125     217       1
  125     224       1
  125     279       1
  125     280       1
  125     404       1
  125     408       1
  126     382       1
  126     694       1
  127     272       1
  128     155       1
  128     361       1
  128     640       1
  129     609       1
  130     294       1
  131     548       1
  132     326       1
  132     531       1
  133     603       1
  134     203       1
  134     592       1
  134     614       1
  134     621       1
  135     154       1
  135     494       1
  137     203       1
  137     413       1
  137     509       1
  138     193       1
  138     435       1
  138     567       1
  139     410       1
  140     217       1
  141     221       1
  141     347       1
  142     201       1
  143     253       1
  144     398       1
  145     302       1
  146     488       1
  148     256       1
  148     662       1
  149     302       1
  149     466       1
  150     345       1
  150     454       1
  150     470       1
  151     270       1
  152     198       1
  153     471       1
  154     314       1
  154     470       1
  154     493       1
  155     390       1
  156     215       1
  156     397       1
  157     468       1
  158     182       1
  158     469       1
  159     247       1
  159     447       1
  159     492       1
  160     289       1
  160     462       1
  160     639       1
  160     698       1
  161     315       1
  162     425       1
  162     534       1
  162     584       1
  163     323       1
  163     324       1
  163     381       1
  163     457       1
  163     573       1
  164     515       1
  164     593       1
  164     637       1
  165     490       1
  166     201       1
  167     385       1
  167     392       1
  167     583       1
  168     547       1
  168     665       1
  169     404       1
  169     412       1
  169     587       1
  170     187       1
  170     254       1
  170     302       1
  170     398       1
  170     495       1
  170     631       1
  170     643       1
  171     228       1
  172     601       1
  174     392       1
  174     641       1
  175     180       1
  175     319       1
  176     365       1
  176     505       1
  177     222       1
  177     380       1
  177     421       1
  178     245       1
  178     404       1
  179     196       1
  179     653       1
  181     212       1
  183     390       1
  184     323       1
  185     678       1
  186     447       1
  188     474       1
  188     610       1
  189     478       1
  191     475       1
  192     203       1
  192     241       1
  192     618       1
  192     636       1
  192     687       1
  193     354       1
  194     672       1
  195     516       1
  195     673       1
  196     518       1
  196     617       1
  197     374       1
  197     470       1
  198     256       1
  198     403       1
  198     446       1
  199     206       1
  199     210       1
  201     222       1
  201     561       1
  202     436       1
  202     600       1
  202     657       1
  203     274       1
  203     361       1
  204     568       1
  204     663       1
  205     470       1
  206     336       1
  206     439       1
  206     596       1
  207     307       1
  208     349       1
  208     455       1
  208     578       1
  208     687       1
  209     418       1
  211     223       1
  211     438       1
  211     691       1
  213     220       1
  214     599       1
  215     325       1
  215     406       1
  215     407       1
  216     445       1
  216     465       1
  216     469       1
  216     535       1
  217     266       1
  217     482       1
  217     633       1
  218     354       1
  219     269       1
  219     578       1
  220     225       1
  220     238       1
  220     370       1
  220     372       1
  220     409       1
  220     443       1
  220     492       1
  221     690       1
  223     347       1
  223     418       1
  223     445       1
  223     472       1
  226     248       1
  228     525       1
  228     532       1
  229     230       1
  229     357       1
  229     618       1
  229     681       1
  231     270       1
  232     319       1
  233     421       1
  235     699       1
  236     684       1
  238     289       1
  238     337       1
  239     320       1
  239     370       1
  239     427       1
  240     387       1
  242     366       1
  243     246       1
  243     487       1
  243     672       1
  244     311       1
  244     688       1
  246     286       1
  246     382       1
  246     574       1
  246     605       1
  246     645       1
  248     380       1
  249     591       1
  250     261       1
  250     295       1
  250     296       1
  250     548       1
  250     672       1
  251     270       1
  251     491       1
  251     582       1
  251     636       1
  252     444       1
  253     279       1
  254     309       1
  254     420       1
  256     311       1
  256     624       1
  257     480       1
  257     572       1
  259     281       1
  259     637       1
  260     598       1
  263     341       1
  263     586       1
  264     695       1
  265     375       1
  266     274       1
  266     392       1
  267     277       1
  268     525       1
  271     352       1
  272     367       1
  272     613       1
  273     486       1
  275     515       1
  276     310       1
  276     492       1
  276     563       1
  277     327       1
  277     534       1
  278     328       1
  278     637       1
  279     316       1
  279     424       1
  279     566       1
  280     338       1
  280     511       1
  282     457       1
  283     294       1
  283     396       1
  283     433       1
  283     564       1
  284     351       1
  285     453       1
  285     681       1
  286     320       1
  287     360       1
  287     590       1
  288     297       1
  288     315       1
  288     347       1
  289     339       1
  291     314       1
  292     322       1
  292     328       1
  292     352       1
  292     432       1
  292     526       1
  292     697       1
  293     412       1
  294     554       1
  297     538       1
  298     327       1
  298     519       1
  299     460       1
  299     545       1
  299     677       1
  300     401       1
  300     460       1
  301     364       1
  301     584       1
  302     319       1
  302     332       1
  302     609       1
  303     354       1
  303     450       1
  304     331       1
  305     376       1
  305     421       1
  305     668       1
  306     382       1
  306     403       1
  306     547       1
  307     592       1
  308     312       1
  312     442       1
  312     468       1
  313     523       1
  317     362       1
  318     562       1
  321     394       1
  325     589       1
  328     686       1
  330     402       1
  330     635       1
  331     593       1
  332     628       1
  333     486       1
  334     367       1
  334     563       1
  334     595       1
  334     655       1
  335     426       1
  335     562       1
  336     539       1
  336     661       1
  337     606       1
  338     368       1
  338     540       1
  339     561       1
  339     608       1
  341     451       1
  341     490       1
  342     533       1
  343     390       1
  343     476       1
  344     374       1
  346     486       1
  347     474       1
  347     561       1
  347     623       1
  347     654       1
  348     392       1
  349     371       1
  349     679       1
  350     461       1
  350     575       1
  351     421       1
  351     588       1
  351     636       1
  354     356       1
  354     564       1
  355     536       1
  355     624       1
  357     598       1
  357     629       1
  358     474       1
  359     603       1
  360     457       1
  360     557       1
  360     699       1
  362     376       1
  362     506       1
  365     528       1
  366     586       1
  366     622       1
  367     543       1
  367     665       1
  369     375       1
  370     440       1
  370     525       1
  370     547       1
  372     443       1
  373     500       1
  373     603       1
  374     590       1
  376     481       1
  377     441       1
  377     618       1
  378     470       1
  379     639       1
  380     444       1
  381     493       1
  383     591       1
  384     466       1
  384     495       1
  385     402       1
  386     403       1
  389     496       1
  390     392       1
  390     501       1
  390     579       1
  392     516       1
  393     422       1
  393     487       1
  393     556       1
  394     429       1
  395     547       1
  397     677       1
  399     449       1
  400     664       1
  405     533       1
  406     555       1
  407     427       1
  409     522       1
  409     531       1
  409     564       1
  411     413       1
  411     458       1
  411     504       1
  411     531       1
  412     547       1
  414     429       1
  415     578       1
  416     531       1
  421     488       1
  422     473       1
  423     579       1
  423     685       1
  427     577       1
  428     471       1
  428     581       1
  430     487       1
  431     494       1
  433     575       1
  434     525       1
  434     682       1
  435     619       1
  435     639       1
  436     472       1
  436     569       1
  437     438       1
  445     644       1
  448     502       1
  448     666       1
  454     486       1
  456     495       1
  461     568       1
  462     501       1
  462     549       1
  464     592       1
  466     559       1
  467     506       1
  468     567       1
  469     514       1
  471     544       1
  472     503       1
  474     558       1
  475     562       1
  475     696       1
  477     593       1
  478     528       1
  478     555       1
  479     549       1
  483     582       1
  484     677       1
  485     682       1
  486     632       1
  486     672       1
  487     495       1
  487     520       1
  489     593       1
  491     615       1
  494     564       1
  494     673       1
  494     674       1
  495     612       1
  498     642       1
  499     588       1
  501     609       1
  502     649       1
  504     508       1
  505     506       1
  505     634       1
  506     656       1
  507     631       1
  508     675       1
  512     655       1
  513     585       1
  514     537       1
  515     523       1
  516     527       1
  517     546       1
  519     531       1
  519     633       1
  520     651       1
  521     687       1
  522     629       1
  527     664       1
  528     562       1
  528     597       1
  529     621       1
  531     667       1
  541     677       1
  543     671       1
  546     664       1
  547     679       1
  550     655       1
  551     561       1
  553     674       1
  553     692       1
  554     693       1
  557     684       1
  560     586       1
  561     597       1
  565     640       1
  567     646       1
  570     681       1
  571     682       1
  576     674       1
  578     593       1
  579     607       1
  580     681       1
  582     604       1
  582     669       1
  585     672       1
  588     625       1
  588     688       1
  591     671       1
  597     689       1
  602     647       1
  614     666       1
  617     658       1
  621     668       1
  626     679       1
  630     650       1
  631     665       1
  635     650       1
  638     670       1
  640     659       1
  640     677       1
  641     651       1
  648     695       1
  650     677       1
  670     679       1
