  100     129
    1      83       1
    2      24       1
    2      51       1
    2      58       1
    3      22       1
    3      25       1
    3      82       1
    4       6       1
    4      48       1
    4      68       1
    5      13       1
    5      73       1
    5      94       1
    6      72       1
    6      85       1
    7      55       1
    7      97       1
    8      21       1
    8      38       1
    9      84       1
   10     100       1
   11      69       1
   11      74       1
   12      42       1
   12      45       1
   12      76       1
   13      49       1
   14      74       1
   15      54       1
   15      56       1
   15      66       1
   16      28       1
   16      75       1
   17      38       1
   17      79       1
   17      89       1
   18      88       1
   19      21       1
   19      30       1
   20      21       1
   21      27       1
   21      64       1
   21      77       1
   22      25       1
   22      42       1
   22      49       1
   22     100       1
   23      63       1
   23      67       1
   23      86       1
   24      52       1
   24      71       1
   25      59       1
   25      71       1
   25      83       1
   25      97       1
   26      49       1
   27      40       1
   28      50       1
   28      54       1
   29      54       1
   29      93       1
   31     100       1
   32      59       1
   32      76       1
   33      99       1
   34      49       1
   34      50       1
   35      76       1
   36      43       1
   36      73       1
   37      83       1
   38      46       1
   39      97       1
   40      60       1
   40      66       1
   40      87       1
   40      97       1
   41      45       1
   41      67       1
   41      95       1
   42      52       1
   42      78       1
   43      81       1
   44      89       1
   44     100       1
   45      61       1
   45      73       1
   45      90       1
   45      93       1
   45      99       1
   46      90       1
   47      55       1
   47      86       1
   49      86       1
   49      94       1
   53      78       1
   54      87       1
   54      91       1
   54     100       1
   56      66       1
   57      76       1
   59      63       1
   59      88       1
   60      66       1
   61      96       1
   62      76       1
   63      79       1
   63      91       1
   64      90       1
   64      95       1
   65      73       1
   67      75       1
   67      80       1
   68     100       1
   70      90       1
   72      74       1
   73      77       1
   73      84       1
   73     100       1
   74      77       1
   76      84       1
   76      88       1
   77      92       1
   78      81       1
   83      96       1
   88      92       1
   93      95       1
   98     100       1
