  300     353
    1     154       1
    2      86       1
    3      44       1
    3     135       1
    3     176       1
    3     205       1
    3     279       1
    4     239       1
    5     101       1
    5     260       1
    6     109       1
    6     242       1
    7     254       1
    8     110       1
    9     111       1
    9     191       1
   10      76       1
   10     105       1
   10     202       1
   10     227       1
   10     249       1
   11      32       1
   12     203       1
   13      57       1
   14      46       1
   15      41       1
   15     127       1
   16     171       1
   17     137       1
   18      40       1
   18     143       1
   19     280       1
   20     206       1
   21     168       1
   21     284       1
   22      68       1
   23     155       1
   24      38       1
   24     190       1
   24     291       1
   25     213       1
   25     295       1
   26      57       1
   26     224       1
   27      73       1
   27     104       1
   27     234       1
   28      64       1
   29      63       1
   29     102       1
   30     177       1
   31     161       1
   31     290       1
   32      89       1
   32      98       1
   32     196       1
   32     297       1
   33      55       1
   33     278       1
   34     257       1
   35     110       1
   35     130       1
   35     257       1
   35     264       1
   36     116       1
   36     236       1
   37     128       1
   37     253       1
   38     143       1
   39     259       1
   39     278       1
   40      58       1
   40      87       1
   40     168       1
   40     241       1
   41     187       1
   41     294       1
   42      65       1
   42     137       1
   42     194       1
   42     225       1
   42     243       1
   42     266       1
   43     147       1
   43     296       1
   44      68       1
   45     133       1
   46      52       1
   46     187       1
   46     261       1
   46     267       1
   47      95       1
   47     153       1
   47     158       1
   47     201       1
   48     161       1
   48     240       1
   49     208       1
   50      87       1
   51     144       1
   51     236       1
   52      77       1
   52     110       1
   52     138       1
   52     163       1
   52     224       1
   52     258       1
   53     143       1
   54     255       1
   55     213       1
   55     281       1
   56     250       1
   57     110       1
   57     289       1
   58     172       1
   58     228       1
   58     300       1
   59     143       1
   59     160       1
   59     162       1
   60      74       1
   61     168       1
   61     282       1
   62     129       1
   62     275       1
   62     292       1
   64     131       1
   64     284       1
   65      79       1
   66     300       1
   67     200       1
   68     162       1
   68     209       1
   69      70       1
   69     229       1
   70      86       1
   70      93       1
   70     222       1
   70     254       1
   70     276       1
   71     158       1
   72     128       1
   73     272       1
   74     250       1
   75     203       1
   75     226       1
   76     151       1
   77     215       1
   78     191       1
   78     257       1
   79      97       1
   79     120       1
   80     215       1
   81     179       1
   82     189       1
   83     159       1
   84     123       1
   84     237       1
   84     295       1
   85      87       1
   86     253       1
   86     256       1
   86     285       1
   87      95       1
   87     164       1
   87     197       1
   88      97       1
   88     155       1
   89     180       1
   90     115       1
   90     246       1
   91     264       1
   91     293       1
   92     211       1
   94     272       1
   94     300       1
   95     215       1
   95     225       1
   95     269       1
   96     270       1
   98     108       1
   99     208       1
  100     182       1
  100     192       1
  102     240       1
  103     142       1
  103     159       1
  103     186       1
  103     286       1
  104     163       1
  106     217       1
  106     288       1
  107     126       1
  107     237       1
  108     245       1
  109     123       1
  110     246       1
  110     256       1
  111     249       1
  111     252       1
  112     298       1
  113     183       1
  113     207       1
  114     140       1
  115     191       1
  116     162       1
  116     277       1
  116     298       1
  117     144       1
  117     288       1
  118     274       1
  119     205       1
  120     286       1
  121     144       1
  122     210       1
  123     205       1
  123     237       1
  123     256       1
  123     278       1
  124     197       1
  124     275       1
  124     276       1
  125     200       1
  126     184       1
  127     128       1
  127     155       1
  127     252       1
  128     175       1
  128     268       1
  129     157       1
  129     229       1
  129     254       1
  131     270       1
  131     288       1
  132     134       1
  132     143       1
  133     218       1
  134     156       1
  136     290       1
  139     205       1
  139     273       1
  140     223       1
  141     250       1
  143     240       1
  144     241       1
  145     193       1
  145     194       1
  145     198       1
  145     230       1
  145     231       1
  145     274       1
  146     206       1
  146     287       1
  147     154       1
  147     211       1
  147     250       1
  147     285       1
  148     149       1
  148     297       1
  150     283       1
  150     295       1
  152     179       1
  154     281       1
  155     189       1
  155     256       1
  156     168       1
  157     285       1
  158     208       1
  159     176       1
  159     179       1
  161     272       1
  161     279       1
  163     232       1
  163     272       1
  163     277       1
  164     242       1
  165     178       1
  166     198       1
  167     213       1
  167     215       1
  167     299       1
  168     285       1
  169     297       1
  170     187       1
  171     177       1
  173     267       1
  174     182       1
  174     204       1
  174     267       1
  174     271       1
  177     253       1
  178     180       1
  178     190       1
  178     205       1
  178     227       1
  178     253       1
  178     290       1
  180     207       1
  180     294       1
  181     278       1
  183     194       1
  184     280       1
  185     278       1
  188     276       1
  192     267       1
  194     208       1
  194     248       1
  194     260       1
  194     265       1
  195     245       1
  196     229       1
  196     237       1
  199     212       1
  199     238       1
  200     256       1
  201     219       1
  203     290       1
  206     267       1
  210     260       1
  211     299       1
  212     285       1
  214     241       1
  216     278       1
  217     224       1
  218     277       1
  220     230       1
  220     235       1
  221     273       1
  222     260       1
  223     246       1
  226     250       1
  226     263       1
  226     291       1
  227     250       1
  233     261       1
  233     279       1
  237     244       1
  239     262       1
  239     280       1
  241     280       1
  245     261       1
  247     280       1
  249     276       1
  250     262       1
  251     270       1
  251     278       1
  254     269       1
  254     270       1
  255     288       1
  256     288       1
  256     297       1
  260     280       1
  283     299       1
