   50      73
    1       6       1
    1      16       1
    1      32       1
    1      45       1
    1      46       1
    2       5       1
    2      18       1
    3       7       1
    3      13       1
    4      13       1
    5      15       1
    5      40       1
    5      44       1
    6       7       1
    6      18       1
    6      37       1
    6      48       1
    7       8       1
    7      24       1
    7      31       1
    7      39       1
    7      42       1
    8      10       1
    8      11       1
    8      18       1
    8      24       1
    8      33       1
    9      20       1
    9      21       1
   10      37       1
   11      35       1
   12      26       1
   13      23       1
   13      44       1
   14      16       1
   14      37       1
   15      35       1
   15      41       1
   16      36       1
   17      28       1
   19      32       1
   19      33       1
   19      41       1
   20      22       1
   20      23       1
   20      40       1
   20      50       1
   21      42       1
   22      28       1
   22      29       1
   22      33       1
   22      37       1
   22      38       1
   22      43       1
   22      45       1
   23      42       1
   23      49       1
   25      35       1
   26      43       1
   27      32       1
   27      46       1
   28      34       1
   28      48       1
   29      36       1
   29      48       1
   30      35       1
   30      48       1
   35      37       1
   37      39       1
   37      41       1
   37      47       1
   39      47       1
   41      49       1
