  800     886
    1     254       1
    1     292       1
    2     144       1
    2     256       1
    3     472       1
    3     655       1
    4     475       1
    5     110       1
    6     359       1
    7     110       1
    8     459       1
    8     558       1
    9     177       1
   10     743       1
   11     636       1
   11     765       1
   12     215       1
   13     157       1
   14      19       1
   15     109       1
   15     518       1
   15     678       1
   16     170       1
   16     203       1
   16     749       1
   17     233       1
   17     501       1
   17     751       1
   18     470       1
   18     609       1
   18     719       1
   19     494       1
   20     245       1
   20     544       1
   21      88       1
   21     127       1
   21     139       1
   21     299       1
   21     462       1
   21     533       1
   21     573       1
   21     786       1
   22     743       1
   23     458       1
   23     718       1
   24     288       1
   25      68       1
   25     172       1
   26      71       1
   26     178       1
   26     475       1
   26     643       1
   27      97       1
   28     378       1
   28     473       1
   29     448       1
   29     716       1
   29     756       1
   30     568       1
   31      53       1
   31      66       1
   31     199       1
   31     664       1
   32     590       1
   33     282       1
   34     213       1
   34     215       1
   34     373       1
   35     401       1
   36     239       1
   37     115       1
   37     162       1
   37     270       1
   37     316       1
   37     758       1
   38     405       1
   38     449       1
   39     205       1
   39     439       1
   39     713       1
   40     735       1
   41     351       1
   41     425       1
   41     466       1
   42     245       1
   42     286       1
   42     513       1
   42     748       1
   43     723       1
   44     220       1
   45     206       1
   46     722       1
   47     640       1
   48     546       1
   48     656       1
   49     102       1
   49     309       1
   49     439       1
   49     611       1
   50      88       1
   51     498       1
   52     509       1
   54     709       1
   55     332       1
   56      62       1
   56     395       1
   56     786       1
   57      70       1
   58     310       1
   58     321       1
   58     698       1
   58     735       1
   59     484       1
   59     653       1
   60     290       1
   60     355       1
   60     493       1
   60     499       1
   60     612       1
   60     774       1
   61     684       1
   62     297       1
   63     131       1
   63     483       1
   64     100       1
   65      72       1
   65      83       1
   65      99       1
   65     293       1
   66      68       1
   66     358       1
   66     436       1
   66     627       1
   66     633       1
   66     672       1
   66     710       1
   67     556       1
   67     733       1
   68     177       1
   68     307       1
   68     335       1
   68     448       1
   69     368       1
   70     559       1
   70     790       1
   70     793       1
   71     782       1
   72     614       1
   73     685       1
   74     412       1
   74     548       1
   75     307       1
   75     768       1
   76     442       1
   76     464       1
   77      85       1
   77     167       1
   77     319       1
   77     452       1
   77     541       1
   77     731       1
   78     716       1
   79     638       1
   80     315       1
   81     442       1
   82     599       1
   82     755       1
   82     798       1
   83     574       1
   84     508       1
   84     770       1
   85     436       1
   85     477       1
   85     764       1
   85     789       1
   86     145       1
   86     432       1
   86     795       1
   87     643       1
   88     271       1
   88     554       1
   89     165       1
   89     515       1
   89     532       1
   90     212       1
   90     385       1
   90     391       1
   90     466       1
   90     522       1
   91      98       1
   91     505       1
   92     104       1
   92     414       1
   93     330       1
   94     263       1
   94     459       1
   95     428       1
   95     568       1
   95     614       1
   95     670       1
   96     391       1
   97     126       1
   99     110       1
   99     125       1
   99     508       1
   99     796       1
  100     446       1
  101     395       1
  102     385       1
  102     543       1
  103     790       1
  105     224       1
  105     314       1
  105     350       1
  106     214       1
  107     261       1
  108     442       1
  108     544       1
  109     778       1
  110     381       1
  110     382       1
  110     400       1
  110     401       1
  110     500       1
  111     653       1
  112     175       1
  113     723       1
  114     569       1
  115     179       1
  115     286       1
  115     454       1
  115     479       1
  115     766       1
  116     335       1
  116     408       1
  116     492       1
  117     708       1
  118     148       1
  118     794       1
  119     385       1
  119     765       1
  120     436       1
  121     546       1
  122     661       1
  122     677       1
  123     744       1
  123     786       1
  124     216       1
  124     681       1
  125     468       1
  125     674       1
  126     550       1
  127     436       1
  127     662       1
  127     664       1
  127     743       1
  128     505       1
  128     708       1
  129     162       1
  130     302       1
  130     407       1
  130     475       1
  131     664       1
  132     150       1
  132     260       1
  132     581       1
  132     584       1
  132     601       1
  133     162       1
  133     166       1
  133     497       1
  134     475       1
  135     684       1
  136     170       1
  136     171       1
  136     290       1
  136     411       1
  136     781       1
  137     466       1
  137     494       1
  137     625       1
  138     220       1
  138     724       1
  138     792       1
  139     214       1
  139     262       1
  140     194       1
  141     585       1
  141     729       1
  142     584       1
  143     362       1
  143     466       1
  143     677       1
  144     383       1
  144     505       1
  144     521       1
  145     360       1
  145     788       1
  146     236       1
  146     257       1
  146     624       1
  147     442       1
  149     393       1
  149     589       1
  149     619       1
  150     239       1
  150     615       1
  150     632       1
  151     405       1
  152     269       1
  152     490       1
  152     553       1
  152     739       1
  153     248       1
  153     684       1
  154     268       1
  154     638       1
  154     712       1
  155     156       1
  155     281       1
  156     788       1
  157     673       1
  157     708       1
  158     586       1
  159     358       1
  159     642       1
  160     310       1
  161     403       1
  163     281       1
  163     779       1
  164     466       1
  166     390       1
  166     477       1
  166     750       1
  166     766       1
  167     175       1
  168     196       1
  168     452       1
  168     457       1
  169     221       1
  170     358       1
  170     746       1
  171     646       1
  172     650       1
  172     719       1
  172     747       1
  173     477       1
  173     723       1
  174     730       1
  175     246       1
  175     393       1
  176     362       1
  176     489       1
  178     522       1
  179     689       1
  180     390       1
  181     385       1
  182     232       1
  183     399       1
  184     533       1
  184     631       1
  184     754       1
  184     773       1
  185     648       1
  186     537       1
  186     695       1
  187     384       1
  187     393       1
  187     414       1
  187     458       1
  187     627       1
  187     645       1
  188     306       1
  189     584       1
  190     199       1
  191     357       1
  191     450       1
  191     519       1
  191     588       1
  191     694       1
  192     298       1
  192     715       1
  193     452       1
  194     225       1
  194     402       1
  194     531       1
  195     337       1
  195     622       1
  195     739       1
  196     210       1
  196     363       1
  196     799       1
  197     335       1
  197     566       1
  198     560       1
  198     562       1
  199     226       1
  199     666       1
  200     505       1
  201     668       1
  201     699       1
  202     366       1
  202     653       1
  203     521       1
  204     534       1
  204     562       1
  206     253       1
  206     761       1
  207     464       1
  207     628       1
  208     660       1
  209     386       1
  211     672       1
  212     300       1
  212     349       1
  212     353       1
  213     214       1
  213     374       1
  213     456       1
  213     788       1
  214     359       1
  214     361       1
  214     370       1
  214     651       1
  215     268       1
  217     518       1
  218     664       1
  219     437       1
  219     760       1
  220     502       1
  221     296       1
  221     333       1
  221     357       1
  221     641       1
  221     790       1
  222     781       1
  223     372       1
  223     455       1
  223     491       1
  223     528       1
  224     294       1
  224     349       1
  224     570       1
  224     572       1
  226     767       1
  227     450       1
  227     766       1
  228     560       1
  228     561       1
  228     786       1
  229     271       1
  230     243       1
  230     282       1
  230     426       1
  231     408       1
  232     298       1
  232     379       1
  232     422       1
  232     498       1
  232     524       1
  232     575       1
  232     692       1
  234     556       1
  235     361       1
  237     281       1
  237     371       1
  237     515       1
  237     634       1
  237     732       1
  238     268       1
  238     308       1
  238     401       1
  238     402       1
  240     468       1
  241     717       1
  242     357       1
  243     275       1
  243     576       1
  243     637       1
  244     358       1
  245     431       1
  245     560       1
  245     699       1
  247     278       1
  247     542       1
  247     592       1
  247     713       1
  248     344       1
  248     680       1
  249     495       1
  249     640       1
  250     705       1
  251     510       1
  252     741       1
  255     273       1
  255     372       1
  258     355       1
  258     736       1
  259     604       1
  259     800       1
  260     438       1
  261     549       1
  261     667       1
  261     753       1
  263     436       1
  263     788       1
  264     296       1
  265     485       1
  265     615       1
  266     295       1
  266     650       1
  267     361       1
  268     343       1
  268     460       1
  269     336       1
  269     481       1
  272     426       1
  273     312       1
  273     465       1
  273     513       1
  274     611       1
  275     657       1
  276     767       1
  277     659       1
  278     432       1
  278     539       1
  278     756       1
  279     492       1
  279     742       1
  280     334       1
  280     398       1
  280     455       1
  282     657       1
  283     703       1
  284     465       1
  285     530       1
  285     578       1
  285     620       1
  287     349       1
  288     534       1
  289     398       1
  289     781       1
  291     366       1
  292     419       1
  293     324       1
  293     663       1
  294     408       1
  294     526       1
  295     392       1
  295     427       1
  296     495       1
  296     626       1
  296     705       1
  299     404       1
  299     557       1
  300     516       1
  300     517       1
  300     649       1
  300     694       1
  301     584       1
  301     638       1
  303     419       1
  303     600       1
  304     655       1
  305     781       1
  306     628       1
  309     800       1
  311     641       1
  313     601       1
  314     702       1
  314     769       1
  315     615       1
  315     766       1
  317     505       1
  317     528       1
  318     482       1
  318     508       1
  318     785       1
  319     417       1
  319     721       1
  320     409       1
  321     573       1
  322     578       1
  323     669       1
  323     757       1
  324     655       1
  324     667       1
  325     606       1
  326     328       1
  326     714       1
  327     759       1
  328     597       1
  329     565       1
  330     423       1
  330     639       1
  330     673       1
  330     718       1
  331     341       1
  332     436       1
  334     375       1
  334     432       1
  338     437       1
  339     401       1
  339     706       1
  340     402       1
  341     796       1
  342     774       1
  344     364       1
  344     377       1
  344     380       1
  344     588       1
  345     624       1
  345     778       1
  345     786       1
  346     598       1
  347     626       1
  348     715       1
  349     420       1
  349     474       1
  350     370       1
  352     712       1
  354     486       1
  354     571       1
  356     726       1
  357     436       1
  357     522       1
  357     582       1
  357     615       1
  357     640       1
  358     714       1
  358     734       1
  359     614       1
  361     512       1
  361     613       1
  363     790       1
  364     412       1
  364     439       1
  364     722       1
  364     740       1
  365     597       1
  367     401       1
  367     542       1
  367     675       1
  368     419       1
  369     390       1
  372     777       1
  373     424       1
  376     397       1
  378     637       1
  383     471       1
  383     603       1
  383     673       1
  385     607       1
  386     462       1
  387     534       1
  388     411       1
  389     635       1
  390     547       1
  392     583       1
  393     800       1
  394     399       1
  396     430       1
  396     582       1
  397     684       1
  398     446       1
  399     419       1
  401     406       1
  402     605       1
  402     779       1
  403     420       1
  408     697       1
  409     436       1
  409     502       1
  409     643       1
  410     638       1
  411     476       1
  412     659       1
  413     422       1
  413     545       1
  413     598       1
  415     713       1
  416     499       1
  418     500       1
  419     494       1
  419     664       1
  419     742       1
  419     759       1
  421     533       1
  422     433       1
  424     429       1
  424     580       1
  426     435       1
  426     725       1
  427     578       1
  427     582       1
  429     700       1
  434     525       1
  434     550       1
  435     670       1
  436     514       1
  436     679       1
  436     713       1
  439     510       1
  440     518       1
  441     612       1
  441     682       1
  441     723       1
  442     659       1
  443     731       1
  444     622       1
  445     526       1
  446     570       1
  446     643       1
  447     782       1
  448     564       1
  449     694       1
  450     486       1
  451     761       1
  452     506       1
  452     688       1
  452     701       1
  453     772       1
  457     520       1
  460     680       1
  461     794       1
  462     730       1
  463     513       1
  466     537       1
  466     783       1
  466     794       1
  467     608       1
  467     728       1
  467     798       1
  469     762       1
  472     507       1
  474     513       1
  474     710       1
  475     719       1
  477     737       1
  478     500       1
  479     516       1
  480     498       1
  481     600       1
  483     593       1
  483     660       1
  483     691       1
  486     554       1
  486     766       1
  487     529       1
  487     635       1
  488     500       1
  490     570       1
  492     676       1
  493     527       1
  493     703       1
  493     713       1
  494     649       1
  494     760       1
  494     791       1
  496     508       1
  496     540       1
  496     742       1
  500     637       1
  500     664       1
  500     684       1
  501     666       1
  502     610       1
  503     777       1
  503     790       1
  504     598       1
  506     648       1
  506     716       1
  509     659       1
  510     660       1
  510     744       1
  510     762       1
  511     546       1
  515     643       1
  515     653       1
  519     644       1
  522     687       1
  523     761       1
  524     550       1
  524     660       1
  524     709       1
  524     772       1
  528     602       1
  528     760       1
  529     730       1
  530     595       1
  531     628       1
  533     611       1
  533     696       1
  534     748       1
  535     789       1
  536     706       1
  538     738       1
  540     790       1
  546     772       1
  550     573       1
  550     776       1
  551     793       1
  552     608       1
  555     739       1
  556     570       1
  556     580       1
  556     797       1
  558     679       1
  560     597       1
  561     752       1
  563     730       1
  565     664       1
  566     794       1
  567     569       1
  569     586       1
  569     630       1
  572     621       1
  576     601       1
  577     693       1
  577     718       1
  579     738       1
  582     794       1
  586     745       1
  587     648       1
  590     719       1
  590     777       1
  591     625       1
  591     643       1
  591     665       1
  594     718       1
  596     639       1
  598     761       1
  601     671       1
  601     728       1
  604     784       1
  606     639       1
  606     694       1
  609     685       1
  611     629       1
  613     683       1
  614     766       1
  615     798       1
  616     722       1
  617     743       1
  618     671       1
  621     686       1
  623     649       1
  627     704       1
  632     652       1
  634     654       1
  634     780       1
  636     785       1
  637     738       1
  637     775       1
  638     715       1
  640     728       1
  643     692       1
  643     707       1
  643     725       1
  647     710       1
  651     720       1
  653     757       1
  658     699       1
  660     739       1
  664     667       1
  664     723       1
  665     694       1
  667     763       1
  673     713       1
  678     730       1
  679     772       1
  681     777       1
  690     764       1
  696     727       1
  701     711       1
  701     757       1
  704     747       1
  705     761       1
  709     713       1
  712     741       1
  717     796       1
  719     729       1
  726     757       1
  729     771       1
  745     766       1
  787     789       1
