  700     780
    1     143       1
    2     398       1
    3     191       1
    4     343       1
    4     580       1
    5     342       1
    6     578       1
    7     102       1
    7     312       1
    7     321       1
    7     383       1
    8      29       1
    8     154       1
    8     180       1
    8     286       1
    8     380       1
    8     662       1
    9     506       1
    9     547       1
    9     643       1
   10     129       1
   10     474       1
   11      12       1
   11      26       1
   11      60       1
   11     424       1
   12     132       1
   12     350       1
   12     414       1
   12     606       1
   13      34       1
   13     168       1
   13     414       1
   14      56       1
   14     410       1
   14     520       1
   15     339       1
   16     558       1
   16     603       1
   17      72       1
   17     284       1
   17     372       1
   18      26       1
   18     425       1
   18     503       1
   18     576       1
   18     645       1
   19     374       1
   20     158       1
   20     304       1
   20     518       1
   21      58       1
   21     456       1
   22     326       1
   22     520       1
   23     330       1
   24     165       1
   24     354       1
   24     574       1
   25     518       1
   27      38       1
   27     562       1
   28     434       1
   29     669       1
   30     511       1
   31     132       1
   31     270       1
   32      64       1
   33     283       1
   34     610       1
   35     104       1
   35     586       1
   36     271       1
   36     321       1
   37     559       1
   37     657       1
   38      68       1
   38     136       1
   38     203       1
   38     241       1
   38     337       1
   38     634       1
   39     116       1
   39     687       1
   40     389       1
   40     594       1
   40     699       1
   41     352       1
   41     414       1
   41     634       1
   42     298       1
   42     638       1
   43     266       1
   43     617       1
   44      70       1
   44     341       1
   45     302       1
   45     382       1
   45     594       1
   46     309       1
   46     386       1
   46     393       1
   46     605       1
   47     637       1
   48     361       1
   48     564       1
   49     561       1
   49     582       1
   50      74       1
   51     306       1
   51     595       1
   52     282       1
   53     544       1
   54     219       1
   55     488       1
   56     489       1
   57     128       1
   57     484       1
   57     654       1
   58     106       1
   58     244       1
   58     343       1
   59     624       1
   60     103       1
   60     201       1
   60     500       1
   61      86       1
   61     388       1
   61     482       1
   62     451       1
   62     521       1
   63     228       1
   63     653       1
   64      90       1
   64     256       1
   65     105       1
   65     317       1
   65     318       1
   65     601       1
   65     641       1
   66     374       1
   67     605       1
   68     134       1
   68     214       1
   68     319       1
   69     561       1
   70      97       1
   70     104       1
   70     193       1
   70     698       1
   71      77       1
   71     330       1
   71     375       1
   71     685       1
   72     126       1
   72     185       1
   72     576       1
   72     578       1
   73     396       1
   73     582       1
   74     362       1
   74     576       1
   75     179       1
   75     253       1
   75     600       1
   76     649       1
   77     261       1
   77     608       1
   78     337       1
   79     297       1
   80     293       1
   80     548       1
   81     138       1
   81     316       1
   81     577       1
   82     280       1
   83     141       1
   83     187       1
   83     538       1
   84     342       1
   85     352       1
   86     606       1
   87     352       1
   88     182       1
   89     190       1
   89     326       1
   91     687       1
   92     150       1
   93     395       1
   94     332       1
   94     697       1
   95     110       1
   95     700       1
   96     142       1
   96     612       1
   97     101       1
   97     226       1
   97     237       1
   97     298       1
   97     477       1
   97     565       1
   97     631       1
   97     683       1
   98     100       1
   98     398       1
   98     535       1
   98     700       1
   99     293       1
  102     186       1
  105     252       1
  105     620       1
  106     542       1
  107     173       1
  107     240       1
  107     518       1
  107     578       1
  108     139       1
  108     150       1
  108     247       1
  108     469       1
  108     594       1
  108     611       1
  109     521       1
  110     165       1
  111     165       1
  111     291       1
  112     492       1
  112     677       1
  113     623       1
  114     460       1
  114     517       1
  114     649       1
  115     248       1
  116     288       1
  116     623       1
  117     145       1
  117     369       1
  117     443       1
  118     270       1
  118     385       1
  118     564       1
  119     487       1
  119     667       1
  120     494       1
  120     607       1
  121     394       1
  121     611       1
  121     627       1
  122     416       1
  122     663       1
  123     273       1
  123     321       1
  124     392       1
  124     499       1
  124     583       1
  125     248       1
  125     667       1
  126     255       1
  126     412       1
  126     505       1
  127     469       1
  128     272       1
  128     292       1
  128     455       1
  130     509       1
  131     519       1
  132     279       1
  133     169       1
  133     259       1
  133     512       1
  135     212       1
  135     269       1
  135     314       1
  135     343       1
  135     414       1
  135     451       1
  135     498       1
  135     523       1
  135     617       1
  135     689       1
  136     177       1
  137     476       1
  138     399       1
  139     413       1
  139     623       1
  140     322       1
  140     615       1
  141     577       1
  142     151       1
  142     361       1
  142     502       1
  142     516       1
  142     544       1
  143     585       1
  144     380       1
  146     451       1
  146     517       1
  147     180       1
  148     347       1
  149     383       1
  150     320       1
  150     642       1
  151     547       1
  152     448       1
  153     241       1
  154     283       1
  154     289       1
  154     334       1
  154     368       1
  155     453       1
  155     508       1
  155     511       1
  156     282       1
  156     535       1
  157     196       1
  157     355       1
  158     628       1
  159     293       1
  160     179       1
  160     232       1
  160     243       1
  160     278       1
  160     280       1
  160     296       1
  160     340       1
  160     501       1
  160     525       1
  160     653       1
  160     686       1
  161     402       1
  161     582       1
  162     659       1
  163     405       1
  164     211       1
  164     588       1
  165     245       1
  165     687       1
  166     459       1
  166     494       1
  167     443       1
  167     547       1
  168     243       1
  168     397       1
  168     493       1
  168     561       1
  169     329       1
  170     689       1
  171     488       1
  172     626       1
  173     284       1
  174     212       1
  175     196       1
  175     489       1
  176     500       1
  177     614       1
  178     403       1
  178     433       1
  178     573       1
  179     304       1
  179     326       1
  179     559       1
  179     697       1
  181     637       1
  182     184       1
  182     311       1
  182     321       1
  182     380       1
  182     603       1
  183     688       1
  184     352       1
  185     443       1
  186     244       1
  187     471       1
  187     530       1
  188     248       1
  189     601       1
  190     532       1
  191     568       1
  191     635       1
  192     212       1
  193     199       1
  193     542       1
  193     598       1
  194     449       1
  195     607       1
  195     684       1
  197     694       1
  198     684       1
  199     672       1
  200     250       1
  200     314       1
  200     445       1
  200     449       1
  202     297       1
  204     392       1
  205     303       1
  205     310       1
  206     507       1
  207     310       1
  208     305       1
  208     326       1
  208     443       1
  208     476       1
  208     678       1
  209     374       1
  209     420       1
  210     474       1
  210     507       1
  211     435       1
  212     274       1
  212     472       1
  212     640       1
  213     246       1
  213     249       1
  213     421       1
  213     558       1
  213     609       1
  213     641       1
  214     410       1
  215     575       1
  215     684       1
  216     675       1
  217     568       1
  218     430       1
  218     570       1
  219     326       1
  219     682       1
  220     525       1
  221     407       1
  221     497       1
  221     589       1
  222     277       1
  223     504       1
  224     273       1
  225     379       1
  226     297       1
  226     340       1
  227     605       1
  229     424       1
  230     536       1
  230     566       1
  231     307       1
  233     490       1
  234     596       1
  235     594       1
  236     388       1
  236     537       1
  236     621       1
  237     428       1
  238     556       1
  239     416       1
  242     310       1
  244     310       1
  244     416       1
  244     588       1
  245     309       1
  246     333       1
  246     536       1
  248     403       1
  248     515       1
  250     285       1
  250     352       1
  250     468       1
  250     570       1
  251     688       1
  252     274       1
  252     567       1
  254     503       1
  256     342       1
  256     502       1
  256     535       1
  256     563       1
  256     626       1
  256     681       1
  257     503       1
  257     676       1
  258     313       1
  258     342       1
  258     637       1
  259     274       1
  259     283       1
  259     343       1
  259     395       1
  259     399       1
  260     352       1
  261     593       1
  262     559       1
  263     301       1
  263     349       1
  263     381       1
  263     543       1
  263     690       1
  264     559       1
  265     443       1
  266     310       1
  266     464       1
  267     507       1
  268     576       1
  269     338       1
  271     549       1
  271     589       1
  273     436       1
  273     546       1
  273     662       1
  274     300       1
  274     660       1
  275     554       1
  276     336       1
  277     392       1
  277     411       1
  277     524       1
  277     596       1
  278     295       1
  278     387       1
  278     587       1
  279     564       1
  280     372       1
  280     514       1
  280     566       1
  280     680       1
  281     300       1
  281     522       1
  283     316       1
  283     373       1
  283     392       1
  284     390       1
  287     425       1
  288     312       1
  288     490       1
  290     581       1
  291     374       1
  291     376       1
  291     377       1
  292     487       1
  293     391       1
  293     461       1
  293     560       1
  294     546       1
  294     693       1
  296     466       1
  296     622       1
  297     347       1
  298     408       1
  298     483       1
  298     502       1
  298     503       1
  298     551       1
  299     398       1
  299     553       1
  300     426       1
  300     659       1
  301     367       1
  301     413       1
  301     554       1
  304     481       1
  306     520       1
  307     335       1
  307     564       1
  308     371       1
  309     414       1
  309     569       1
  311     331       1
  312     639       1
  314     340       1
  314     369       1
  314     443       1
  314     467       1
  314     495       1
  314     658       1
  314     684       1
  315     442       1
  315     460       1
  321     378       1
  322     584       1
  323     440       1
  323     673       1
  324     503       1
  325     526       1
  327     342       1
  327     524       1
  328     378       1
  328     589       1
  329     380       1
  329     483       1
  330     692       1
  333     685       1
  335     490       1
  336     629       1
  336     635       1
  338     579       1
  338     673       1
  339     640       1
  340     496       1
  340     572       1
  340     594       1
  342     357       1
  343     418       1
  343     444       1
  344     422       1
  345     477       1
  346     441       1
  346     649       1
  348     385       1
  350     438       1
  351     394       1
  352     646       1
  353     484       1
  353     561       1
  355     464       1
  355     616       1
  356     565       1
  356     608       1
  356     615       1
  358     546       1
  359     481       1
  360     424       1
  361     457       1
  363     442       1
  364     561       1
  365     394       1
  366     694       1
  367     504       1
  367     668       1
  370     538       1
  371     565       1
  371     650       1
  372     431       1
  373     478       1
  374     425       1
  374     558       1
  378     502       1
  378     673       1
  379     496       1
  384     695       1
  385     405       1
  385     483       1
  385     606       1
  385     618       1
  387     415       1
  387     609       1
  387     630       1
  391     613       1
  391     633       1
  394     475       1
  394     491       1
  394     635       1
  394     687       1
  395     550       1
  395     669       1
  396     683       1
  399     622       1
  400     526       1
  401     413       1
  402     424       1
  403     483       1
  404     418       1
  406     470       1
  409     513       1
  409     650       1
  413     648       1
  414     494       1
  414     558       1
  414     687       1
  416     644       1
  417     554       1
  418     666       1
  419     471       1
  422     601       1
  423     465       1
  425     448       1
  425     641       1
  427     685       1
  429     446       1
  429     684       1
  430     681       1
  432     554       1
  433     454       1
  434     452       1
  434     517       1
  434     560       1
  434     643       1
  435     494       1
  437     445       1
  439     626       1
  440     528       1
  440     639       1
  442     643       1
  443     508       1
  443     677       1
  446     550       1
  447     508       1
  448     571       1
  450     553       1
  451     647       1
  455     551       1
  455     605       1
  458     616       1
  459     700       1
  461     519       1
  462     465       1
  463     694       1
  465     640       1
  465     664       1
  466     561       1
  470     495       1
  471     634       1
  473     477       1
  473     557       1
  474     636       1
  474     686       1
  475     556       1
  476     486       1
  477     599       1
  478     671       1
  479     539       1
  480     591       1
  480     626       1
  483     489       1
  483     609       1
  485     622       1
  487     488       1
  488     632       1
  490     589       1
  494     537       1
  494     585       1
  502     558       1
  502     656       1
  503     675       1
  506     586       1
  507     548       1
  507     560       1
  509     561       1
  510     554       1
  511     592       1
  511     604       1
  521     619       1
  522     609       1
  526     527       1
  526     576       1
  528     661       1
  529     623       1
  531     566       1
  531     579       1
  533     606       1
  534     628       1
  537     685       1
  537     688       1
  539     650       1
  540     695       1
  541     623       1
  542     651       1
  544     691       1
  545     639       1
  547     694       1
  550     665       1
  551     624       1
  551     655       1
  552     642       1
  554     677       1
  555     677       1
  558     695       1
  560     646       1
  563     638       1
  564     632       1
  564     645       1
  564     646       1
  566     597       1
  579     688       1
  581     684       1
  590     688       1
  599     616       1
  602     674       1
  602     686       1
  616     652       1
  623     683       1
  625     642       1
  662     670       1
  664     684       1
  665     696       1
  679     686       1
