  300     353
    1     178       1
    1     209       1
    2      84       1
    2     110       1
    3     269       1
    4      87       1
    4     188       1
    5     262       1
    6      47       1
    6      84       1
    6     102       1
    6     113       1
    6     129       1
    6     157       1
    6     220       1
    7     106       1
    8     251       1
    9     255       1
   10      51       1
   10     237       1
   10     256       1
   11     118       1
   12     231       1
   13     120       1
   13     154       1
   13     277       1
   14     267       1
   15     267       1
   16     158       1
   16     237       1
   17      97       1
   18     205       1
   18     231       1
   18     247       1
   19      36       1
   20      31       1
   20      45       1
   20     235       1
   21     178       1
   22      90       1
   23     279       1
   24     288       1
   25      59       1
   25      70       1
   25     111       1
   26      84       1
   26     101       1
   26     109       1
   26     251       1
   27     137       1
   28     237       1
   29      74       1
   29     174       1
   30      50       1
   30     125       1
   30     198       1
   30     229       1
   31      84       1
   31      85       1
   31     225       1
   31     298       1
   32      89       1
   33      40       1
   33     211       1
   34     136       1
   34     277       1
   35     246       1
   35     249       1
   36      97       1
   37     135       1
   38     204       1
   38     278       1
   39      86       1
   39     103       1
   39     132       1
   40     169       1
   41     299       1
   42      43       1
   42     193       1
   42     296       1
   43      71       1
   44     135       1
   44     198       1
   44     221       1
   44     254       1
   45     155       1
   46      96       1
   46     122       1
   46     272       1
   47     121       1
   48      63       1
   48     238       1
   49     139       1
   49     272       1
   50     212       1
   50     282       1
   51     176       1
   51     182       1
   52     178       1
   52     190       1
   53      63       1
   54      84       1
   54      87       1
   54      99       1
   54     123       1
   54     185       1
   54     251       1
   54     271       1
   55      79       1
   55     152       1
   56      79       1
   56     142       1
   56     159       1
   56     245       1
   57     115       1
   57     127       1
   57     192       1
   57     222       1
   57     274       1
   57     290       1
   58     108       1
   60      68       1
   60     129       1
   60     163       1
   60     279       1
   60     289       1
   61      94       1
   61     240       1
   61     248       1
   62      92       1
   62     246       1
   62     261       1
   62     283       1
   63      79       1
   63     111       1
   63     157       1
   64     129       1
   64     241       1
   65      89       1
   65     182       1
   66     230       1
   67     151       1
   68     148       1
   68     228       1
   68     231       1
   69     168       1
   69     185       1
   71     243       1
   72     265       1
   73     191       1
   74     108       1
   74     207       1
   74     231       1
   75      89       1
   75     160       1
   75     248       1
   76      95       1
   76     127       1
   76     157       1
   76     179       1
   76     233       1
   77     184       1
   77     194       1
   78     164       1
   79     100       1
   79     104       1
   79     165       1
   79     231       1
   79     277       1
   79     292       1
   80      86       1
   80     126       1
   80     132       1
   81      82       1
   81     262       1
   82     104       1
   82     172       1
   83     110       1
   85      90       1
   87     115       1
   87     266       1
   88     291       1
   89     173       1
   89     177       1
   90     157       1
   90     196       1
   91     141       1
   92     183       1
   92     257       1
   93     118       1
   93     191       1
   95     268       1
   96     163       1
   97     137       1
   97     178       1
   97     243       1
   98     175       1
   98     225       1
   99     282       1
  100     153       1
  100     177       1
  100     227       1
  103     193       1
  103     274       1
  104     133       1
  105     172       1
  106     282       1
  107     118       1
  108     185       1
  108     230       1
  108     272       1
  111     162       1
  112     161       1
  113     187       1
  113     238       1
  113     250       1
  114     194       1
  114     239       1
  116     174       1
  116     276       1
  117     159       1
  117     196       1
  117     275       1
  118     195       1
  119     158       1
  120     242       1
  122     146       1
  124     265       1
  125     300       1
  126     137       1
  126     156       1
  126     157       1
  126     183       1
  126     199       1
  126     229       1
  126     247       1
  126     286       1
  126     297       1
  127     176       1
  127     246       1
  127     276       1
  127     293       1
  128     129       1
  128     216       1
  130     169       1
  131     202       1
  134     162       1
  134     214       1
  135     226       1
  136     148       1
  137     202       1
  137     224       1
  138     162       1
  140     164       1
  141     297       1
  143     149       1
  143     216       1
  144     206       1
  144     295       1
  145     181       1
  145     285       1
  146     276       1
  147     234       1
  147     277       1
  150     255       1
  151     248       1
  153     218       1
  153     267       1
  153     294       1
  156     208       1
  157     180       1
  157     264       1
  157     280       1
  158     294       1
  160     208       1
  161     182       1
  164     219       1
  164     233       1
  164     235       1
  164     266       1
  166     266       1
  167     204       1
  168     196       1
  169     179       1
  170     264       1
  171     207       1
  172     214       1
  172     261       1
  172     283       1
  173     290       1
  175     236       1
  176     243       1
  176     259       1
  176     269       1
  176     270       1
  177     230       1
  180     292       1
  181     217       1
  181     261       1
  183     186       1
  188     257       1
  189     269       1
  189     277       1
  190     291       1
  193     296       1
  194     207       1
  195     229       1
  195     268       1
  197     199       1
  197     236       1
  198     280       1
  200     253       1
  201     217       1
  202     263       1
  202     280       1
  203     261       1
  204     210       1
  206     253       1
  207     228       1
  207     259       1
  210     283       1
  213     289       1
  214     216       1
  215     243       1
  216     253       1
  217     295       1
  223     293       1
  225     249       1
  225     291       1
  230     242       1
  232     246       1
  233     286       1
  237     279       1
  238     247       1
  241     250       1
  243     255       1
  243     266       1
  244     253       1
  248     261       1
  248     281       1
  248     288       1
  248     299       1
  252     290       1
  258     259       1
  260     261       1
  265     282       1
  266     297       1
  269     299       1
  273     280       1
  274     294       1
  279     287       1
  282     283       1
  284     294       1
