  300     353
    1     186       1
    1     226       1
    1     249       1
    2     133       1
    2     169       1
    3     288       1
    4     249       1
    5      27       1
    6      97       1
    6     275       1
    7     108       1
    7     177       1
    7     215       1
    8     128       1
    8     293       1
    9     246       1
   10      98       1
   10     223       1
   11      45       1
   12     273       1
   13      53       1
   13      64       1
   13      92       1
   13     150       1
   13     196       1
   13     290       1
   14     132       1
   14     136       1
   15      26       1
   15      71       1
   15      90       1
   15     156       1
   16      33       1
   17     113       1
   17     283       1
   18     142       1
   19      20       1
   19     138       1
   19     151       1
   19     178       1
   19     200       1
   20      38       1
   20     155       1
   21     200       1
   22     222       1
   23      63       1
   23     127       1
   23     148       1
   23     217       1
   23     299       1
   24      98       1
   24     122       1
   25      43       1
   25     188       1
   26      50       1
   27     247       1
   27     292       1
   28      51       1
   28     184       1
   28     217       1
   29      80       1
   30     232       1
   31      77       1
   32      48       1
   33      94       1
   34     150       1
   35     145       1
   36      96       1
   36     115       1
   36     129       1
   36     168       1
   36     213       1
   37     261       1
   39      86       1
   39     159       1
   39     300       1
   40     129       1
   40     145       1
   40     204       1
   41     188       1
   41     260       1
   41     269       1
   41     276       1
   41     290       1
   42     148       1
   43     205       1
   43     264       1
   44      48       1
   45     118       1
   45     179       1
   45     199       1
   45     259       1
   45     275       1
   46      54       1
   46      57       1
   46     114       1
   46     190       1
   47     231       1
   48     264       1
   49     140       1
   49     152       1
   49     281       1
   51      57       1
   51      59       1
   51     188       1
   51     232       1
   51     240       1
   51     292       1
   52     102       1
   52     122       1
   52     140       1
   53     124       1
   54     162       1
   54     257       1
   55     188       1
   56      90       1
   57      90       1
   57     141       1
   57     231       1
   57     289       1
   58     218       1
   59     167       1
   60      90       1
   61     280       1
   62      91       1
   64      81       1
   64     159       1
   65     145       1
   66      99       1
   66     221       1
   67     146       1
   67     187       1
   67     292       1
   68     283       1
   69      95       1
   69     185       1
   69     206       1
   70     140       1
   70     248       1
   72     255       1
   73     220       1
   73     286       1
   74      75       1
   74     197       1
   75     132       1
   75     161       1
   76     247       1
   77     120       1
   77     295       1
   78     146       1
   79      83       1
   79     136       1
   80     151       1
   80     253       1
   80     287       1
   81     107       1
   81     211       1
   81     218       1
   82     144       1
   83     147       1
   83     233       1
   83     276       1
   83     278       1
   84      96       1
   84     137       1
   84     165       1
   84     192       1
   84     249       1
   84     261       1
   84     263       1
   85      94       1
   85     186       1
   85     270       1
   86     103       1
   86     206       1
   87     289       1
   88      89       1
   88     289       1
   89     154       1
   90     206       1
   90     230       1
   90     243       1
   91      96       1
   91     127       1
   91     214       1
   91     291       1
   91     299       1
   93     291       1
   94     165       1
   94     237       1
   95     267       1
   96     105       1
   96     123       1
   96     212       1
   96     235       1
   98     113       1
   98     265       1
   99     164       1
  100     176       1
  101     132       1
  101     172       1
  101     203       1
  103     181       1
  103     202       1
  104     228       1
  104     259       1
  105     220       1
  106     133       1
  106     149       1
  106     229       1
  106     294       1
  108     281       1
  109     262       1
  109     264       1
  110     196       1
  111     251       1
  112     178       1
  113     149       1
  113     187       1
  113     206       1
  113     242       1
  113     291       1
  114     219       1
  114     255       1
  115     162       1
  116     165       1
  116     294       1
  117     188       1
  117     236       1
  117     255       1
  118     228       1
  118     289       1
  119     287       1
  120     239       1
  120     261       1
  121     231       1
  121     285       1
  122     143       1
  122     159       1
  122     173       1
  122     203       1
  123     165       1
  123     176       1
  123     238       1
  125     188       1
  126     274       1
  128     144       1
  128     263       1
  129     155       1
  130     173       1
  130     270       1
  131     182       1
  131     193       1
  132     170       1
  133     147       1
  134     176       1
  135     183       1
  136     180       1
  136     183       1
  136     198       1
  137     232       1
  137     249       1
  139     184       1
  140     163       1
  140     164       1
  140     183       1
  140     197       1
  140     289       1
  142     176       1
  142     282       1
  143     164       1
  144     270       1
  145     206       1
  146     220       1
  150     247       1
  150     281       1
  151     192       1
  152     259       1
  153     217       1
  154     185       1
  155     165       1
  156     258       1
  157     246       1
  158     270       1
  159     161       1
  159     195       1
  159     260       1
  159     272       1
  160     181       1
  160     193       1
  163     245       1
  165     200       1
  165     289       1
  165     290       1
  165     297       1
  166     297       1
  171     280       1
  173     239       1
  173     274       1
  174     206       1
  174     280       1
  175     300       1
  177     222       1
  177     227       1
  186     242       1
  189     202       1
  189     226       1
  189     268       1
  191     212       1
  193     231       1
  193     251       1
  193     252       1
  194     205       1
  196     256       1
  198     261       1
  200     249       1
  201     287       1
  201     292       1
  203     266       1
  203     271       1
  204     292       1
  207     262       1
  208     217       1
  208     251       1
  209     272       1
  210     295       1
  216     222       1
  216     273       1
  220     257       1
  222     261       1
  222     278       1
  224     239       1
  225     239       1
  225     288       1
  227     291       1
  231     282       1
  234     251       1
  234     254       1
  240     274       1
  241     283       1
  244     261       1
  246     294       1
  250     289       1
  256     296       1
  264     271       1
  270     288       1
  274     285       1
  277     289       1
  278     298       1
  279     297       1
  284     294       1
  288     289       1
  288     298       1
