   50      73
    1      33       1
    1      47       1
    2      10       1
    2      26       1
    3      28       1
    3      40       1
    4      44       1
    4      45       1
    5      47       1
    6      23       1
    6      31       1
    6      38       1
    6      44       1
    7      32       1
    7      38       1
    8      13       1
    8      32       1
    8      36       1
    9      19       1
   10      21       1
   10      27       1
   10      28       1
   10      36       1
   10      48       1
   11      16       1
   11      32       1
   11      35       1
   11      47       1
   12      13       1
   12      18       1
   12      46       1
   13      17       1
   14      33       1
   14      49       1
   15      40       1
   15      43       1
   16      40       1
   17      18       1
   17      35       1
   17      39       1
   17      42       1
   17      48       1
   19      25       1
   19      27       1
   19      43       1
   20      31       1
   20      41       1
   21      22       1
   21      47       1
   22      27       1
   22      45       1
   23      27       1
   24      36       1
   24      39       1
   24      42       1
   25      32       1
   25      34       1
   25      36       1
   27      29       1
   27      46       1
   27      50       1
   28      35       1
   28      37       1
   30      41       1
   31      45       1
   32      50       1
   33      50       1
   35      46       1
   37      47       1
   44      50       1
   45      50       1
   47      50       1
   48      49       1
