  400     459
    1     134       1
    1     231       1
    1     285       1
    1     306       1
    2     389       1
    3     170       1
    4     302       1
    4     392       1
    5     145       1
    5     271       1
    5     280       1
    6      58       1
    6     191       1
    6     277       1
    6     380       1
    7      56       1
    8     330       1
    8     367       1
    9     224       1
   10     368       1
   10     372       1
   11     106       1
   11     157       1
   12     242       1
   13     299       1
   13     378       1
   14     103       1
   14     137       1
   15      59       1
   16      54       1
   16     287       1
   17      75       1
   17     238       1
   17     240       1
   17     278       1
   18     170       1
   18     234       1
   18     363       1
   19     216       1
   20     167       1
   20     246       1
   21      42       1
   21     348       1
   22      40       1
   22     158       1
   22     220       1
   23     217       1
   24      93       1
   24     132       1
   24     254       1
   24     351       1
   25     305       1
   26     363       1
   27     257       1
   28      81       1
   28     355       1
   29     274       1
   30     242       1
   30     312       1
   31     101       1
   31     256       1
   32     305       1
   33      48       1
   34     108       1
   34     366       1
   35      44       1
   35     154       1
   35     255       1
   36      59       1
   36      62       1
   36     186       1
   37     302       1
   38     275       1
   38     364       1
   39     260       1
   39     322       1
   39     380       1
   40     239       1
   40     319       1
   41      76       1
   41      95       1
   41     127       1
   41     136       1
   41     339       1
   41     343       1
   42     164       1
   42     317       1
   43      53       1
   43     191       1
   44     398       1
   45      70       1
   46     166       1
   46     258       1
   47     212       1
   48     195       1
   48     322       1
   48     350       1
   48     375       1
   49     245       1
   50     387       1
   51      73       1
   52     258       1
   52     268       1
   52     390       1
   53      75       1
   53     142       1
   53     168       1
   54      85       1
   54     168       1
   54     247       1
   54     321       1
   54     330       1
   54     355       1
   54     370       1
   55     199       1
   56      72       1
   57     116       1
   57     359       1
   58     124       1
   59     205       1
   59     250       1
   60     376       1
   61     358       1
   62     367       1
   63      99       1
   63     160       1
   63     168       1
   63     189       1
   63     293       1
   64      77       1
   64     213       1
   65     101       1
   65     212       1
   65     221       1
   65     346       1
   66     392       1
   67     205       1
   68      92       1
   69      80       1
   70     196       1
   71     378       1
   72      88       1
   72     138       1
   72     321       1
   72     340       1
   73      77       1
   73     112       1
   73     138       1
   73     242       1
   73     253       1
   73     307       1
   73     324       1
   74     295       1
   75     112       1
   76     113       1
   76     130       1
   76     380       1
   78     118       1
   78     212       1
   79     198       1
   80     204       1
   80     247       1
   81     126       1
   81     184       1
   81     254       1
   81     378       1
   82     316       1
   83     312       1
   84     192       1
   84     239       1
   84     367       1
   86     168       1
   86     242       1
   87     324       1
   87     382       1
   88     238       1
   88     259       1
   88     394       1
   89     104       1
   89     234       1
   89     350       1
   89     352       1
   90      98       1
   91     266       1
   91     395       1
   92     140       1
   94     131       1
   95     162       1
   96     131       1
   97     235       1
   97     330       1
   98     180       1
   98     318       1
   99     250       1
   99     372       1
  100     257       1
  100     395       1
  101     185       1
  101     365       1
  102     117       1
  102     387       1
  103     155       1
  103     179       1
  103     243       1
  103     317       1
  104     207       1
  104     336       1
  105     355       1
  107     350       1
  109     172       1
  109     345       1
  110     291       1
  110     321       1
  111     245       1
  111     377       1
  113     222       1
  114     162       1
  115     391       1
  116     193       1
  119     286       1
  119     372       1
  120     308       1
  121     218       1
  121     388       1
  122     283       1
  123     395       1
  125     129       1
  125     318       1
  126     344       1
  126     368       1
  126     386       1
  127     249       1
  128     325       1
  129     296       1
  130     348       1
  131     157       1
  131     329       1
  132     311       1
  132     316       1
  133     243       1
  133     292       1
  135     230       1
  135     232       1
  136     356       1
  137     380       1
  138     181       1
  138     200       1
  138     339       1
  139     278       1
  140     190       1
  141     237       1
  141     291       1
  141     366       1
  142     207       1
  143     319       1
  144     237       1
  145     283       1
  146     157       1
  146     313       1
  147     370       1
  148     213       1
  148     353       1
  149     350       1
  150     177       1
  150     325       1
  151     353       1
  152     330       1
  152     376       1
  153     339       1
  154     363       1
  154     370       1
  156     375       1
  157     176       1
  157     226       1
  157     358       1
  158     396       1
  159     240       1
  160     197       1
  161     304       1
  161     335       1
  162     205       1
  163     174       1
  163     230       1
  163     321       1
  163     399       1
  164     339       1
  165     358       1
  166     400       1
  167     253       1
  168     219       1
  168     229       1
  168     311       1
  168     374       1
  169     252       1
  170     190       1
  170     325       1
  170     328       1
  171     274       1
  171     355       1
  173     249       1
  173     381       1
  174     291       1
  175     189       1
  176     257       1
  177     371       1
  178     357       1
  179     236       1
  179     314       1
  179     361       1
  179     397       1
  181     183       1
  181     326       1
  182     360       1
  183     218       1
  183     347       1
  183     385       1
  183     400       1
  185     235       1
  185     241       1
  185     248       1
  186     320       1
  187     235       1
  188     258       1
  189     343       1
  190     261       1
  190     315       1
  190     339       1
  190     371       1
  191     207       1
  191     285       1
  191     338       1
  191     374       1
  192     229       1
  192     252       1
  193     275       1
  193     308       1
  194     244       1
  194     245       1
  196     236       1
  196     370       1
  198     379       1
  199     383       1
  201     351       1
  202     211       1
  202     248       1
  202     308       1
  203     219       1
  205     345       1
  205     366       1
  206     226       1
  207     247       1
  207     323       1
  208     262       1
  209     234       1
  209     251       1
  210     229       1
  210     301       1
  210     389       1
  210     396       1
  212     304       1
  214     272       1
  215     312       1
  216     233       1
  216     365       1
  217     228       1
  217     397       1
  219     387       1
  222     295       1
  222     319       1
  223     357       1
  224     358       1
  225     267       1
  225     387       1
  226     274       1
  226     275       1
  227     238       1
  227     315       1
  228     383       1
  234     357       1
  234     392       1
  238     310       1
  240     306       1
  240     318       1
  240     353       1
  242     304       1
  243     300       1
  243     309       1
  244     355       1
  248     377       1
  253     337       1
  254     257       1
  254     268       1
  254     269       1
  254     275       1
  254     330       1
  259     322       1
  259     397       1
  262     358       1
  263     354       1
  263     391       1
  264     282       1
  264     308       1
  265     305       1
  266     304       1
  267     299       1
  268     370       1
  269     360       1
  270     275       1
  272     389       1
  273     353       1
  276     320       1
  278     393       1
  279     286       1
  281     310       1
  282     357       1
  283     353       1
  284     302       1
  284     358       1
  286     289       1
  286     290       1
  286     315       1
  286     397       1
  288     366       1
  288     384       1
  289     369       1
  294     385       1
  297     382       1
  298     380       1
  300     303       1
  301     317       1
  302     331       1
  303     365       1
  303     387       1
  304     357       1
  305     396       1
  307     324       1
  308     358       1
  308     359       1
  312     379       1
  320     366       1
  322     391       1
  325     328       1
  327     346       1
  330     349       1
  332     358       1
  333     355       1
  334     374       1
  334     398       1
  341     367       1
  342     378       1
  345     355       1
  345     364       1
  353     355       1
  358     370       1
  358     383       1
  359     373       1
  362     375       1
  366     370       1
  377     386       1
