  500     568
    1      30       1
    1     267       1
    1     360       1
    2     289       1
    2     293       1
    3     130       1
    3     211       1
    3     347       1
    3     415       1
    3     490       1
    3     498       1
    4     465       1
    5     144       1
    5     197       1
    6     323       1
    7      69       1
    7      86       1
    7     191       1
    7     225       1
    7     304       1
    7     401       1
    7     480       1
    8      69       1
    8     343       1
    9      78       1
    9     251       1
   10     211       1
   10     213       1
   10     252       1
   11     206       1
   12      64       1
   12     271       1
   13     384       1
   13     480       1
   14     138       1
   14     270       1
   14     404       1
   15     240       1
   16     206       1
   17     244       1
   17     345       1
   17     400       1
   17     439       1
   17     478       1
   18     107       1
   18     243       1
   19     240       1
   20     326       1
   20     376       1
   21     109       1
   21     307       1
   21     341       1
   21     427       1
   22     121       1
   23      31       1
   23     108       1
   24     321       1
   24     390       1
   25      58       1
   25     338       1
   26     378       1
   27     196       1
   28      64       1
   28     194       1
   29     232       1
   29     273       1
   31     124       1
   31     374       1
   32     491       1
   33     346       1
   34     463       1
   35     279       1
   35     387       1
   35     463       1
   36      53       1
   36     419       1
   37     115       1
   38     199       1
   38     355       1
   39      54       1
   39     403       1
   40     306       1
   40     473       1
   41      83       1
   41     137       1
   41     319       1
   42     127       1
   43     296       1
   43     378       1
   43     382       1
   43     402       1
   43     497       1
   44      46       1
   44     198       1
   45     210       1
   45     469       1
   46      80       1
   47     111       1
   48     255       1
   49     245       1
   49     357       1
   50     399       1
   51     155       1
   51     250       1
   51     270       1
   51     420       1
   51     500       1
   52     382       1
   53      83       1
   53     465       1
   54     253       1
   55     103       1
   55     206       1
   56     180       1
   57     406       1
   57     469       1
   59     121       1
   59     233       1
   59     297       1
   60      72       1
   61     102       1
   61     106       1
   62      89       1
   62     405       1
   63     151       1
   63     214       1
   64     140       1
   65      81       1
   65     176       1
   65     212       1
   65     272       1
   66     137       1
   67     165       1
   67     166       1
   67     359       1
   68     429       1
   69     108       1
   69     188       1
   69     241       1
   69     382       1
   69     460       1
   70     348       1
   71     234       1
   71     458       1
   72     137       1
   72     454       1
   72     471       1
   73     411       1
   74     184       1
   74     482       1
   75     136       1
   76     303       1
   77     223       1
   77     264       1
   78     245       1
   78     267       1
   78     488       1
   79     112       1
   79     211       1
   80     441       1
   82      95       1
   82     105       1
   82     370       1
   83     303       1
   84     406       1
   85     197       1
   87     487       1
   88     233       1
   89     242       1
   89     262       1
   90     271       1
   90     276       1
   91     154       1
   91     426       1
   92     383       1
   92     401       1
   93     421       1
   94     131       1
   94     305       1
   95     129       1
   96     206       1
   97     369       1
   98     141       1
   98     436       1
   98     441       1
   98     460       1
   98     465       1
   99     313       1
   99     443       1
  100     270       1
  100     445       1
  101     357       1
  102     199       1
  102     403       1
  104     132       1
  104     246       1
  104     247       1
  104     352       1
  105     211       1
  105     365       1
  105     400       1
  105     485       1
  107     183       1
  107     413       1
  107     421       1
  109     474       1
  110     213       1
  111     125       1
  111     171       1
  111     180       1
  111     222       1
  111     415       1
  112     176       1
  112     228       1
  112     283       1
  112     290       1
  113     266       1
  114     147       1
  114     210       1
  114     238       1
  114     336       1
  115     133       1
  116     243       1
  116     462       1
  117     168       1
  117     337       1
  117     380       1
  118     289       1
  118     297       1
  118     479       1
  119     165       1
  119     198       1
  119     210       1
  119     496       1
  120     279       1
  121     250       1
  122     382       1
  123     478       1
  123     482       1
  124     217       1
  125     438       1
  126     163       1
  127     235       1
  127     368       1
  128     233       1
  130     212       1
  131     270       1
  131     299       1
  131     301       1
  131     495       1
  133     166       1
  133     171       1
  133     291       1
  134     424       1
  135     273       1
  136     177       1
  136     322       1
  137     458       1
  137     485       1
  138     242       1
  138     265       1
  139     246       1
  139     300       1
  140     304       1
  141     437       1
  142     200       1
  142     204       1
  143     485       1
  145     290       1
  145     393       1
  145     483       1
  146     151       1
  146     218       1
  146     300       1
  148     460       1
  149     414       1
  150     481       1
  151     347       1
  152     155       1
  152     445       1
  153     268       1
  153     382       1
  153     389       1
  153     419       1
  153     494       1
  154     270       1
  154     387       1
  154     475       1
  155     190       1
  155     378       1
  156     467       1
  156     483       1
  157     288       1
  158     185       1
  159     176       1
  159     277       1
  160     206       1
  161     169       1
  161     323       1
  162     231       1
  162     441       1
  163     390       1
  164     224       1
  164     235       1
  164     281       1
  164     289       1
  166     193       1
  166     203       1
  166     398       1
  166     486       1
  167     343       1
  170     363       1
  170     374       1
  171     298       1
  172     176       1
  173     400       1
  174     490       1
  175     177       1
  175     485       1
  176     211       1
  176     245       1
  177     288       1
  177     344       1
  177     355       1
  177     464       1
  177     475       1
  178     288       1
  178     428       1
  178     432       1
  178     461       1
  179     216       1
  179     221       1
  179     250       1
  179     335       1
  179     424       1
  181     257       1
  181     309       1
  182     417       1
  183     249       1
  183     262       1
  183     312       1
  183     326       1
  185     287       1
  186     306       1
  186     360       1
  186     493       1
  187     264       1
  189     411       1
  190     319       1
  190     466       1
  192     414       1
  192     461       1
  193     222       1
  193     280       1
  194     312       1
  195     314       1
  196     426       1
  196     483       1
  197     379       1
  197     380       1
  197     464       1
  198     371       1
  198     410       1
  198     416       1
  199     309       1
  199     473       1
  200     316       1
  200     349       1
  200     430       1
  201     495       1
  202     228       1
  204     472       1
  205     243       1
  206     344       1
  206     350       1
  206     374       1
  206     410       1
  207     250       1
  208     346       1
  208     431       1
  209     483       1
  210     387       1
  211     250       1
  211     256       1
  211     460       1
  213     293       1
  213     429       1
  215     262       1
  215     452       1
  217     456       1
  219     230       1
  220     275       1
  221     327       1
  221     328       1
  221     374       1
  221     460       1
  222     248       1
  225     226       1
  225     233       1
  225     266       1
  225     343       1
  227     341       1
  228     477       1
  229     318       1
  229     465       1
  230     246       1
  231     487       1
  233     411       1
  234     499       1
  235     408       1
  235     460       1
  236     240       1
  237     415       1
  237     464       1
  238     253       1
  238     385       1
  239     417       1
  240     273       1
  240     334       1
  240     378       1
  243     459       1
  244     245       1
  245     263       1
  246     278       1
  246     323       1
  246     485       1
  247     298       1
  249     473       1
  250     284       1
  250     326       1
  250     341       1
  250     428       1
  250     483       1
  251     343       1
  251     369       1
  252     484       1
  254     335       1
  255     264       1
  255     315       1
  255     433       1
  258     292       1
  259     414       1
  260     397       1
  260     478       1
  261     314       1
  261     457       1
  261     468       1
  262     431       1
  264     343       1
  264     441       1
  265     437       1
  269     340       1
  271     308       1
  271     347       1
  271     492       1
  274     448       1
  274     460       1
  275     453       1
  275     480       1
  276     280       1
  276     310       1
  277     307       1
  277     488       1
  280     354       1
  281     331       1
  282     346       1
  285     420       1
  286     338       1
  286     422       1
  287     330       1
  289     417       1
  289     425       1
  292     489       1
  294     308       1
  295     422       1
  295     440       1
  298     366       1
  300     348       1
  300     399       1
  302     463       1
  302     471       1
  303     341       1
  303     372       1
  303     423       1
  303     459       1
  304     340       1
  304     386       1
  307     313       1
  308     394       1
  309     316       1
  310     338       1
  310     367       1
  311     402       1
  311     425       1
  311     478       1
  315     434       1
  315     448       1
  316     460       1
  317     447       1
  320     346       1
  321     353       1
  322     383       1
  324     482       1
  325     356       1
  325     495       1
  327     358       1
  329     390       1
  330     347       1
  330     387       1
  331     388       1
  332     490       1
  333     364       1
  333     461       1
  335     396       1
  338     483       1
  339     406       1
  339     407       1
  342     406       1
  343     363       1
  343     450       1
  346     489       1
  347     360       1
  351     431       1
  351     459       1
  351     485       1
  354     421       1
  360     390       1
  360     482       1
  361     389       1
  362     485       1
  367     443       1
  373     415       1
  373     428       1
  375     382       1
  377     391       1
  377     487       1
  378     494       1
  379     398       1
  379     491       1
  381     394       1
  382     447       1
  387     436       1
  390     446       1
  391     485       1
  392     400       1
  395     439       1
  406     465       1
  409     448       1
  411     435       1
  412     476       1
  418     442       1
  418     468       1
  420     449       1
  424     476       1
  424     497       1
  428     436       1
  428     489       1
  433     480       1
  435     436       1
  436     499       1
  437     457       1
  442     481       1
  444     468       1
  448     470       1
  451     500       1
  455     485       1
  458     493       1
  481     496       1
