  700     780
    1     607       1
    2     181       1
    2     380       1
    3     272       1
    3     444       1
    3     641       1
    4     167       1
    4     169       1
    4     207       1
    4     430       1
    4     674       1
    5     344       1
    5     611       1
    6     390       1
    7     336       1
    7     455       1
    8     580       1
    8     602       1
    9      60       1
   10     186       1
   10     577       1
   11      85       1
   11     185       1
   12     152       1
   13      40       1
   13     600       1
   13     633       1
   14     192       1
   14     626       1
   15     164       1
   15     193       1
   15     285       1
   15     348       1
   15     448       1
   16     146       1
   16     515       1
   17     204       1
   17     471       1
   18     318       1
   18     363       1
   19      71       1
   19     530       1
   20      87       1
   20     585       1
   21     473       1
   21     522       1
   21     580       1
   22     179       1
   22     440       1
   23     146       1
   23     686       1
   24     512       1
   25     206       1
   25     587       1
   26      75       1
   26     365       1
   26     682       1
   27      65       1
   27     237       1
   27     675       1
   28      36       1
   28     580       1
   29     597       1
   30     114       1
   31     329       1
   32     196       1
   33     202       1
   33     253       1
   34     432       1
   34     456       1
   35     280       1
   35     330       1
   35     358       1
   35     422       1
   35     619       1
   35     623       1
   35     697       1
   36     422       1
   36     470       1
   37     474       1
   37     565       1
   37     686       1
   38     107       1
   39     146       1
   39     447       1
   39     538       1
   41     611       1
   42     432       1
   43     693       1
   44     331       1
   45     317       1
   45     604       1
   45     674       1
   46      62       1
   47     120       1
   47     271       1
   47     609       1
   48     106       1
   48     619       1
   49     254       1
   49     269       1
   50     150       1
   50     368       1
   50     499       1
   50     574       1
   51     116       1
   52     108       1
   52     326       1
   52     579       1
   53      94       1
   54     484       1
   54     522       1
   55     224       1
   55     296       1
   55     314       1
   55     504       1
   56      84       1
   56     123       1
   57      65       1
   57     487       1
   58     572       1
   59     217       1
   60     142       1
   61     114       1
   61     588       1
   62     159       1
   63     365       1
   63     472       1
   63     595       1
   63     608       1
   64     464       1
   65     301       1
   65     551       1
   66     434       1
   67     354       1
   68     272       1
   68     461       1
   69     104       1
   69     289       1
   69     475       1
   69     480       1
   69     518       1
   69     661       1
   70     428       1
   70     492       1
   71     152       1
   71     171       1
   71     300       1
   71     496       1
   72     631       1
   73     289       1
   74     105       1
   76     315       1
   76     330       1
   76     396       1
   77     499       1
   78     137       1
   78     283       1
   79     164       1
   79     255       1
   79     528       1
   79     591       1
   80     259       1
   80     522       1
   80     698       1
   81     156       1
   82     121       1
   82     292       1
   82     486       1
   83     125       1
   84     110       1
   85     456       1
   86      87       1
   88     517       1
   89     238       1
   89     315       1
   89     429       1
   90     283       1
   91     103       1
   91     126       1
   91     513       1
   92     481       1
   93     189       1
   93     330       1
   94     345       1
   95     174       1
   95     372       1
   95     627       1
   96     268       1
   96     607       1
   97     141       1
   97     212       1
   97     271       1
   97     290       1
   97     310       1
   98     555       1
   98     634       1
   99     537       1
  100     484       1
  100     570       1
  101     586       1
  101     612       1
  102     622       1
  103     207       1
  104     484       1
  104     552       1
  105     187       1
  105     209       1
  105     628       1
  106     658       1
  107     212       1
  107     590       1
  107     649       1
  108     338       1
  108     467       1
  109     573       1
  110     152       1
  110     578       1
  110     655       1
  110     693       1
  111     157       1
  112     136       1
  112     228       1
  113     344       1
  113     565       1
  115     694       1
  116     349       1
  117     284       1
  118     208       1
  118     281       1
  119     231       1
  119     389       1
  119     537       1
  120     134       1
  122     403       1
  122     644       1
  122     657       1
  124     465       1
  125     142       1
  127     679       1
  128     444       1
  129     573       1
  130     346       1
  130     462       1
  130     527       1
  130     644       1
  131     294       1
  132     512       1
  132     527       1
  133     520       1
  134     304       1
  134     632       1
  135     421       1
  136     303       1
  136     305       1
  136     392       1
  136     575       1
  136     665       1
  138     620       1
  139     591       1
  140     283       1
  140     670       1
  141     446       1
  142     177       1
  142     377       1
  142     393       1
  142     512       1
  143     186       1
  143     545       1
  143     550       1
  143     627       1
  144     286       1
  144     324       1
  144     425       1
  144     448       1
  145     417       1
  146     401       1
  146     594       1
  147     226       1
  147     431       1
  148     241       1
  148     267       1
  148     467       1
  148     627       1
  149     480       1
  149     695       1
  150     700       1
  151     522       1
  152     407       1
  152     492       1
  152     493       1
  152     512       1
  153     282       1
  153     580       1
  154     565       1
  155     389       1
  155     477       1
  156     459       1
  156     471       1
  157     215       1
  158     166       1
  158     235       1
  158     269       1
  158     331       1
  158     333       1
  158     444       1
  158     537       1
  158     541       1
  158     555       1
  159     366       1
  159     590       1
  160     569       1
  161     321       1
  161     345       1
  161     451       1
  162     181       1
  163     443       1
  164     503       1
  165     249       1
  165     274       1
  165     534       1
  166     680       1
  167     337       1
  167     452       1
  167     553       1
  167     562       1
  167     592       1
  167     688       1
  168     615       1
  169     388       1
  169     442       1
  170     242       1
  170     464       1
  170     479       1
  171     386       1
  172     281       1
  172     440       1
  172     500       1
  172     582       1
  172     601       1
  172     688       1
  173     270       1
  173     558       1
  175     563       1
  176     246       1
  176     630       1
  177     322       1
  177     663       1
  178     245       1
  179     617       1
  180     289       1
  181     264       1
  181     385       1
  181     654       1
  182     427       1
  183     522       1
  184     625       1
  185     686       1
  187     445       1
  187     449       1
  187     455       1
  187     490       1
  188     203       1
  188     209       1
  189     277       1
  190     399       1
  191     283       1
  194     338       1
  194     400       1
  194     510       1
  195     512       1
  196     306       1
  196     548       1
  196     607       1
  197     213       1
  197     349       1
  197     410       1
  197     443       1
  197     616       1
  197     657       1
  197     696       1
  198     685       1
  199     382       1
  199     416       1
  200     248       1
  200     693       1
  201     417       1
  201     503       1
  201     600       1
  202     618       1
  203     212       1
  203     295       1
  204     223       1
  204     257       1
  204     261       1
  204     278       1
  204     517       1
  204     614       1
  204     631       1
  205     383       1
  205     427       1
  207     230       1
  209     518       1
  210     536       1
  211     279       1
  212     259       1
  212     407       1
  212     431       1
  212     444       1
  212     487       1
  212     571       1
  212     686       1
  214     216       1
  215     254       1
  216     403       1
  217     367       1
  217     437       1
  217     466       1
  217     642       1
  217     690       1
  218     375       1
  219     315       1
  220     590       1
  221     664       1
  222     236       1
  223     677       1
  224     328       1
  224     532       1
  225     321       1
  226     355       1
  226     583       1
  227     607       1
  229     617       1
  230     416       1
  230     426       1
  232     333       1
  232     364       1
  232     411       1
  232     418       1
  233     576       1
  234     282       1
  234     298       1
  234     606       1
  236     251       1
  236     273       1
  236     447       1
  236     692       1
  238     276       1
  239     437       1
  240     445       1
  241     320       1
  242     325       1
  242     473       1
  242     504       1
  242     534       1
  243     280       1
  243     597       1
  244     479       1
  245     492       1
  246     417       1
  246     494       1
  246     625       1
  246     691       1
  247     541       1
  248     372       1
  248     682       1
  250     467       1
  250     617       1
  250     636       1
  251     511       1
  252     551       1
  253     655       1
  254     391       1
  254     424       1
  256     285       1
  256     485       1
  256     662       1
  256     695       1
  258     495       1
  259     380       1
  259     395       1
  259     491       1
  259     517       1
  259     607       1
  259     612       1
  259     629       1
  260     360       1
  262     292       1
  263     441       1
  265     492       1
  265     510       1
  266     335       1
  266     363       1
  272     490       1
  272     593       1
  273     599       1
  274     379       1
  274     521       1
  274     654       1
  275     299       1
  275     382       1
  275     440       1
  279     322       1
  279     354       1
  281     354       1
  281     452       1
  283     410       1
  283     436       1
  283     610       1
  284     287       1
  284     415       1
  284     568       1
  284     659       1
  285     297       1
  288     469       1
  290     478       1
  290     495       1
  291     550       1
  292     405       1
  292     534       1
  293     560       1
  293     571       1
  294     311       1
  294     458       1
  294     653       1
  294     679       1
  295     308       1
  297     312       1
  297     643       1
  299     361       1
  299     660       1
  302     653       1
  303     403       1
  303     407       1
  304     327       1
  307     465       1
  309     395       1
  313     453       1
  314     674       1
  315     421       1
  315     671       1
  315     684       1
  316     352       1
  318     453       1
  318     691       1
  319     534       1
  319     655       1
  320     619       1
  321     343       1
  321     689       1
  323     521       1
  324     486       1
  327     444       1
  328     409       1
  329     492       1
  329     603       1
  330     361       1
  330     533       1
  330     534       1
  330     627       1
  330     635       1
  331     356       1
  331     390       1
  331     579       1
  332     476       1
  334     422       1
  335     447       1
  336     532       1
  337     508       1
  339     617       1
  339     622       1
  340     484       1
  341     553       1
  342     452       1
  347     621       1
  349     367       1
  350     427       1
  351     692       1
  352     476       1
  352     484       1
  353     508       1
  353     662       1
  357     471       1
  357     581       1
  358     628       1
  359     471       1
  359     646       1
  360     483       1
  360     627       1
  360     696       1
  362     654       1
  363     477       1
  363     541       1
  366     532       1
  366     676       1
  369     553       1
  370     527       1
  371     600       1
  372     509       1
  372     596       1
  373     413       1
  373     437       1
  374     549       1
  375     435       1
  375     536       1
  376     391       1
  377     634       1
  378     490       1
  378     540       1
  379     406       1
  380     419       1
  381     412       1
  381     423       1
  381     435       1
  381     544       1
  381     567       1
  382     441       1
  383     657       1
  384     506       1
  384     580       1
  385     519       1
  387     401       1
  387     542       1
  389     442       1
  390     412       1
  394     452       1
  394     552       1
  395     585       1
  395     682       1
  396     542       1
  397     425       1
  398     619       1
  399     580       1
  401     448       1
  401     457       1
  401     460       1
  401     473       1
  402     510       1
  403     573       1
  403     639       1
  404     473       1
  404     604       1
  406     554       1
  407     417       1
  407     456       1
  407     569       1
  407     699       1
  408     615       1
  410     614       1
  412     651       1
  414     492       1
  414     538       1
  415     591       1
  415     650       1
  417     433       1
  417     626       1
  419     514       1
  420     452       1
  422     572       1
  422     658       1
  423     517       1
  427     625       1
  430     598       1
  431     439       1
  434     574       1
  435     460       1
  435     695       1
  437     532       1
  438     604       1
  439     667       1
  443     459       1
  443     469       1
  444     533       1
  444     593       1
  446     518       1
  448     672       1
  449     669       1
  450     617       1
  452     489       1
  452     533       1
  453     484       1
  454     523       1
  454     638       1
  456     549       1
  458     510       1
  458     611       1
  461     501       1
  463     550       1
  465     532       1
  465     584       1
  468     608       1
  470     680       1
  473     591       1
  477     652       1
  478     673       1
  479     539       1
  481     516       1
  481     659       1
  482     529       1
  484     524       1
  488     631       1
  490     520       1
  490     664       1
  495     586       1
  496     668       1
  497     600       1
  498     504       1
  498     569       1
  498     571       1
  499     595       1
  501     580       1
  502     510       1
  504     606       1
  504     679       1
  505     626       1
  507     523       1
  518     613       1
  518     683       1
  520     558       1
  523     699       1
  524     529       1
  524     591       1
  525     543       1
  526     649       1
  529     589       1
  531     546       1
  531     651       1
  532     563       1
  532     659       1
  535     558       1
  537     615       1
  537     635       1
  537     651       1
  538     559       1
  541     670       1
  543     688       1
  544     665       1
  547     589       1
  549     611       1
  550     624       1
  555     687       1
  556     661       1
  557     625       1
  561     619       1
  564     565       1
  566     643       1
  566     644       1
  566     650       1
  568     679       1
  570     656       1
  571     595       1
  573     601       1
  576     679       1
  577     594       1
  580     599       1
  581     627       1
  582     666       1
  585     625       1
  585     637       1
  587     691       1
  588     591       1
  588     619       1
  605     693       1
  608     681       1
  611     647       1
  617     674       1
  620     685       1
  621     624       1
  627     689       1
  627     694       1
  628     647       1
  636     655       1
  640     665       1
  645     692       1
  647     656       1
  648     685       1
  653     688       1
  657     673       1
  678     694       1
  683     685       1
