  800     886
    1     231       1
    2     195       1
    2     325       1
    2     644       1
    3     204       1
    3     284       1
    3     757       1
    4     233       1
    5      17       1
    5     310       1
    5     377       1
    5     643       1
    5     644       1
    6     249       1
    6     416       1
    6     431       1
    6     456       1
    7     223       1
    7     601       1
    7     664       1
    7     726       1
    8     751       1
    9      64       1
    9     144       1
    9     205       1
   10      63       1
   10     288       1
   11     735       1
   12     124       1
   12     257       1
   13     545       1
   13     591       1
   14      77       1
   14     694       1
   15     213       1
   15     709       1
   16     190       1
   16     600       1
   16     658       1
   16     765       1
   17     159       1
   17     281       1
   17     371       1
   17     431       1
   18     620       1
   18     752       1
   18     789       1
   19     351       1
   19     591       1
   20      66       1
   21     218       1
   21     314       1
   21     377       1
   21     439       1
   21     496       1
   21     618       1
   21     724       1
   21     731       1
   22     392       1
   23      43       1
   24     544       1
   25      31       1
   25      89       1
   25     111       1
   25     259       1
   25     269       1
   26     582       1
   27     180       1
   28     355       1
   29      78       1
   29     276       1
   30     759       1
   31     621       1
   32     528       1
   33      39       1
   33     188       1
   33     324       1
   33     585       1
   33     688       1
   34     634       1
   35     245       1
   35     587       1
   36     223       1
   37     181       1
   38     380       1
   38     549       1
   38     701       1
   39     292       1
   39     389       1
   40     237       1
   40     272       1
   40     506       1
   40     613       1
   40     687       1
   40     774       1
   41      93       1
   41     342       1
   42     473       1
   42     636       1
   43     392       1
   43     584       1
   44     146       1
   44     691       1
   45      86       1
   45     476       1
   46     103       1
   46     144       1
   46     233       1
   46     264       1
   46     509       1
   47     541       1
   48     778       1
   49     177       1
   49     307       1
   49     739       1
   50     304       1
   50     557       1
   50     780       1
   51     401       1
   51     728       1
   52     133       1
   53     305       1
   53     489       1
   54     452       1
   55     204       1
   56     377       1
   56     759       1
   57     377       1
   57     751       1
   58     151       1
   58     324       1
   59     394       1
   59     536       1
   60     341       1
   61     117       1
   61     573       1
   62      84       1
   62     648       1
   65     744       1
   65     774       1
   66     331       1
   67     285       1
   67     312       1
   67     358       1
   68     454       1
   69     109       1
   69     269       1
   69     434       1
   69     477       1
   70     371       1
   70     426       1
   70     628       1
   70     688       1
   71     171       1
   72     305       1
   72     713       1
   73     661       1
   73     703       1
   74     173       1
   75     315       1
   75     573       1
   76     451       1
   76     760       1
   77     426       1
   77     444       1
   77     528       1
   77     595       1
   78     631       1
   78     692       1
   79     242       1
   79     262       1
   79     306       1
   79     423       1
   79     462       1
   79     534       1
   80     305       1
   81     320       1
   82     634       1
   82     704       1
   82     775       1
   83     352       1
   85     205       1
   85     317       1
   86     141       1
   87     331       1
   88     363       1
   88     427       1
   88     534       1
   90     679       1
   91      92       1
   92     240       1
   92     254       1
   92     447       1
   93     104       1
   93     162       1
   93     394       1
   94     334       1
   94     422       1
   94     728       1
   95     305       1
   96     244       1
   96     425       1
   97     221       1
   97     738       1
   98     272       1
   99     379       1
  100     109       1
  100     554       1
  101     414       1
  101     754       1
  102     302       1
  102     438       1
  102     459       1
  102     753       1
  105     484       1
  106     537       1
  106     545       1
  107     111       1
  108     190       1
  109     196       1
  109     218       1
  109     580       1
  109     706       1
  109     717       1
  109     751       1
  110     524       1
  110     525       1
  111     400       1
  112     371       1
  112     403       1
  112     411       1
  113     341       1
  113     567       1
  113     656       1
  113     669       1
  113     778       1
  113     789       1
  114     320       1
  114     520       1
  114     719       1
  115     225       1
  115     353       1
  116     541       1
  118     679       1
  119     316       1
  119     597       1
  120     361       1
  120     743       1
  121     474       1
  122     304       1
  122     445       1
  122     673       1
  122     737       1
  123     557       1
  123     641       1
  123     694       1
  124     672       1
  125     173       1
  126     638       1
  126     727       1
  127     321       1
  127     464       1
  128     652       1
  129     575       1
  129     789       1
  130     282       1
  130     305       1
  130     520       1
  131     267       1
  132     307       1
  132     547       1
  133     412       1
  133     419       1
  133     739       1
  134     672       1
  135     387       1
  135     419       1
  136     484       1
  137     688       1
  138     275       1
  139     618       1
  139     789       1
  140     493       1
  140     521       1
  140     621       1
  140     790       1
  141     261       1
  142     199       1
  142     266       1
  143     602       1
  144     169       1
  144     323       1
  144     634       1
  144     689       1
  145     375       1
  145     476       1
  146     228       1
  146     631       1
  147     685       1
  148     212       1
  149     636       1
  150     759       1
  150     797       1
  151     311       1
  152     304       1
  152     308       1
  153     791       1
  154     419       1
  155     405       1
  156     373       1
  157     194       1
  157     209       1
  157     368       1
  157     543       1
  157     579       1
  157     664       1
  157     756       1
  158     165       1
  158     374       1
  160     289       1
  160     294       1
  160     800       1
  161     429       1
  161     464       1
  161     465       1
  161     503       1
  161     582       1
  162     799       1
  163     649       1
  164     299       1
  164     477       1
  164     623       1
  165     551       1
  165     744       1
  166     669       1
  167     232       1
  167     720       1
  168     385       1
  168     664       1
  168     744       1
  169     183       1
  170     434       1
  171     302       1
  171     571       1
  172     291       1
  172     789       1
  173     189       1
  173     364       1
  173     417       1
  173     594       1
  173     606       1
  174     198       1
  174     268       1
  175     756       1
  175     781       1
  176     217       1
  176     239       1
  176     268       1
  176     616       1
  176     768       1
  178     422       1
  178     622       1
  179     230       1
  179     603       1
  179     682       1
  180     276       1
  180     295       1
  180     441       1
  181     436       1
  181     636       1
  182     721       1
  183     397       1
  184     217       1
  185     211       1
  185     699       1
  186     276       1
  187     567       1
  189     658       1
  189     786       1
  191     394       1
  191     571       1
  192     303       1
  192     637       1
  193     414       1
  194     267       1
  197     383       1
  197     472       1
  198     489       1
  198     566       1
  200     341       1
  200     542       1
  201     256       1
  201     345       1
  201     464       1
  202     431       1
  203     299       1
  205     215       1
  205     221       1
  205     406       1
  206     317       1
  207     242       1
  207     338       1
  207     717       1
  208     608       1
  209     329       1
  209     435       1
  209     482       1
  210     599       1
  212     640       1
  213     504       1
  213     629       1
  213     664       1
  213     762       1
  214     414       1
  215     407       1
  215     446       1
  216     294       1
  216     667       1
  217     247       1
  217     569       1
  218     299       1
  218     379       1
  218     591       1
  218     791       1
  219     384       1
  219     763       1
  219     782       1
  220     614       1
  221     257       1
  221     281       1
  221     302       1
  221     657       1
  222     613       1
  223     640       1
  223     784       1
  224     279       1
  225     253       1
  226     433       1
  227     319       1
  229     687       1
  230     417       1
  230     600       1
  231     728       1
  232     260       1
  232     674       1
  234     412       1
  235     270       1
  236     467       1
  236     521       1
  237     253       1
  237     284       1
  237     381       1
  237     559       1
  237     596       1
  237     647       1
  237     708       1
  237     797       1
  238     445       1
  238     524       1
  241     609       1
  241     636       1
  241     747       1
  242     531       1
  243     552       1
  243     702       1
  243     726       1
  246     278       1
  248     287       1
  248     472       1
  250     441       1
  250     500       1
  250     760       1
  251     293       1
  251     590       1
  252     715       1
  252     742       1
  253     401       1
  253     476       1
  253     557       1
  253     568       1
  253     674       1
  255     295       1
  255     525       1
  258     511       1
  262     448       1
  263     273       1
  263     544       1
  263     638       1
  263     772       1
  265     386       1
  266     291       1
  268     370       1
  268     596       1
  268     771       1
  270     278       1
  270     295       1
  271     359       1
  274     539       1
  274     630       1
  274     760       1
  275     537       1
  276     333       1
  276     530       1
  276     578       1
  277     490       1
  279     309       1
  279     428       1
  279     452       1
  279     495       1
  279     651       1
  279     693       1
  280     509       1
  281     490       1
  281     511       1
  281     565       1
  281     740       1
  283     320       1
  283     535       1
  283     700       1
  283     750       1
  284     328       1
  284     399       1
  284     562       1
  284     626       1
  285     326       1
  285     332       1
  285     486       1
  285     517       1
  285     667       1
  286     661       1
  287     474       1
  288     581       1
  288     632       1
  289     562       1
  289     576       1
  289     661       1
  289     746       1
  290     444       1
  291     731       1
  293     732       1
  295     318       1
  295     414       1
  295     463       1
  296     537       1
  297     470       1
  298     414       1
  299     348       1
  299     633       1
  300     520       1
  301     303       1
  303     537       1
  304     518       1
  304     716       1
  304     730       1
  305     499       1
  305     651       1
  306     326       1
  307     684       1
  307     722       1
  307     746       1
  313     596       1
  314     555       1
  316     594       1
  317     793       1
  319     341       1
  319     458       1
  320     371       1
  320     562       1
  320     604       1
  320     664       1
  320     705       1
  321     616       1
  321     673       1
  322     595       1
  322     726       1
  323     463       1
  323     561       1
  323     638       1
  323     785       1
  324     550       1
  324     651       1
  325     618       1
  326     652       1
  327     580       1
  330     457       1
  331     785       1
  332     723       1
  333     366       1
  335     421       1
  335     532       1
  336     362       1
  336     563       1
  337     665       1
  338     607       1
  338     619       1
  339     475       1
  339     731       1
  340     557       1
  341     378       1
  341     766       1
  342     744       1
  343     476       1
  344     414       1
  346     662       1
  346     667       1
  347     489       1
  348     605       1
  349     743       1
  350     494       1
  351     553       1
  352     576       1
  352     690       1
  354     608       1
  355     603       1
  356     590       1
  357     369       1
  359     786       1
  360     762       1
  361     406       1
  362     419       1
  362     725       1
  363     508       1
  363     679       1
  363     728       1
  363     798       1
  365     694       1
  367     736       1
  368     531       1
  369     736       1
  370     676       1
  371     536       1
  371     574       1
  371     642       1
  372     442       1
  372     503       1
  373     731       1
  375     524       1
  375     699       1
  376     420       1
  376     728       1
  377     443       1
  377     466       1
  380     477       1
  381     583       1
  382     701       1
  386     490       1
  386     710       1
  388     719       1
  390     781       1
  391     420       1
  392     545       1
  393     479       1
  394     464       1
  394     602       1
  395     791       1
  396     591       1
  397     505       1
  397     723       1
  398     647       1
  399     501       1
  399     650       1
  402     515       1
  404     558       1
  405     560       1
  405     716       1
  406     461       1
  408     528       1
  409     419       1
  409     610       1
  410     522       1
  410     672       1
  412     520       1
  413     512       1
  413     597       1
  414     420       1
  414     533       1
  414     603       1
  414     604       1
  415     548       1
  418     470       1
  419     790       1
  420     597       1
  420     612       1
  422     480       1
  422     542       1
  422     578       1
  422     643       1
  424     590       1
  425     447       1
  425     527       1
  430     749       1
  431     481       1
  431     764       1
  432     451       1
  432     506       1
  433     767       1
  433     776       1
  433     792       1
  434     500       1
  434     577       1
  434     729       1
  435     701       1
  437     524       1
  437     599       1
  437     650       1
  439     625       1
  440     665       1
  442     690       1
  443     779       1
  444     501       1
  444     560       1
  444     733       1
  447     472       1
  447     618       1
  447     730       1
  447     767       1
  448     453       1
  448     555       1
  448     711       1
  449     460       1
  450     613       1
  451     493       1
  452     741       1
  454     731       1
  455     596       1
  457     468       1
  457     596       1
  458     597       1
  460     577       1
  460     640       1
  463     636       1
  464     664       1
  464     671       1
  464     721       1
  464     758       1
  466     711       1
  467     736       1
  469     591       1
  470     618       1
  471     707       1
  472     537       1
  472     611       1
  474     491       1
  476     703       1
  476     786       1
  477     770       1
  477     781       1
  478     608       1
  479     505       1
  479     800       1
  482     546       1
  483     749       1
  484     752       1
  485     787       1
  487     611       1
  488     529       1
  489     590       1
  491     771       1
  492     560       1
  494     590       1
  496     538       1
  496     576       1
  497     525       1
  497     545       1
  498     691       1
  502     606       1
  504     696       1
  505     664       1
  505     790       1
  507     630       1
  509     598       1
  509     610       1
  510     629       1
  513     657       1
  513     680       1
  514     626       1
  514     714       1
  515     694       1
  516     538       1
  516     579       1
  519     568       1
  520     691       1
  523     749       1
  524     558       1
  525     639       1
  526     618       1
  527     586       1
  529     758       1
  532     550       1
  536     666       1
  539     584       1
  539     730       1
  540     545       1
  540     712       1
  541     618       1
  544     655       1
  545     557       1
  545     637       1
  545     707       1
  547     635       1
  548     695       1
  553     658       1
  553     665       1
  553     773       1
  554     683       1
  555     601       1
  556     724       1
  557     705       1
  557     722       1
  562     728       1
  563     682       1
  564     588       1
  566     727       1
  567     697       1
  570     664       1
  572     593       1
  572     788       1
  573     791       1
  574     663       1
  575     607       1
  578     588       1
  579     608       1
  580     649       1
  587     682       1
  589     758       1
  590     660       1
  591     736       1
  591     795       1
  592     665       1
  593     611       1
  596     782       1
  601     748       1
  604     651       1
  604     769       1
  608     648       1
  608     787       1
  611     777       1
  613     615       1
  613     653       1
  614     647       1
  614     721       1
  617     780       1
  618     651       1
  618     745       1
  618     769       1
  622     698       1
  624     650       1
  624     777       1
  626     683       1
  626     742       1
  627     691       1
  628     783       1
  632     682       1
  635     679       1
  637     654       1
  643     672       1
  645     661       1
  646     714       1
  651     652       1
  651     727       1
  652     675       1
  653     763       1
  656     659       1
  657     793       1
  660     681       1
  661     670       1
  665     749       1
  668     678       1
  673     797       1
  674     686       1
  675     755       1
  677     681       1
  678     773       1
  685     717       1
  695     719       1
  707     734       1
  718     746       1
  735     782       1
  749     758       1
  749     786       1
  749     795       1
  754     794       1
  761     771       1
  769     775       1
  771     799       1
  785     796       1
