  400     459
    1       8       1
    1      17       1
    1     170       1
    2      31       1
    3     378       1
    3     400       1
    4      35       1
    4     156       1
    5      55       1
    5     298       1
    6     115       1
    6     177       1
    6     331       1
    7     328       1
    7     333       1
    8     337       1
    8     348       1
    9     142       1
    9     256       1
    9     303       1
    9     340       1
    9     381       1
   10      19       1
   10     129       1
   10     288       1
   10     309       1
   10     337       1
   11     166       1
   11     173       1
   11     305       1
   12     224       1
   13     241       1
   14     364       1
   15      36       1
   15     285       1
   16     306       1
   16     368       1
   17     117       1
   17     247       1
   17     381       1
   18      41       1
   18     156       1
   19     159       1
   19     270       1
   20     174       1
   20     316       1
   20     325       1
   21      89       1
   21     185       1
   22     121       1
   23     189       1
   24     161       1
   24     229       1
   25      32       1
   25     317       1
   26     343       1
   26     372       1
   27     138       1
   27     385       1
   28      30       1
   28     111       1
   28     318       1
   28     338       1
   28     351       1
   29      71       1
   29     300       1
   30      71       1
   30     373       1
   31      86       1
   31     135       1
   31     373       1
   32     173       1
   33     118       1
   33     260       1
   33     268       1
   34      46       1
   34     211       1
   35      57       1
   35     320       1
   36     196       1
   36     322       1
   37     130       1
   37     396       1
   38     348       1
   38     371       1
   39     132       1
   39     299       1
   40     155       1
   40     180       1
   40     218       1
   40     345       1
   42      75       1
   42      87       1
   42     263       1
   42     325       1
   43      98       1
   44     144       1
   45     253       1
   46      70       1
   46     165       1
   47     135       1
   48     135       1
   49     157       1
   49     190       1
   50     102       1
   50     105       1
   50     200       1
   50     293       1
   50     368       1
   50     374       1
   51     295       1
   51     354       1
   51     369       1
   52     175       1
   52     254       1
   53     157       1
   53     167       1
   54     146       1
   55     185       1
   56     349       1
   56     352       1
   57     135       1
   57     261       1
   57     275       1
   57     317       1
   57     392       1
   58     155       1
   58     375       1
   59     109       1
   59     194       1
   59     332       1
   59     399       1
   60     348       1
   61     107       1
   61     108       1
   61     165       1
   61     234       1
   62     136       1
   63     129       1
   63     250       1
   63     369       1
   64      88       1
   64      94       1
   64     217       1
   64     369       1
   65      90       1
   65     383       1
   66     300       1
   67     354       1
   68     255       1
   69     115       1
   69     281       1
   69     308       1
   70      78       1
   70      81       1
   70     314       1
   71     165       1
   71     301       1
   71     311       1
   72     266       1
   72     391       1
   73     349       1
   74     175       1
   74     258       1
   74     321       1
   76     220       1
   77      97       1
   77     362       1
   78     354       1
   79     160       1
   79     351       1
   80     134       1
   80     177       1
   80     255       1
   82     353       1
   83     252       1
   83     256       1
   84     111       1
   84     257       1
   84     314       1
   84     351       1
   85     226       1
   86     245       1
   88     385       1
   89     141       1
   89     300       1
   89     397       1
   90     113       1
   90     309       1
   90     363       1
   90     389       1
   91     148       1
   91     279       1
   92     123       1
   92     205       1
   92     222       1
   92     267       1
   92     329       1
   92     361       1
   93     171       1
   95     228       1
   95     367       1
   96     163       1
   96     182       1
   97     171       1
   98     154       1
   98     201       1
   98     225       1
   98     256       1
   98     272       1
   98     312       1
   98     399       1
   99     267       1
  100     157       1
  101     219       1
  101     304       1
  102     148       1
  102     240       1
  103     203       1
  103     301       1
  104     306       1
  105     236       1
  106     398       1
  107     317       1
  109     122       1
  109     323       1
  110     320       1
  111     165       1
  111     190       1
  112     253       1
  113     346       1
  114     316       1
  116     187       1
  116     324       1
  117     158       1
  117     221       1
  117     244       1
  117     254       1
  119     129       1
  119     269       1
  119     359       1
  120     283       1
  121     165       1
  121     218       1
  121     249       1
  122     226       1
  122     376       1
  123     171       1
  123     200       1
  123     323       1
  124     163       1
  125     347       1
  126     195       1
  126     317       1
  127     254       1
  128     324       1
  129     256       1
  129     325       1
  129     352       1
  130     140       1
  130     246       1
  131     166       1
  131     331       1
  132     325       1
  133     169       1
  133     302       1
  133     398       1
  134     324       1
  134     394       1
  135     140       1
  135     145       1
  136     191       1
  136     399       1
  137     347       1
  138     317       1
  139     176       1
  139     311       1
  140     189       1
  140     313       1
  140     344       1
  140     371       1
  141     296       1
  143     298       1
  143     367       1
  144     227       1
  145     387       1
  146     230       1
  146     300       1
  146     304       1
  146     357       1
  147     292       1
  148     243       1
  148     366       1
  148     380       1
  149     311       1
  149     315       1
  149     365       1
  150     200       1
  151     321       1
  152     184       1
  152     227       1
  152     305       1
  152     368       1
  153     162       1
  153     168       1
  153     315       1
  158     264       1
  158     336       1
  162     226       1
  163     387       1
  164     362       1
  165     229       1
  165     298       1
  165     344       1
  165     358       1
  166     232       1
  166     311       1
  167     399       1
  168     232       1
  168     254       1
  168     351       1
  171     279       1
  171     297       1
  172     341       1
  174     355       1
  178     238       1
  178     300       1
  179     198       1
  181     182       1
  182     210       1
  182     278       1
  182     286       1
  183     198       1
  183     219       1
  183     280       1
  184     211       1
  186     266       1
  188     242       1
  189     258       1
  191     196       1
  191     269       1
  192     314       1
  193     224       1
  197     343       1
  199     211       1
  199     212       1
  200     324       1
  200     358       1
  201     222       1
  202     261       1
  204     214       1
  206     288       1
  207     316       1
  207     347       1
  208     221       1
  208     229       1
  209     231       1
  209     348       1
  210     224       1
  211     266       1
  212     289       1
  213     323       1
  214     395       1
  215     303       1
  215     308       1
  216     363       1
  217     294       1
  217     352       1
  217     380       1
  218     398       1
  219     290       1
  219     317       1
  220     334       1
  223     274       1
  223     312       1
  226     364       1
  228     237       1
  229     254       1
  231     237       1
  231     361       1
  232     240       1
  232     386       1
  233     399       1
  234     273       1
  234     304       1
  234     350       1
  235     346       1
  239     253       1
  239     363       1
  241     288       1
  242     256       1
  242     265       1
  242     377       1
  243     400       1
  245     258       1
  247     283       1
  248     256       1
  251     283       1
  252     272       1
  252     352       1
  253     274       1
  254     382       1
  256     317       1
  256     336       1
  256     339       1
  256     358       1
  257     300       1
  258     339       1
  259     384       1
  262     368       1
  263     277       1
  266     328       1
  267     390       1
  268     363       1
  271     380       1
  274     289       1
  276     348       1
  277     282       1
  277     294       1
  280     327       1
  280     346       1
  284     316       1
  286     348       1
  287     317       1
  290     395       1
  291     370       1
  292     363       1
  293     390       1
  295     335       1
  297     310       1
  300     334       1
  300     399       1
  303     364       1
  307     340       1
  316     352       1
  316     353       1
  317     360       1
  319     326       1
  319     370       1
  320     329       1
  324     363       1
  325     346       1
  325     389       1
  325     393       1
  327     374       1
  330     375       1
  336     378       1
  341     370       1
  342     348       1
  355     375       1
  356     358       1
  358     388       1
  362     371       1
  362     375       1
  363     372       1
  368     384       1
  369     398       1
  370     382       1
  379     394       1
