  600     674
    1      38       1
    2     224       1
    3     146       1
    4      17       1
    4     143       1
    4     244       1
    5      27       1
    5     435       1
    5     471       1
    5     493       1
    5     566       1
    6     375       1
    6     464       1
    7     141       1
    7     508       1
    8      76       1
    9     280       1
   10      20       1
   10      91       1
   10     490       1
   10     561       1
   11     255       1
   12     260       1
   13      38       1
   13     258       1
   13     279       1
   13     394       1
   13     581       1
   14      50       1
   14      58       1
   14      77       1
   14     422       1
   14     448       1
   14     578       1
   15     424       1
   16      21       1
   16     243       1
   17      95       1
   17     173       1
   17     235       1
   17     513       1
   17     576       1
   18     357       1
   18     421       1
   19      97       1
   19     131       1
   20      85       1
   20     307       1
   20     311       1
   20     371       1
   20     382       1
   20     591       1
   21     163       1
   22     594       1
   23     492       1
   23     518       1
   24     202       1
   25     319       1
   26      53       1
   26     185       1
   26     543       1
   26     569       1
   27     539       1
   28     150       1
   28     404       1
   28     429       1
   28     557       1
   29     278       1
   29     471       1
   30      88       1
   31     185       1
   31     263       1
   32     160       1
   32     338       1
   33     511       1
   34     487       1
   35     184       1
   35     191       1
   35     398       1
   36     125       1
   36     340       1
   37     555       1
   38     213       1
   38     309       1
   38     354       1
   38     411       1
   38     516       1
   39     110       1
   39     172       1
   40     152       1
   40     167       1
   40     209       1
   40     270       1
   40     549       1
   41      45       1
   41     143       1
   41     148       1
   42      78       1
   42     254       1
   42     277       1
   43     317       1
   43     469       1
   43     503       1
   43     583       1
   44     505       1
   45     423       1
   46     407       1
   46     428       1
   47     262       1
   48     330       1
   49     230       1
   49     258       1
   50     403       1
   50     594       1
   51     481       1
   52     408       1
   53     157       1
   53     353       1
   53     511       1
   54     424       1
   55     511       1
   56     248       1
   57     109       1
   57     406       1
   59     471       1
   60      61       1
   60     144       1
   60     224       1
   61     223       1
   61     233       1
   61     340       1
   62      98       1
   62     367       1
   63     158       1
   64     584       1
   65     130       1
   65     147       1
   65     214       1
   65     360       1
   65     500       1
   66      92       1
   66     191       1
   66     276       1
   67     504       1
   67     507       1
   68     342       1
   68     543       1
   69      79       1
   70     591       1
   71     330       1
   72     585       1
   73      81       1
   73     215       1
   73     421       1
   74     203       1
   74     412       1
   75     393       1
   76     113       1
   76     166       1
   76     355       1
   77     298       1
   77     322       1
   77     329       1
   77     366       1
   77     445       1
   78     162       1
   78     574       1
   79     117       1
   79     465       1
   79     493       1
   79     504       1
   80     464       1
   81     446       1
   81     482       1
   82     283       1
   82     295       1
   82     453       1
   83     236       1
   83     507       1
   83     528       1
   84     140       1
   85     107       1
   85     113       1
   85     505       1
   86     241       1
   87     102       1
   87     341       1
   87     488       1
   88     479       1
   88     507       1
   88     552       1
   89     201       1
   90     448       1
   91     181       1
   91     462       1
   91     503       1
   92     297       1
   92     538       1
   93     368       1
   94     302       1
   95     109       1
   95     363       1
   96     412       1
   97     106       1
   97     577       1
   99     278       1
   99     324       1
  100     268       1
  100     346       1
  100     554       1
  101     164       1
  102     514       1
  103     265       1
  104     311       1
  105     129       1
  105     586       1
  106     427       1
  108     368       1
  109     313       1
  109     543       1
  110     559       1
  111     477       1
  112     214       1
  112     374       1
  114     211       1
  114     270       1
  114     330       1
  115     536       1
  116     159       1
  116     559       1
  117     466       1
  118     194       1
  118     399       1
  119     242       1
  119     415       1
  119     536       1
  120     152       1
  121     455       1
  122     383       1
  122     441       1
  123     429       1
  123     595       1
  124     301       1
  126     584       1
  127     212       1
  127     531       1
  128     174       1
  129     167       1
  129     275       1
  130     265       1
  130     367       1
  130     383       1
  131     506       1
  131     522       1
  131     588       1
  132     230       1
  132     257       1
  132     512       1
  133     378       1
  133     454       1
  134     138       1
  135     246       1
  136     163       1
  137     191       1
  137     406       1
  138     414       1
  138     459       1
  138     582       1
  139     165       1
  139     210       1
  139     244       1
  140     177       1
  140     393       1
  141     261       1
  141     387       1
  142     399       1
  142     441       1
  143     488       1
  144     451       1
  145     434       1
  145     527       1
  145     554       1
  146     548       1
  147     157       1
  147     305       1
  147     439       1
  147     573       1
  148     202       1
  149     438       1
  150     286       1
  150     333       1
  151     483       1
  152     291       1
  152     385       1
  153     188       1
  154     177       1
  155     287       1
  155     521       1
  156     590       1
  157     250       1
  157     431       1
  157     486       1
  157     551       1
  157     591       1
  158     212       1
  158     300       1
  159     459       1
  161     336       1
  161     543       1
  162     338       1
  162     583       1
  163     169       1
  163     339       1
  163     545       1
  164     272       1
  164     293       1
  164     359       1
  165     177       1
  166     489       1
  166     555       1
  166     584       1
  167     572       1
  168     582       1
  169     239       1
  170     189       1
  170     338       1
  170     532       1
  170     579       1
  171     447       1
  171     488       1
  172     467       1
  172     476       1
  172     494       1
  173     271       1
  174     594       1
  175     482       1
  176     312       1
  177     439       1
  178     251       1
  179     521       1
  180     496       1
  182     594       1
  183     517       1
  183     530       1
  183     571       1
  185     597       1
  186     445       1
  187     316       1
  188     360       1
  188     480       1
  190     231       1
  190     451       1
  191     385       1
  191     591       1
  192     598       1
  193     454       1
  193     459       1
  194     369       1
  195     244       1
  195     416       1
  195     419       1
  195     474       1
  196     311       1
  197     219       1
  198     536       1
  199     353       1
  199     534       1
  200     352       1
  200     460       1
  201     553       1
  204     473       1
  205     249       1
  206     289       1
  206     557       1
  207     308       1
  207     382       1
  207     472       1
  207     524       1
  208     379       1
  208     581       1
  209     464       1
  209     541       1
  210     293       1
  211     527       1
  212     219       1
  212     351       1
  212     377       1
  212     400       1
  212     440       1
  212     550       1
  212     591       1
  213     255       1
  213     489       1
  213     503       1
  214     399       1
  214     413       1
  216     270       1
  216     545       1
  217     261       1
  218     466       1
  219     535       1
  220     354       1
  221     388       1
  221     415       1
  222     253       1
  222     560       1
  223     251       1
  223     540       1
  224     344       1
  225     285       1
  225     304       1
  226     414       1
  227     304       1
  228     576       1
  229     279       1
  231     440       1
  232     589       1
  233     302       1
  233     468       1
  233     518       1
  234     280       1
  234     501       1
  234     566       1
  235     335       1
  236     369       1
  236     428       1
  237     570       1
  238     518       1
  240     370       1
  241     273       1
  241     295       1
  241     431       1
  241     580       1
  243     304       1
  243     312       1
  243     426       1
  244     382       1
  244     554       1
  244     578       1
  245     255       1
  245     356       1
  246     251       1
  246     318       1
  246     424       1
  246     487       1
  247     598       1
  248     437       1
  249     267       1
  249     581       1
  251     267       1
  251     276       1
  251     591       1
  252     350       1
  253     422       1
  254     308       1
  255     297       1
  255     331       1
  255     455       1
  255     467       1
  256     280       1
  256     379       1
  258     391       1
  258     542       1
  259     432       1
  259     449       1
  260     282       1
  260     581       1
  261     538       1
  262     392       1
  262     528       1
  263     387       1
  263     460       1
  264     363       1
  266     312       1
  266     542       1
  267     287       1
  267     306       1
  267     415       1
  267     465       1
  269     483       1
  270     312       1
  272     387       1
  273     342       1
  274     287       1
  274     467       1
  274     537       1
  276     343       1
  276     475       1
  276     585       1
  277     303       1
  277     312       1
  279     427       1
  280     373       1
  280     503       1
  281     417       1
  284     528       1
  285     400       1
  285     496       1
  285     511       1
  286     328       1
  287     600       1
  288     372       1
  288     446       1
  290     599       1
  291     525       1
  292     533       1
  294     588       1
  295     390       1
  296     338       1
  296     484       1
  299     515       1
  301     418       1
  301     472       1
  306     375       1
  306     495       1
  307     526       1
  309     429       1
  309     589       1
  309     596       1
  310     517       1
  311     389       1
  312     315       1
  312     424       1
  314     340       1
  315     351       1
  316     562       1
  316     569       1
  318     384       1
  319     399       1
  319     569       1
  320     356       1
  321     479       1
  323     431       1
  324     555       1
  325     382       1
  325     531       1
  326     532       1
  327     564       1
  330     437       1
  331     452       1
  332     405       1
  333     386       1
  334     360       1
  335     593       1
  337     549       1
  338     429       1
  338     532       1
  345     445       1
  346     436       1
  347     370       1
  348     483       1
  349     510       1
  350     408       1
  350     465       1
  353     446       1
  354     365       1
  354     432       1
  358     585       1
  361     439       1
  362     558       1
  363     523       1
  363     575       1
  364     511       1
  365     433       1
  367     556       1
  368     387       1
  368     509       1
  370     387       1
  370     531       1
  376     579       1
  378     397       1
  378     517       1
  378     573       1
  379     485       1
  380     473       1
  380     489       1
  381     452       1
  381     520       1
  382     405       1
  383     499       1
  383     560       1
  384     410       1
  384     457       1
  384     461       1
  385     470       1
  385     562       1
  385     565       1
  387     415       1
  387     506       1
  389     444       1
  390     502       1
  390     529       1
  391     396       1
  391     408       1
  391     496       1
  393     591       1
  394     563       1
  395     429       1
  395     471       1
  397     581       1
  398     412       1
  400     512       1
  400     598       1
  401     419       1
  401     489       1
  401     577       1
  402     513       1
  403     433       1
  408     533       1
  409     536       1
  410     430       1
  410     543       1
  412     546       1
  412     596       1
  414     515       1
  414     564       1
  417     461       1
  420     426       1
  420     598       1
  421     577       1
  423     570       1
  424     448       1
  425     478       1
  425     578       1
  428     497       1
  429     477       1
  429     491       1
  429     515       1
  429     529       1
  431     544       1
  432     483       1
  432     548       1
  436     599       1
  438     557       1
  439     460       1
  442     460       1
  443     542       1
  450     531       1
  452     456       1
  457     480       1
  458     503       1
  463     494       1
  464     511       1
  471     508       1
  481     504       1
  482     535       1
  483     524       1
  486     545       1
  489     591       1
  489     592       1
  493     588       1
  494     515       1
  494     587       1
  496     586       1
  498     525       1
  504     550       1
  504     559       1
  506     510       1
  507     511       1
  507     519       1
  508     541       1
  509     599       1
  515     567       1
  517     551       1
  518     594       1
  522     586       1
  535     600       1
  547     563       1
  549     595       1
  553     569       1
  558     569       1
  568     596       1
  573     592       1
  578     590       1
