  400     459
    1      93       1
    1     199       1
    2      79       1
    3     111       1
    3     136       1
    3     301       1
    4      66       1
    5      30       1
    5     270       1
    6     124       1
    6     152       1
    6     239       1
    6     331       1
    7     129       1
    7     266       1
    8      71       1
    8     305       1
    8     353       1
    9     301       1
   10      43       1
   10      63       1
   10     287       1
   10     303       1
   11     135       1
   11     211       1
   11     328       1
   12     100       1
   12     115       1
   12     147       1
   12     193       1
   12     244       1
   12     252       1
   12     254       1
   12     258       1
   12     283       1
   13      49       1
   13     168       1
   14     140       1
   14     161       1
   14     185       1
   15     205       1
   16     349       1
   17      64       1
   17     239       1
   17     256       1
   18      23       1
   18     138       1
   19     342       1
   20     372       1
   21      81       1
   21     119       1
   21     231       1
   22     308       1
   23      71       1
   23     125       1
   23     241       1
   23     330       1
   24      76       1
   24     119       1
   24     342       1
   24     388       1
   25     147       1
   25     335       1
   26      98       1
   26     235       1
   26     362       1
   27     317       1
   28     192       1
   29     158       1
   30     226       1
   31     151       1
   31     330       1
   32     204       1
   32     285       1
   33     118       1
   34     267       1
   34     312       1
   35      87       1
   35     215       1
   35     268       1
   36     147       1
   37     186       1
   38     106       1
   38     281       1
   38     374       1
   39      74       1
   39     229       1
   39     238       1
   39     284       1
   39     346       1
   39     355       1
   39     356       1
   40     239       1
   41      71       1
   41     194       1
   41     207       1
   41     349       1
   42     141       1
   42     342       1
   43      94       1
   44     219       1
   45     139       1
   45     291       1
   45     312       1
   46     294       1
   46     330       1
   46     376       1
   47     222       1
   48     234       1
   48     310       1
   48     331       1
   49     201       1
   49     307       1
   49     330       1
   49     359       1
   50     318       1
   51     336       1
   52     187       1
   52     319       1
   52     357       1
   53     388       1
   54     364       1
   55      57       1
   56     302       1
   57     128       1
   57     322       1
   57     331       1
   58     160       1
   58     234       1
   59      65       1
   60      73       1
   60     139       1
   60     181       1
   60     355       1
   60     377       1
   61     304       1
   62     163       1
   64     152       1
   64     200       1
   64     223       1
   64     234       1
   64     285       1
   65     174       1
   66     331       1
   67     347       1
   68     115       1
   68     270       1
   69     178       1
   70     130       1
   70     279       1
   70     355       1
   71     238       1
   71     262       1
   71     391       1
   72     226       1
   72     274       1
   74     153       1
   74     392       1
   75     388       1
   76     370       1
   77     134       1
   78     116       1
   78     257       1
   78     276       1
   78     337       1
   78     399       1
   79     393       1
   80     146       1
   80     273       1
   82     123       1
   83     323       1
   84     128       1
   84     131       1
   84     147       1
   84     174       1
   85     128       1
   85     133       1
   85     175       1
   86     124       1
   87     174       1
   88     201       1
   89     147       1
   89     237       1
   89     302       1
   89     364       1
   90     160       1
   90     337       1
   91     201       1
   91     385       1
   92     110       1
   92     389       1
   93     259       1
   93     366       1
   94     232       1
   95     163       1
   95     166       1
   95     260       1
   95     285       1
   96     282       1
   97     132       1
   97     311       1
   98     104       1
   98     148       1
   98     262       1
   98     321       1
   98     367       1
   99     320       1
  100     368       1
  100     395       1
  101     123       1
  102     282       1
  102     316       1
  103     159       1
  103     212       1
  103     332       1
  104     267       1
  105     169       1
  106     327       1
  107     294       1
  107     383       1
  108     122       1
  108     165       1
  108     171       1
  108     304       1
  108     315       1
  108     323       1
  108     348       1
  109     122       1
  109     351       1
  110     203       1
  111     290       1
  111     369       1
  112     262       1
  113     137       1
  113     266       1
  113     365       1
  114     189       1
  116     272       1
  117     146       1
  118     147       1
  118     195       1
  118     357       1
  119     257       1
  119     263       1
  119     318       1
  119     368       1
  120     251       1
  121     272       1
  122     140       1
  122     183       1
  123     272       1
  126     365       1
  126     371       1
  127     152       1
  128     176       1
  128     246       1
  128     272       1
  128     349       1
  129     211       1
  131     146       1
  131     269       1
  131     314       1
  131     359       1
  131     375       1
  133     160       1
  133     344       1
  134     279       1
  134     320       1
  135     215       1
  135     292       1
  135     372       1
  136     238       1
  137     306       1
  140     155       1
  141     339       1
  142     243       1
  142     269       1
  142     366       1
  143     201       1
  143     370       1
  144     257       1
  144     331       1
  145     160       1
  146     360       1
  146     377       1
  147     257       1
  147     264       1
  149     198       1
  149     273       1
  150     321       1
  151     276       1
  154     162       1
  154     181       1
  155     278       1
  155     297       1
  155     396       1
  156     209       1
  156     233       1
  157     250       1
  157     383       1
  158     269       1
  158     311       1
  158     373       1
  162     181       1
  162     186       1
  162     379       1
  164     325       1
  164     346       1
  164     375       1
  166     191       1
  166     384       1
  167     309       1
  167     377       1
  169     176       1
  169     240       1
  170     304       1
  171     226       1
  171     275       1
  172     212       1
  172     271       1
  173     175       1
  173     251       1
  175     204       1
  175     225       1
  175     274       1
  175     332       1
  176     178       1
  176     317       1
  177     398       1
  178     365       1
  179     247       1
  180     269       1
  180     311       1
  181     213       1
  181     228       1
  182     212       1
  183     355       1
  184     285       1
  185     317       1
  186     205       1
  186     242       1
  186     349       1
  187     331       1
  188     269       1
  189     400       1
  190     279       1
  192     272       1
  193     197       1
  194     201       1
  194     388       1
  195     209       1
  195     303       1
  196     245       1
  199     204       1
  200     250       1
  200     363       1
  202     208       1
  202     315       1
  204     307       1
  205     309       1
  206     262       1
  210     247       1
  211     333       1
  211     348       1
  212     233       1
  214     276       1
  216     221       1
  216     382       1
  216     389       1
  217     332       1
  218     392       1
  218     394       1
  219     346       1
  220     339       1
  222     272       1
  224     367       1
  225     235       1
  225     361       1
  226     289       1
  227     279       1
  228     378       1
  230     315       1
  230     329       1
  232     397       1
  234     319       1
  235     344       1
  236     296       1
  236     343       1
  237     382       1
  238     359       1
  238     384       1
  243     383       1
  245     326       1
  246     384       1
  246     388       1
  247     254       1
  248     320       1
  249     317       1
  249     387       1
  253     260       1
  253     266       1
  254     398       1
  255     324       1
  255     329       1
  257     334       1
  261     332       1
  262     313       1
  265     333       1
  267     278       1
  267     295       1
  269     382       1
  273     318       1
  273     329       1
  276     324       1
  276     380       1
  277     387       1
  278     301       1
  280     386       1
  281     336       1
  282     348       1
  282     349       1
  282     400       1
  283     397       1
  284     308       1
  284     400       1
  286     298       1
  288     319       1
  290     318       1
  293     389       1
  298     302       1
  299     346       1
  300     313       1
  300     368       1
  301     338       1
  302     350       1
  302     381       1
  305     379       1
  306     390       1
  308     324       1
  312     339       1
  312     363       1
  324     354       1
  325     396       1
  326     349       1
  330     336       1
  330     347       1
  330     363       1
  331     352       1
  334     345       1
  340     369       1
  341     346       1
  342     368       1
  343     374       1
  350     386       1
  358     391       1
  359     371       1
  366     392       1
  369     386       1
  393     400       1
