   50      73
    1      24       1
    1      28       1
    1      31       1
    2       3       1
    2       7       1
    2      10       1
    2      33       1
    3       9       1
    3      30       1
    3      48       1
    4      31       1
    4      47       1
    5      16       1
    5      20       1
    5      34       1
    6      13       1
    7      25       1
    7      35       1
    8      13       1
    8      14       1
    9      27       1
    9      39       1
    9      50       1
   10      15       1
   10      22       1
   10      24       1
   10      36       1
   11      17       1
   11      22       1
   11      26       1
   12      20       1
   13      15       1
   13      29       1
   13      44       1
   14      41       1
   15      24       1
   16      36       1
   16      44       1
   17      48       1
   18      28       1
   18      35       1
   18      37       1
   19      24       1
   19      42       1
   20      24       1
   20      44       1
   20      49       1
   21      29       1
   22      29       1
   22      45       1
   23      30       1
   23      33       1
   23      43       1
   24      27       1
   24      34       1
   25      43       1
   25      46       1
   26      38       1
   27      28       1
   27      41       1
   29      39       1
   30      39       1
   32      34       1
   32      35       1
   32      48       1
   35      37       1
   37      40       1
   38      44       1
   40      42       1
   40      48       1
   41      49       1
   45      46       1
   46      50       1
