  200     244
    1       6       1
    1      18       1
    1      63       1
    1     111       1
    2      24       1
    2      87       1
    3      63       1
    3      69       1
    3     139       1
    3     174       1
    4      21       1
    4     137       1
    5      44       1
    5     200       1
    7     151       1
    7     200       1
    8     188       1
    9     161       1
   10      69       1
   11     159       1
   12      16       1
   12      77       1
   12     114       1
   12     119       1
   13      23       1
   13      93       1
   13     149       1
   14     191       1
   14     199       1
   15      21       1
   16      74       1
   16      76       1
   16     119       1
   17     174       1
   18      21       1
   18      33       1
   18      38       1
   18      86       1
   18     141       1
   18     156       1
   18     167       1
   18     188       1
   19      71       1
   19     166       1
   19     190       1
   20      72       1
   20     170       1
   22      96       1
   22     112       1
   22     160       1
   23     125       1
   24      47       1
   25     134       1
   25     155       1
   26     116       1
   27     172       1
   27     185       1
   27     199       1
   28     129       1
   29      60       1
   30      65       1
   30     135       1
   30     148       1
   31     187       1
   32      97       1
   33      39       1
   33      77       1
   33     100       1
   34      59       1
   35      52       1
   35      55       1
   35      92       1
   35     116       1
   35     183       1
   36      65       1
   36     108       1
   37      41       1
   37      65       1
   37     103       1
   38      56       1
   39      70       1
   39     124       1
   39     185       1
   40      49       1
   40     196       1
   41      79       1
   41     123       1
   41     162       1
   42     130       1
   42     157       1
   43     112       1
   43     115       1
   43     136       1
   44     101       1
   45      61       1
   45     136       1
   45     163       1
   46     122       1
   46     143       1
   47      88       1
   47     183       1
   48     140       1
   48     178       1
   49      59       1
   49      70       1
   49     173       1
   50      59       1
   50     140       1
   50     190       1
   51     117       1
   51     120       1
   53      58       1
   53      67       1
   53     103       1
   53     131       1
   53     160       1
   53     180       1
   53     198       1
   54      95       1
   54     127       1
   54     185       1
   55      82       1
   55     144       1
   57     143       1
   60     145       1
   60     177       1
   61      79       1
   61     116       1
   62     188       1
   63      83       1
   64     108       1
   64     193       1
   65      76       1
   65      97       1
   65     126       1
   65     129       1
   65     143       1
   65     156       1
   66      86       1
   67      85       1
   67     116       1
   67     126       1
   67     130       1
   67     154       1
   67     166       1
   67     173       1
   67     177       1
   68     117       1
   69     128       1
   69     196       1
   70      72       1
   70     136       1
   71     150       1
   71     163       1
   72     110       1
   72     125       1
   72     149       1
   73     148       1
   75     184       1
   78      93       1
   78     118       1
   80     191       1
   81     160       1
   82     100       1
   82     139       1
   84     148       1
   86      92       1
   86     107       1
   87     112       1
   87     176       1
   87     191       1
   88      93       1
   88      99       1
   88     125       1
   88     143       1
   88     153       1
   88     171       1
   89      91       1
   89     171       1
   90     116       1
   90     200       1
   91     139       1
   93     105       1
   93     112       1
   93     169       1
   94     185       1
   96     115       1
   98     196       1
   99     140       1
  100     187       1
  102     132       1
  104     198       1
  106     113       1
  107     121       1
  109     159       1
  112     114       1
  112     195       1
  113     164       1
  113     181       1
  113     194       1
  116     160       1
  117     134       1
  117     178       1
  117     197       1
  119     123       1
  122     147       1
  122     169       1
  124     136       1
  125     146       1
  125     171       1
  125     179       1
  125     193       1
  127     168       1
  128     161       1
  131     136       1
  131     143       1
  132     139       1
  133     134       1
  134     172       1
  136     152       1
  136     192       1
  137     193       1
  138     183       1
  139     190       1
  139     200       1
  141     159       1
  141     181       1
  142     193       1
  143     151       1
  143     200       1
  144     175       1
  152     178       1
  152     182       1
  156     170       1
  157     165       1
  158     178       1
  164     196       1
  165     198       1
  172     191       1
  174     175       1
  184     188       1
  186     198       1
  189     190       1
  191     200       1
