  500     568
    1     115       1
    1     210       1
    1     214       1
    2     378       1
    3     283       1
    4      94       1
    5      40       1
    6      81       1
    6     344       1
    6     391       1
    7     182       1
    7     323       1
    7     492       1
    8     248       1
    8     395       1
    8     421       1
    8     431       1
    8     454       1
    9      39       1
   10     181       1
   11     389       1
   12     236       1
   13      34       1
   13     110       1
   13     239       1
   13     261       1
   14     292       1
   15      24       1
   16      78       1
   16     337       1
   16     366       1
   16     402       1
   16     431       1
   16     464       1
   16     493       1
   17     313       1
   18     260       1
   18     378       1
   19     359       1
   20     234       1
   21      31       1
   21     438       1
   22     142       1
   23     146       1
   23     268       1
   24     185       1
   25     289       1
   25     447       1
   26     299       1
   26     326       1
   27      53       1
   28      92       1
   28     336       1
   29      38       1
   29      39       1
   29     154       1
   29     229       1
   29     253       1
   29     273       1
   29     304       1
   29     397       1
   29     403       1
   30     189       1
   30     256       1
   30     257       1
   30     323       1
   30     427       1
   30     449       1
   31     194       1
   31     252       1
   31     274       1
   31     314       1
   32     111       1
   33     497       1
   34     484       1
   35     136       1
   36     276       1
   37     383       1
   38     357       1
   39      89       1
   40     268       1
   40     292       1
   40     445       1
   41      59       1
   41     284       1
   42     172       1
   42     434       1
   43      51       1
   43     202       1
   43     226       1
   43     312       1
   44     122       1
   44     230       1
   45      69       1
   45     364       1
   45     398       1
   46     139       1
   47     273       1
   47     358       1
   47     421       1
   48     127       1
   48     185       1
   49     145       1
   49     325       1
   49     481       1
   50     336       1
   52     141       1
   53     262       1
   53     292       1
   53     323       1
   54     125       1
   55     172       1
   55     348       1
   55     460       1
   56     414       1
   57     379       1
   58     176       1
   59      78       1
   59     485       1
   60     195       1
   60     268       1
   61     138       1
   61     324       1
   61     355       1
   61     452       1
   62     485       1
   63      71       1
   63     144       1
   63     362       1
   63     449       1
   64     426       1
   65     209       1
   66     183       1
   67     301       1
   68     160       1
   69     160       1
   69     403       1
   69     425       1
   70     204       1
   70     496       1
   71     113       1
   71     215       1
   71     401       1
   72     188       1
   72     201       1
   72     326       1
   73     224       1
   74     415       1
   75     220       1
   76     242       1
   76     287       1
   77     415       1
   78     376       1
   79     174       1
   80     253       1
   80     278       1
   81     211       1
   81     356       1
   82     177       1
   83     275       1
   84     139       1
   85     297       1
   85     365       1
   86     169       1
   86     210       1
   87     178       1
   88     181       1
   89     223       1
   89     365       1
   90     256       1
   91     301       1
   92     310       1
   92     443       1
   93     238       1
   93     290       1
   94     115       1
   94     144       1
   94     167       1
   94     485       1
   95     102       1
   95     440       1
   96     429       1
   97     191       1
   97     218       1
   97     236       1
   97     248       1
   97     343       1
   97     431       1
   98     192       1
   99     292       1
  100     394       1
  100     458       1
  101     293       1
  101     309       1
  103     117       1
  103     455       1
  103     458       1
  104     301       1
  105     256       1
  105     363       1
  106     243       1
  106     314       1
  107     395       1
  107     480       1
  108     144       1
  108     368       1
  108     471       1
  109     115       1
  111     194       1
  112     266       1
  112     392       1
  113     280       1
  113     335       1
  114     327       1
  115     219       1
  115     333       1
  115     360       1
  115     380       1
  115     479       1
  115     486       1
  116     483       1
  118     365       1
  119     196       1
  119     466       1
  120     444       1
  121     234       1
  121     321       1
  121     339       1
  122     345       1
  122     348       1
  122     457       1
  122     468       1
  123     144       1
  124     347       1
  124     426       1
  125     288       1
  126     254       1
  126     432       1
  127     444       1
  127     458       1
  128     134       1
  128     204       1
  128     477       1
  129     349       1
  130     234       1
  130     275       1
  131     135       1
  132     342       1
  132     457       1
  133     360       1
  134     389       1
  134     399       1
  135     185       1
  136     181       1
  136     337       1
  136     386       1
  137     269       1
  137     370       1
  138     185       1
  138     301       1
  138     382       1
  138     426       1
  139     154       1
  140     428       1
  141     224       1
  141     235       1
  141     420       1
  141     429       1
  142     158       1
  142     302       1
  142     389       1
  143     197       1
  143     378       1
  144     215       1
  144     336       1
  144     415       1
  145     484       1
  147     434       1
  148     457       1
  149     154       1
  149     393       1
  150     293       1
  150     380       1
  150     496       1
  151     250       1
  152     290       1
  153     495       1
  154     231       1
  154     287       1
  155     482       1
  156     428       1
  157     218       1
  158     175       1
  158     321       1
  158     332       1
  159     378       1
  159     405       1
  159     413       1
  160     251       1
  160     264       1
  160     268       1
  160     316       1
  160     446       1
  161     264       1
  161     326       1
  162     332       1
  163     199       1
  163     309       1
  163     332       1
  163     428       1
  163     482       1
  163     486       1
  164     350       1
  165     250       1
  166     291       1
  166     374       1
  168     395       1
  168     469       1
  170     412       1
  171     379       1
  171     479       1
  171     492       1
  173     247       1
  173     429       1
  173     476       1
  174     349       1
  174     356       1
  175     255       1
  175     307       1
  175     372       1
  175     436       1
  176     488       1
  177     459       1
  178     213       1
  178     395       1
  179     396       1
  180     185       1
  183     375       1
  183     475       1
  184     388       1
  184     439       1
  185     353       1
  186     197       1
  186     323       1
  187     397       1
  187     409       1
  190     328       1
  191     447       1
  192     322       1
  192     450       1
  193     252       1
  194     206       1
  195     295       1
  197     257       1
  197     393       1
  198     235       1
  199     301       1
  199     415       1
  199     451       1
  200     354       1
  200     380       1
  201     311       1
  201     349       1
  201     404       1
  201     411       1
  201     487       1
  202     288       1
  202     483       1
  203     400       1
  203     420       1
  204     242       1
  204     431       1
  205     451       1
  206     261       1
  206     492       1
  207     320       1
  207     454       1
  207     461       1
  207     495       1
  208     328       1
  208     413       1
  209     363       1
  209     492       1
  210     354       1
  212     329       1
  214     437       1
  215     408       1
  216     220       1
  216     267       1
  216     277       1
  216     342       1
  217     283       1
  219     313       1
  219     346       1
  219     394       1
  220     237       1
  220     498       1
  221     401       1
  221     470       1
  222     313       1
  224     243       1
  224     397       1
  225     261       1
  227     489       1
  228     312       1
  232     381       1
  233     425       1
  234     367       1
  235     478       1
  236     489       1
  237     349       1
  240     304       1
  240     373       1
  241     418       1
  243     319       1
  243     406       1
  243     418       1
  243     473       1
  243     488       1
  244     255       1
  245     246       1
  245     383       1
  247     336       1
  248     376       1
  248     463       1
  249     266       1
  249     417       1
  250     312       1
  250     383       1
  251     303       1
  251     350       1
  252     352       1
  252     458       1
  253     266       1
  253     329       1
  257     267       1
  258     367       1
  259     396       1
  261     498       1
  263     346       1
  265     325       1
  266     323       1
  268     288       1
  268     297       1
  268     342       1
  269     325       1
  270     358       1
  271     291       1
  272     294       1
  272     306       1
  273     321       1
  273     434       1
  275     433       1
  276     359       1
  277     289       1
  277     402       1
  277     478       1
  278     407       1
  279     387       1
  279     459       1
  281     303       1
  282     289       1
  282     340       1
  283     366       1
  283     467       1
  284     499       1
  285     378       1
  286     384       1
  286     422       1
  286     479       1
  288     361       1
  288     486       1
  290     387       1
  291     439       1
  295     474       1
  295     479       1
  296     457       1
  298     390       1
  300     484       1
  302     331       1
  303     431       1
  303     497       1
  304     475       1
  305     393       1
  305     476       1
  306     349       1
  308     329       1
  308     333       1
  309     325       1
  309     387       1
  310     448       1
  311     410       1
  312     462       1
  312     471       1
  313     330       1
  315     481       1
  317     349       1
  317     465       1
  317     485       1
  318     479       1
  319     423       1
  321     367       1
  321     437       1
  322     380       1
  322     440       1
  323     430       1
  324     395       1
  327     337       1
  328     352       1
  330     410       1
  330     424       1
  332     499       1
  334     374       1
  335     392       1
  337     414       1
  337     423       1
  337     439       1
  337     459       1
  338     454       1
  339     394       1
  341     481       1
  342     466       1
  349     377       1
  349     378       1
  350     366       1
  351     407       1
  352     413       1
  357     402       1
  357     450       1
  357     486       1
  358     480       1
  359     414       1
  359     453       1
  361     385       1
  369     472       1
  371     439       1
  377     411       1
  378     448       1
  378     486       1
  379     385       1
  381     389       1
  387     491       1
  390     396       1
  395     433       1
  395     442       1
  396     397       1
  400     456       1
  406     496       1
  412     426       1
  413     500       1
  415     438       1
  415     492       1
  415     495       1
  416     481       1
  419     429       1
  422     426       1
  423     432       1
  423     441       1
  426     459       1
  435     447       1
  436     472       1
  453     487       1
  457     495       1
  464     494       1
  470     482       1
  479     489       1
  483     490       1
  491     494       1
