  200     244
    1       5       1
    1      10       1
    1      12       1
    1      48       1
    2      46       1
    3      31       1
    3      72       1
    4     125       1
    4     164       1
    5      31       1
    5      52       1
    6      54       1
    6      73       1
    6     197       1
    7      16       1
    7      23       1
    7      29       1
    8     170       1
    9     111       1
   11      25       1
   11      57       1
   11      77       1
   11     169       1
   12      52       1
   13      62       1
   13     108       1
   14      69       1
   14     143       1
   15     158       1
   16      34       1
   16      69       1
   17      20       1
   17      48       1
   17     101       1
   17     122       1
   17     196       1
   18     121       1
   18     128       1
   19     195       1
   20     188       1
   21      59       1
   21     126       1
   21     190       1
   22      90       1
   22     142       1
   23      29       1
   23     100       1
   23     130       1
   23     184       1
   24     121       1
   25      60       1
   25     105       1
   25     170       1
   26     124       1
   27      79       1
   27     137       1
   28      77       1
   29     140       1
   29     160       1
   30      40       1
   30      52       1
   30      88       1
   30     105       1
   30     155       1
   30     179       1
   32      63       1
   32     126       1
   33      74       1
   34      70       1
   35      71       1
   35      83       1
   35     145       1
   35     189       1
   36     112       1
   36     157       1
   37      96       1
   37     126       1
   37     154       1
   38      50       1
   38      74       1
   38      85       1
   38     135       1
   38     158       1
   38     162       1
   38     175       1
   39      52       1
   40     129       1
   41     102       1
   42      68       1
   42     112       1
   43     160       1
   44      61       1
   44      99       1
   44     117       1
   45     160       1
   45     173       1
   46      88       1
   46      89       1
   46     131       1
   46     151       1
   46     165       1
   46     185       1
   46     194       1
   47      53       1
   47     170       1
   49     183       1
   50      66       1
   50     112       1
   50     124       1
   50     126       1
   50     130       1
   50     180       1
   51     144       1
   52      73       1
   52     107       1
   52     128       1
   52     153       1
   52     196       1
   54     135       1
   55      93       1
   55     117       1
   55     190       1
   56     187       1
   58      84       1
   59      61       1
   59      65       1
   61     103       1
   61     144       1
   62      98       1
   62     200       1
   63     105       1
   63     143       1
   64      80       1
   65     120       1
   67      96       1
   68      82       1
   69      85       1
   69     102       1
   71     150       1
   71     156       1
   71     163       1
   71     174       1
   73     132       1
   75     107       1
   76      99       1
   76     163       1
   78     120       1
   79     120       1
   79     130       1
   79     143       1
   79     163       1
   79     187       1
   80     178       1
   81      83       1
   81      97       1
   82      94       1
   82     105       1
   82     131       1
   83     186       1
   84     130       1
   85     104       1
   85     106       1
   85     115       1
   85     133       1
   86     174       1
   86     193       1
   87     115       1
   88     184       1
   90     116       1
   91     118       1
   91     174       1
   91     185       1
   92     131       1
   93     119       1
   94     161       1
   95     123       1
   95     166       1
   97     160       1
   97     176       1
   98     100       1
   99     158       1
  100     122       1
  102     155       1
  102     181       1
  106     165       1
  108     162       1
  109     182       1
  110     176       1
  111     197       1
  112     120       1
  113     137       1
  113     162       1
  114     119       1
  114     160       1
  115     149       1
  116     130       1
  116     200       1
  118     192       1
  119     149       1
  120     139       1
  120     199       1
  121     157       1
  124     189       1
  125     140       1
  126     172       1
  127     168       1
  128     130       1
  130     168       1
  131     142       1
  131     167       1
  133     198       1
  134     167       1
  134     183       1
  136     180       1
  137     144       1
  138     177       1
  138     186       1
  140     171       1
  140     200       1
  141     156       1
  141     159       1
  144     169       1
  146     162       1
  147     158       1
  148     152       1
  148     163       1
  148     200       1
  149     158       1
  150     188       1
  152     196       1
  158     171       1
  158     183       1
  163     166       1
  163     174       1
  163     185       1
  163     191       1
  163     197       1
  165     195       1
  166     167       1
  168     192       1
  177     187       1
  178     196       1
  180     182       1
  191     192       1
