  800     886
    1     293       1
    1     483       1
    1     595       1
    2     166       1
    2     198       1
    2     602       1
    2     798       1
    3     106       1
    3     238       1
    3     601       1
    4     633       1
    5     649       1
    5     700       1
    6       9       1
    7     353       1
    7     494       1
    7     518       1
    7     534       1
    8     214       1
    8     435       1
    8     490       1
    9     241       1
    9     399       1
   10     444       1
   11     383       1
   11     782       1
   11     798       1
   12     270       1
   12     342       1
   12     439       1
   13     286       1
   14     669       1
   14     683       1
   14     771       1
   15     286       1
   16     720       1
   17     148       1
   18      19       1
   18      65       1
   18      92       1
   18     140       1
   19     218       1
   20     120       1
   20     220       1
   20     311       1
   21     197       1
   21     396       1
   22      75       1
   22     174       1
   22     620       1
   23     122       1
   24     454       1
   25     180       1
   25     645       1
   26     152       1
   26     337       1
   26     497       1
   27     213       1
   27     707       1
   28     345       1
   28     493       1
   28     516       1
   28     601       1
   29     351       1
   30     222       1
   30     334       1
   30     609       1
   31     261       1
   31     714       1
   32     406       1
   32     674       1
   33     199       1
   33     350       1
   34     166       1
   34     630       1
   35     123       1
   35     301       1
   35     308       1
   35     682       1
   36     683       1
   37     113       1
   37     137       1
   37     216       1
   37     476       1
   38     252       1
   38     278       1
   39     106       1
   39     359       1
   40     224       1
   41      61       1
   41     190       1
   41     421       1
   41     523       1
   41     532       1
   42     224       1
   42     413       1
   42     559       1
   42     573       1
   43     220       1
   43     642       1
   44     648       1
   44     661       1
   45     335       1
   46     431       1
   47     461       1
   47     691       1
   48     122       1
   49     212       1
   49     222       1
   50     773       1
   51     107       1
   51     444       1
   52     570       1
   53     232       1
   53     256       1
   53     387       1
   53     481       1
   54     581       1
   55     123       1
   55     329       1
   55     660       1
   56     366       1
   57     657       1
   58     363       1
   58     410       1
   58     739       1
   59      71       1
   59     324       1
   60      87       1
   60     285       1
   61     599       1
   62     384       1
   63     743       1
   64     471       1
   66     161       1
   66     544       1
   66     786       1
   67     392       1
   67     442       1
   67     653       1
   68     324       1
   69     206       1
   70     583       1
   72     766       1
   73     518       1
   73     702       1
   74     562       1
   75      88       1
   75     157       1
   75     169       1
   75     251       1
   75     501       1
   75     520       1
   76     114       1
   76     795       1
   77     354       1
   78     127       1
   78     199       1
   78     458       1
   78     740       1
   79     427       1
   79     450       1
   79     558       1
   79     603       1
   79     725       1
   79     770       1
   80     358       1
   80     747       1
   81     422       1
   81     553       1
   81     556       1
   82     147       1
   83     181       1
   83     638       1
   84     454       1
   84     721       1
   85     737       1
   85     768       1
   86     471       1
   87     321       1
   87     471       1
   87     637       1
   87     760       1
   88     304       1
   88     569       1
   88     714       1
   88     762       1
   89     294       1
   90     444       1
   90     517       1
   91     267       1
   91     498       1
   93     228       1
   93     272       1
   93     350       1
   93     579       1
   93     583       1
   94     209       1
   95     377       1
   96     351       1
   96     637       1
   97     257       1
   97     286       1
   97     551       1
   98     268       1
   99     183       1
   99     754       1
  100     449       1
  101     148       1
  101     161       1
  102     667       1
  103     427       1
  104     697       1
  105     247       1
  105     302       1
  105     771       1
  107     259       1
  107     265       1
  107     454       1
  107     531       1
  107     549       1
  107     774       1
  108     201       1
  108     410       1
  109     177       1
  109     461       1
  109     540       1
  109     585       1
  109     616       1
  110     388       1
  110     548       1
  111     211       1
  111     299       1
  111     421       1
  112     321       1
  112     328       1
  112     585       1
  113     624       1
  114     238       1
  115     684       1
  116     678       1
  116     747       1
  117     265       1
  118     348       1
  118     525       1
  119     420       1
  121     293       1
  121     297       1
  121     728       1
  122     154       1
  122     455       1
  123     229       1
  123     243       1
  123     452       1
  123     637       1
  124     527       1
  125     355       1
  125     509       1
  126     214       1
  128     396       1
  128     552       1
  128     742       1
  129     309       1
  129     327       1
  129     432       1
  129     460       1
  129     758       1
  130     131       1
  130     175       1
  130     338       1
  130     529       1
  130     637       1
  130     666       1
  130     771       1
  130     798       1
  132     370       1
  133     594       1
  134     142       1
  135     372       1
  136     182       1
  138     344       1
  138     471       1
  139     341       1
  139     390       1
  140     496       1
  140     635       1
  140     703       1
  141     186       1
  141     376       1
  142     696       1
  143     269       1
  144     470       1
  145     194       1
  145     604       1
  146     188       1
  146     712       1
  147     565       1
  148     269       1
  148     407       1
  148     428       1
  148     579       1
  148     737       1
  149     204       1
  150     351       1
  151     170       1
  151     269       1
  151     348       1
  151     595       1
  152     378       1
  152     756       1
  153     245       1
  155     463       1
  156     409       1
  156     477       1
  156     720       1
  157     250       1
  158     244       1
  159     489       1
  159     760       1
  160     562       1
  162     252       1
  163     413       1
  163     738       1
  164     370       1
  164     594       1
  164     620       1
  164     702       1
  165     401       1
  165     729       1
  166     445       1
  166     665       1
  166     763       1
  167     263       1
  168     231       1
  169     692       1
  169     772       1
  171     347       1
  171     516       1
  171     596       1
  171     737       1
  171     796       1
  172     710       1
  173     519       1
  176     714       1
  177     199       1
  177     354       1
  178     203       1
  178     350       1
  179     254       1
  179     388       1
  179     484       1
  180     371       1
  180     696       1
  181     190       1
  181     310       1
  181     338       1
  181     752       1
  182     300       1
  182     435       1
  182     493       1
  182     589       1
  182     658       1
  183     405       1
  184     509       1
  184     533       1
  185     323       1
  185     628       1
  187     467       1
  188     727       1
  189     485       1
  190     244       1
  190     367       1
  190     431       1
  191     211       1
  192     418       1
  192     686       1
  193     352       1
  193     389       1
  193     667       1
  193     747       1
  194     336       1
  194     473       1
  194     787       1
  195     262       1
  196     765       1
  197     507       1
  198     605       1
  200     218       1
  200     372       1
  200     458       1
  200     572       1
  200     626       1
  200     633       1
  200     783       1
  202     224       1
  202     550       1
  202     706       1
  203     654       1
  203     715       1
  204     656       1
  204     669       1
  204     712       1
  204     755       1
  205     604       1
  205     671       1
  205     710       1
  205     737       1
  206     210       1
  206     218       1
  207     329       1
  207     341       1
  208     506       1
  209     793       1
  213     544       1
  214     732       1
  215     420       1
  215     517       1
  216     456       1
  216     622       1
  217     527       1
  217     747       1
  218     556       1
  218     649       1
  218     703       1
  219     569       1
  220     674       1
  221     452       1
  222     557       1
  223     358       1
  223     784       1
  224     263       1
  224     311       1
  224     380       1
  224     484       1
  224     580       1
  225     276       1
  225     562       1
  226     663       1
  227     671       1
  229     700       1
  230     317       1
  231     642       1
  232     284       1
  232     374       1
  233     242       1
  233     737       1
  234     254       1
  235     481       1
  235     631       1
  236     733       1
  237     757       1
  238     400       1
  239     725       1
  240     712       1
  242     372       1
  243     584       1
  245     282       1
  245     678       1
  246     264       1
  246     698       1
  248     580       1
  249     312       1
  249     320       1
  251     340       1
  251     472       1
  252     747       1
  253     470       1
  254     273       1
  254     294       1
  254     327       1
  255     638       1
  255     716       1
  257     436       1
  258     366       1
  258     397       1
  259     576       1
  259     607       1
  260     311       1
  260     598       1
  260     791       1
  262     747       1
  262     776       1
  263     648       1
  264     285       1
  264     430       1
  266     735       1
  267     418       1
  267     781       1
  268     459       1
  268     752       1
  269     323       1
  269     396       1
  269     452       1
  270     459       1
  271     496       1
  272     773       1
  273     461       1
  273     670       1
  274     433       1
  275     279       1
  277     716       1
  278     342       1
  279     660       1
  280     707       1
  280     771       1
  281     310       1
  281     563       1
  283     536       1
  284     402       1
  285     527       1
  286     350       1
  287     519       1
  287     712       1
  287     717       1
  288     630       1
  288     731       1
  289     486       1
  289     507       1
  289     678       1
  290     313       1
  290     471       1
  291     428       1
  292     697       1
  293     736       1
  295     771       1
  296     534       1
  297     428       1
  298     457       1
  301     453       1
  301     539       1
  303     457       1
  304     491       1
  305     368       1
  306     679       1
  307     456       1
  308     511       1
  308     587       1
  308     704       1
  309     463       1
  309     579       1
  310     361       1
  311     452       1
  313     386       1
  313     444       1
  313     798       1
  314     705       1
  314     740       1
  315     585       1
  315     641       1
  315     643       1
  316     327       1
  316     361       1
  317     338       1
  318     586       1
  319     393       1
  319     701       1
  319     779       1
  320     436       1
  322     510       1
  323     440       1
  323     535       1
  324     424       1
  324     703       1
  325     641       1
  326     724       1
  329     571       1
  330     368       1
  331     371       1
  331     438       1
  332     486       1
  333     366       1
  333     608       1
  334     384       1
  334     562       1
  335     577       1
  335     710       1
  335     757       1
  336     508       1
  337     696       1
  338     385       1
  338     469       1
  338     619       1
  339     529       1
  339     755       1
  341     770       1
  343     606       1
  344     442       1
  346     384       1
  346     680       1
  348     723       1
  349     389       1
  349     579       1
  350     372       1
  350     426       1
  350     536       1
  350     780       1
  353     488       1
  353     523       1
  355     523       1
  356     561       1
  357     632       1
  357     699       1
  359     500       1
  359     587       1
  360     428       1
  362     712       1
  363     512       1
  364     520       1
  364     754       1
  365     725       1
  366     425       1
  366     463       1
  368     604       1
  369     581       1
  371     389       1
  373     454       1
  373     635       1
  374     685       1
  374     739       1
  375     613       1
  375     689       1
  376     687       1
  377     495       1
  377     741       1
  378     379       1
  378     475       1
  378     694       1
  379     541       1
  380     629       1
  380     785       1
  381     712       1
  382     391       1
  382     699       1
  383     513       1
  384     760       1
  385     597       1
  389     615       1
  390     637       1
  394     760       1
  395     796       1
  396     401       1
  396     625       1
  396     647       1
  398     495       1
  398     624       1
  399     739       1
  401     562       1
  402     538       1
  402     576       1
  402     588       1
  402     703       1
  403     658       1
  404     543       1
  404     694       1
  405     666       1
  405     696       1
  406     650       1
  407     408       1
  407     713       1
  409     620       1
  409     663       1
  411     782       1
  412     697       1
  413     446       1
  414     495       1
  415     711       1
  416     631       1
  416     668       1
  417     637       1
  417     708       1
  418     620       1
  418     637       1
  418     747       1
  419     710       1
  423     751       1
  424     722       1
  425     566       1
  426     461       1
  427     579       1
  428     505       1
  428     581       1
  428     779       1
  429     500       1
  429     645       1
  429     790       1
  430     725       1
  432     588       1
  433     457       1
  433     787       1
  434     752       1
  435     641       1
  437     751       1
  438     541       1
  439     793       1
  441     476       1
  441     782       1
  443     448       1
  443     703       1
  447     718       1
  448     470       1
  449     672       1
  450     466       1
  450     491       1
  451     491       1
  454     733       1
  455     703       1
  456     583       1
  456     662       1
  457     513       1
  457     715       1
  461     537       1
  461     621       1
  462     609       1
  462     642       1
  464     699       1
  465     565       1
  465     748       1
  467     503       1
  467     696       1
  468     470       1
  468     485       1
  470     564       1
  470     733       1
  470     777       1
  471     480       1
  472     500       1
  472     799       1
  473     695       1
  474     510       1
  474     536       1
  474     570       1
  475     712       1
  475     747       1
  478     520       1
  479     706       1
  480     677       1
  481     560       1
  482     667       1
  485     688       1
  487     754       1
  492     669       1
  496     567       1
  497     534       1
  497     575       1
  499     502       1
  499     637       1
  499     689       1
  504     547       1
  505     614       1
  506     631       1
  507     516       1
  510     582       1
  510     718       1
  510     737       1
  510     764       1
  512     618       1
  514     579       1
  515     799       1
  520     672       1
  520     676       1
  521     570       1
  521     611       1
  522     639       1
  522     730       1
  523     707       1
  524     620       1
  526     592       1
  528     740       1
  530     562       1
  531     711       1
  531     735       1
  537     622       1
  537     699       1
  538     775       1
  538     797       1
  539     563       1
  539     582       1
  539     675       1
  539     741       1
  540     666       1
  540     753       1
  541     703       1
  542     750       1
  545     562       1
  546     666       1
  547     647       1
  548     715       1
  552     761       1
  553     588       1
  554     737       1
  555     656       1
  561     644       1
  562     686       1
  565     581       1
  567     570       1
  568     711       1
  569     800       1
  570     688       1
  574     686       1
  576     746       1
  578     711       1
  579     600       1
  580     784       1
  582     620       1
  582     637       1
  583     758       1
  584     766       1
  586     743       1
  588     724       1
  590     736       1
  591     726       1
  592     739       1
  593     659       1
  593     698       1
  603     769       1
  604     614       1
  606     620       1
  608     625       1
  609     639       1
  610     677       1
  610     740       1
  612     737       1
  617     752       1
  618     737       1
  619     680       1
  619     693       1
  619     705       1
  620     715       1
  620     726       1
  620     793       1
  620     795       1
  620     797       1
  622     635       1
  623     765       1
  623     771       1
  627     635       1
  630     666       1
  634     707       1
  636     737       1
  637     749       1
  640     790       1
  641     710       1
  642     668       1
  642     698       1
  644     785       1
  646     678       1
  649     688       1
  649     735       1
  649     751       1
  649     767       1
  651     747       1
  652     703       1
  652     790       1
  654     697       1
  654     720       1
  655     785       1
  657     739       1
  663     719       1
  664     721       1
  666     673       1
  666     684       1
  667     745       1
  668     726       1
  676     788       1
  678     749       1
  679     740       1
  681     763       1
  683     707       1
  685     699       1
  685     789       1
  687     779       1
  688     709       1
  690     707       1
  696     750       1
  700     726       1
  702     794       1
  703     710       1
  709     759       1
  714     734       1
  717     733       1
  718     792       1
  726     739       1
  731     800       1
  741     743       1
  743     744       1
  778     791       1
