  600     674
    1     312       1
    1     595       1
    2     194       1
    3     144       1
    3     525       1
    4     290       1
    5     576       1
    6     152       1
    6     155       1
    6     452       1
    6     499       1
    7      26       1
    8      37       1
    8     224       1
    8     353       1
    9     287       1
   10      87       1
   11     585       1
   12     126       1
   12     177       1
   12     298       1
   12     323       1
   13     102       1
   13     223       1
   14     336       1
   15      30       1
   16     332       1
   16     580       1
   17      93       1
   17     142       1
   18     480       1
   19      42       1
   19     141       1
   19     288       1
   20     421       1
   21     275       1
   22     303       1
   22     480       1
   23     116       1
   24     192       1
   24     207       1
   25     448       1
   25     526       1
   26      90       1
   26     212       1
   26     431       1
   26     567       1
   27     302       1
   27     432       1
   28     269       1
   29     284       1
   30      33       1
   30     311       1
   31     184       1
   31     186       1
   31     525       1
   32     125       1
   32     366       1
   33     247       1
   33     251       1
   33     596       1
   34     115       1
   34     142       1
   34     413       1
   34     512       1
   35     180       1
   36     293       1
   36     305       1
   37     508       1
   38     532       1
   39     158       1
   39     187       1
   40     404       1
   41     296       1
   41     412       1
   42      72       1
   42     221       1
   42     284       1
   42     405       1
   42     429       1
   42     460       1
   43     178       1
   43     315       1
   43     525       1
   44     164       1
   44     466       1
   44     525       1
   45     520       1
   45     583       1
   46      66       1
   47     489       1
   48     358       1
   48     445       1
   48     476       1
   49      66       1
   49     437       1
   50     121       1
   50     269       1
   50     286       1
   51     492       1
   52     245       1
   52     282       1
   52     472       1
   52     544       1
   53     100       1
   53     297       1
   53     320       1
   54      81       1
   54     175       1
   54     227       1
   54     335       1
   55      79       1
   55     351       1
   56     160       1
   56     290       1
   56     361       1
   56     370       1
   57     260       1
   58     582       1
   58     587       1
   59     135       1
   59     198       1
   59     518       1
   60     271       1
   60     392       1
   61      99       1
   61     246       1
   62     123       1
   62     504       1
   63      87       1
   63     359       1
   64      72       1
   64     525       1
   65     409       1
   65     550       1
   66     104       1
   67     590       1
   68      79       1
   68     244       1
   69      89       1
   69     276       1
   69     343       1
   70     403       1
   71     181       1
   71     305       1
   71     477       1
   72     108       1
   72     210       1
   72     287       1
   72     306       1
   72     318       1
   72     353       1
   72     468       1
   72     489       1
   73     132       1
   73     586       1
   74     114       1
   74     271       1
   74     290       1
   74     304       1
   74     522       1
   74     589       1
   75     348       1
   75     578       1
   76     433       1
   76     455       1
   77     180       1
   78      88       1
   78     124       1
   78     191       1
   78     239       1
   78     249       1
   78     258       1
   78     505       1
   79     447       1
   80     156       1
   80     418       1
   81     136       1
   82     176       1
   83     410       1
   83     517       1
   84     446       1
   85     188       1
   85     415       1
   85     536       1
   86     223       1
   87     109       1
   87     122       1
   87     157       1
   87     392       1
   87     523       1
   89     513       1
   90     326       1
   91     104       1
   91     190       1
   91     198       1
   91     327       1
   91     342       1
   91     547       1
   91     556       1
   92     256       1
   92     490       1
   92     566       1
   93     150       1
   93     260       1
   94     315       1
   94     379       1
   95     448       1
   96     123       1
   96     301       1
   97     306       1
   97     517       1
   98     301       1
   99     103       1
  100     279       1
  100     429       1
  100     581       1
  101     437       1
  103     446       1
  104     341       1
  104     366       1
  105     145       1
  106     432       1
  107     225       1
  109     124       1
  109     502       1
  110     141       1
  110     195       1
  110     437       1
  110     581       1
  111     578       1
  112     446       1
  113     117       1
  113     151       1
  113     257       1
  113     516       1
  114     149       1
  114     333       1
  116     220       1
  117     493       1
  118     410       1
  118     534       1
  119     536       1
  120     416       1
  121     174       1
  121     396       1
  121     445       1
  122     497       1
  123     230       1
  123     428       1
  125     468       1
  126     449       1
  127     215       1
  128     390       1
  129     404       1
  129     481       1
  129     563       1
  130     339       1
  131     404       1
  132     525       1
  133     439       1
  133     463       1
  133     497       1
  134     185       1
  135     503       1
  135     591       1
  136     147       1
  137     269       1
  138     237       1
  138     554       1
  139     161       1
  139     258       1
  140     146       1
  140     165       1
  140     573       1
  141     259       1
  142     227       1
  143     535       1
  145     305       1
  146     245       1
  146     398       1
  146     539       1
  147     220       1
  147     321       1
  147     534       1
  148     255       1
  149     265       1
  152     561       1
  153     245       1
  154     237       1
  154     330       1
  155     371       1
  156     446       1
  157     357       1
  158     209       1
  158     271       1
  158     319       1
  159     202       1
  159     297       1
  159     376       1
  160     485       1
  160     491       1
  161     492       1
  162     219       1
  162     250       1
  163     492       1
  164     183       1
  164     206       1
  164     424       1
  165     241       1
  165     432       1
  165     589       1
  166     282       1
  167     357       1
  168     180       1
  168     198       1
  168     428       1
  168     448       1
  168     490       1
  169     180       1
  170     495       1
  171     576       1
  172     339       1
  172     467       1
  173     493       1
  176     198       1
  176     200       1
  176     227       1
  176     348       1
  176     377       1
  176     445       1
  176     546       1
  176     593       1
  177     271       1
  177     403       1
  178     329       1
  178     457       1
  179     203       1
  179     205       1
  179     351       1
  179     371       1
  179     427       1
  179     469       1
  179     541       1
  179     563       1
  179     570       1
  179     576       1
  180     280       1
  180     555       1
  181     462       1
  182     258       1
  182     415       1
  182     499       1
  185     236       1
  185     583       1
  186     211       1
  186     390       1
  186     407       1
  187     425       1
  189     223       1
  189     318       1
  189     386       1
  190     292       1
  190     600       1
  193     221       1
  194     377       1
  196     401       1
  197     210       1
  197     440       1
  198     232       1
  198     363       1
  199     540       1
  200     513       1
  201     593       1
  203     599       1
  204     248       1
  206     226       1
  207     309       1
  207     507       1
  208     328       1
  210     480       1
  211     453       1
  211     528       1
  212     349       1
  213     475       1
  213     519       1
  214     583       1
  215     292       1
  215     387       1
  216     408       1
  216     483       1
  217     258       1
  218     305       1
  218     542       1
  219     522       1
  219     597       1
  220     290       1
  222     285       1
  222     552       1
  223     337       1
  224     414       1
  224     577       1
  225     329       1
  225     433       1
  226     264       1
  226     497       1
  227     237       1
  227     258       1
  227     357       1
  227     375       1
  227     429       1
  227     555       1
  227     589       1
  228     327       1
  229     346       1
  229     359       1
  230     334       1
  231     339       1
  231     421       1
  232     339       1
  232     537       1
  233     441       1
  234     270       1
  235     344       1
  235     393       1
  235     433       1
  235     509       1
  236     479       1
  238     323       1
  239     584       1
  240     255       1
  241     256       1
  242     468       1
  242     515       1
  243     599       1
  245     311       1
  248     523       1
  249     314       1
  250     252       1
  250     353       1
  251     345       1
  251     572       1
  253     266       1
  254     559       1
  255     312       1
  255     367       1
  256     440       1
  257     260       1
  257     308       1
  257     372       1
  257     431       1
  259     460       1
  260     435       1
  261     426       1
  262     395       1
  262     590       1
  263     285       1
  264     555       1
  266     424       1
  267     408       1
  268     344       1
  268     451       1
  268     581       1
  269     294       1
  269     372       1
  270     550       1
  271     338       1
  271     471       1
  272     496       1
  272     563       1
  272     575       1
  272     587       1
  273     454       1
  273     459       1
  274     285       1
  274     355       1
  275     332       1
  275     390       1
  275     429       1
  275     486       1
  276     442       1
  276     505       1
  277     390       1
  278     309       1
  281     316       1
  282     377       1
  282     406       1
  282     444       1
  283     328       1
  284     312       1
  284     367       1
  284     393       1
  285     404       1
  286     420       1
  289     468       1
  290     548       1
  291     319       1
  292     317       1
  292     347       1
  295     383       1
  299     430       1
  299     557       1
  299     563       1
  300     517       1
  301     540       1
  303     559       1
  305     373       1
  305     489       1
  305     558       1
  306     321       1
  307     430       1
  308     549       1
  309     373       1
  309     569       1
  310     393       1
  311     336       1
  311     356       1
  311     420       1
  311     445       1
  313     477       1
  313     488       1
  314     449       1
  316     514       1
  316     563       1
  317     379       1
  317     565       1
  318     397       1
  318     553       1
  319     426       1
  319     526       1
  320     346       1
  321     535       1
  322     385       1
  322     393       1
  324     344       1
  324     529       1
  325     374       1
  327     380       1
  328     451       1
  329     450       1
  330     517       1
  331     371       1
  334     345       1
  336     443       1
  336     460       1
  338     481       1
  340     515       1
  344     408       1
  347     384       1
  348     527       1
  349     431       1
  350     395       1
  351     419       1
  352     470       1
  353     566       1
  354     381       1
  357     465       1
  360     375       1
  361     521       1
  362     487       1
  362     492       1
  363     374       1
  363     460       1
  364     478       1
  365     383       1
  365     590       1
  366     456       1
  368     569       1
  369     391       1
  371     395       1
  371     422       1
  371     448       1
  372     377       1
  372     401       1
  372     482       1
  372     574       1
  372     598       1
  374     504       1
  375     506       1
  375     596       1
  377     446       1
  377     456       1
  378     429       1
  378     497       1
  378     564       1
  378     590       1
  381     481       1
  382     554       1
  383     391       1
  383     524       1
  384     497       1
  384     550       1
  387     508       1
  387     573       1
  388     442       1
  388     446       1
  389     563       1
  393     434       1
  394     406       1
  397     458       1
  397     551       1
  398     400       1
  398     487       1
  399     468       1
  402     454       1
  404     446       1
  405     492       1
  405     544       1
  405     592       1
  408     531       1
  408     594       1
  409     437       1
  409     538       1
  409     562       1
  410     558       1
  411     501       1
  412     517       1
  415     459       1
  416     456       1
  417     585       1
  418     426       1
  418     462       1
  423     484       1
  423     583       1
  429     510       1
  429     563       1
  434     526       1
  435     565       1
  436     446       1
  438     458       1
  439     515       1
  440     489       1
  441     500       1
  441     563       1
  445     501       1
  445     536       1
  446     498       1
  454     537       1
  458     562       1
  459     474       1
  461     590       1
  464     506       1
  466     532       1
  470     486       1
  473     510       1
  475     478       1
  475     517       1
  475     571       1
  476     491       1
  479     559       1
  488     494       1
  488     498       1
  488     506       1
  488     538       1
  489     559       1
  490     589       1
  493     567       1
  493     582       1
  495     541       1
  495     578       1
  500     585       1
  505     543       1
  510     568       1
  511     585       1
  520     525       1
  529     581       1
  530     595       1
  532     552       1
  533     574       1
  534     588       1
  539     560       1
  545     574       1
  549     573       1
  563     579       1
