  700     780
    1      29       1
    1     164       1
    1     372       1
    2      71       1
    3     392       1
    3     552       1
    4     260       1
    4     264       1
    5     328       1
    6     161       1
    7      74       1
    7     576       1
    7     585       1
    8      19       1
    8      55       1
    8     210       1
    8     252       1
    9     456       1
    9     503       1
    9     584       1
   10     187       1
   11      68       1
   11     259       1
   11     532       1
   12     273       1
   12     527       1
   12     590       1
   13     177       1
   13     408       1
   14     143       1
   14     231       1
   14     373       1
   14     534       1
   14     548       1
   15     168       1
   15     288       1
   15     479       1
   15     620       1
   16     182       1
   16     623       1
   16     674       1
   17     273       1
   18     238       1
   18     301       1
   18     431       1
   18     602       1
   18     636       1
   19     652       1
   20      84       1
   20     478       1
   20     505       1
   21     220       1
   21     312       1
   21     544       1
   21     550       1
   21     608       1
   21     621       1
   22     109       1
   22     169       1
   22     282       1
   22     499       1
   23     376       1
   24     273       1
   24     397       1
   24     695       1
   25     139       1
   25     320       1
   26     674       1
   27     606       1
   28     145       1
   28     343       1
   28     394       1
   29      40       1
   29     228       1
   30     270       1
   30     501       1
   31     222       1
   32     409       1
   32     567       1
   33      48       1
   33     407       1
   34      52       1
   34     331       1
   34     524       1
   35      88       1
   35     615       1
   36     251       1
   37      54       1
   37     186       1
   37     434       1
   37     500       1
   37     597       1
   37     661       1
   38     144       1
   39     163       1
   39     225       1
   40     115       1
   40     155       1
   41     663       1
   42     664       1
   43     145       1
   43     642       1
   44     367       1
   44     679       1
   45     387       1
   45     398       1
   45     563       1
   45     636       1
   46     269       1
   46     545       1
   47     406       1
   47     441       1
   47     652       1
   48     532       1
   49     268       1
   49     547       1
   50     305       1
   50     463       1
   51     516       1
   52     336       1
   52     437       1
   53     399       1
   54     213       1
   56     226       1
   56     655       1
   57     105       1
   57     114       1
   57     668       1
   58     258       1
   59     268       1
   60     291       1
   61     308       1
   61     413       1
   62     453       1
   62     526       1
   62     591       1
   62     686       1
   63     148       1
   64     109       1
   64     399       1
   64     677       1
   65     143       1
   65     249       1
   66     112       1
   67     102       1
   67     490       1
   67     519       1
   67     594       1
   69     229       1
   69     401       1
   70     379       1
   70     562       1
   71     163       1
   71     268       1
   71     413       1
   71     416       1
   72     265       1
   72     471       1
   72     659       1
   73      90       1
   73     465       1
   73     576       1
   75     252       1
   75     458       1
   75     687       1
   76     674       1
   77     263       1
   78     180       1
   79     387       1
   79     512       1
   80     360       1
   80     566       1
   81     415       1
   82     169       1
   82     565       1
   83     529       1
   85     159       1
   86     160       1
   86     189       1
   86     403       1
   86     576       1
   87     164       1
   88     214       1
   88     262       1
   88     576       1
   88     592       1
   89     118       1
   89     411       1
   91     386       1
   92     366       1
   92     387       1
   93     181       1
   94     554       1
   95     362       1
   95     688       1
   96     402       1
   97     462       1
   98     593       1
   99     313       1
  100     344       1
  101     609       1
  102     475       1
  102     637       1
  103     204       1
  103     387       1
  104     405       1
  105     194       1
  105     499       1
  106     162       1
  106     667       1
  107     348       1
  108     110       1
  108     518       1
  108     577       1
  110     539       1
  110     685       1
  111     135       1
  112     125       1
  112     445       1
  113     595       1
  115     490       1
  115     511       1
  115     628       1
  116     691       1
  117     324       1
  117     572       1
  117     634       1
  118     122       1
  118     124       1
  119     243       1
  119     308       1
  119     580       1
  119     605       1
  119     630       1
  119     659       1
  120     236       1
  120     270       1
  121     224       1
  121     334       1
  121     501       1
  121     642       1
  122     137       1
  122     177       1
  122     232       1
  122     500       1
  122     625       1
  122     652       1
  123     363       1
  123     483       1
  126     173       1
  126     315       1
  126     414       1
  126     628       1
  126     651       1
  127     184       1
  127     388       1
  128     136       1
  128     346       1
  128     358       1
  128     424       1
  129     387       1
  129     656       1
  129     693       1
  130     304       1
  131     311       1
  131     537       1
  131     692       1
  132     389       1
  132     654       1
  133     499       1
  134     247       1
  134     306       1
  134     384       1
  135     577       1
  138     561       1
  139     155       1
  139     164       1
  139     194       1
  139     290       1
  140     178       1
  141     344       1
  142     349       1
  143     163       1
  143     181       1
  143     267       1
  143     309       1
  143     349       1
  143     634       1
  144     150       1
  144     378       1
  146     313       1
  146     398       1
  147     293       1
  147     383       1
  148     263       1
  149     294       1
  150     300       1
  150     307       1
  150     483       1
  151     286       1
  152     232       1
  153     282       1
  153     485       1
  154     381       1
  154     382       1
  154     525       1
  154     544       1
  156     516       1
  157     623       1
  158     315       1
  158     473       1
  159     390       1
  159     562       1
  161     630       1
  162     546       1
  162     593       1
  163     427       1
  163     483       1
  163     521       1
  163     605       1
  163     628       1
  164     313       1
  165     388       1
  166     560       1
  166     628       1
  167     195       1
  167     333       1
  167     485       1
  167     526       1
  167     538       1
  167     685       1
  168     394       1
  169     577       1
  170     357       1
  171     576       1
  172     543       1
  173     437       1
  173     661       1
  174     305       1
  175     420       1
  175     614       1
  176     591       1
  177     492       1
  177     617       1
  178     217       1
  178     659       1
  179     200       1
  180     405       1
  181     376       1
  181     570       1
  181     606       1
  181     619       1
  183     634       1
  184     440       1
  185     654       1
  187     508       1
  187     551       1
  187     679       1
  188     256       1
  188     634       1
  188     679       1
  190     363       1
  191     288       1
  192     576       1
  192     644       1
  193     372       1
  193     510       1
  193     522       1
  194     634       1
  194     639       1
  194     688       1
  196     263       1
  197     518       1
  198     647       1
  199     457       1
  199     513       1
  199     580       1
  199     681       1
  200     279       1
  200     419       1
  201     529       1
  202     274       1
  202     322       1
  202     486       1
  202     673       1
  203     426       1
  205     684       1
  206     264       1
  206     316       1
  207     611       1
  208     366       1
  208     671       1
  209     255       1
  209     429       1
  209     472       1
  210     489       1
  211     376       1
  211     392       1
  211     556       1
  212     381       1
  214     278       1
  214     631       1
  215     243       1
  215     402       1
  216     370       1
  216     452       1
  218     261       1
  218     269       1
  218     397       1
  219     427       1
  219     526       1
  219     528       1
  220     298       1
  220     405       1
  221     625       1
  222     243       1
  222     329       1
  223     350       1
  223     581       1
  224     256       1
  224     413       1
  224     591       1
  226     332       1
  226     582       1
  227     349       1
  228     652       1
  229     586       1
  229     605       1
  230     263       1
  230     269       1
  230     605       1
  230     611       1
  230     649       1
  231     234       1
  231     338       1
  231     415       1
  231     469       1
  232     421       1
  233     271       1
  233     273       1
  233     557       1
  235     305       1
  235     438       1
  235     579       1
  236     439       1
  237     555       1
  238     515       1
  239     435       1
  239     616       1
  240     551       1
  241     326       1
  241     688       1
  242     641       1
  243     282       1
  244     461       1
  244     502       1
  245     352       1
  245     630       1
  246     567       1
  247     291       1
  248     462       1
  248     472       1
  250     659       1
  251     289       1
  252     311       1
  252     566       1
  253     285       1
  253     318       1
  253     480       1
  254     471       1
  254     517       1
  255     274       1
  257     441       1
  258     685       1
  260     361       1
  261     335       1
  261     436       1
  261     552       1
  261     699       1
  262     294       1
  263     322       1
  263     443       1
  263     468       1
  263     472       1
  263     561       1
  263     604       1
  265     396       1
  266     325       1
  267     423       1
  267     578       1
  267     691       1
  267     694       1
  269     292       1
  269     663       1
  270     652       1
  272     331       1
  273     289       1
  274     430       1
  275     446       1
  275     677       1
  275     681       1
  276     635       1
  277     588       1
  280     428       1
  281     418       1
  282     541       1
  282     595       1
  282     641       1
  282     655       1
  283     535       1
  284     464       1
  285     321       1
  285     532       1
  285     606       1
  286     467       1
  286     527       1
  287     381       1
  287     383       1
  287     606       1
  288     314       1
  288     414       1
  289     495       1
  289     540       1
  289     658       1
  291     464       1
  292     662       1
  295     607       1
  296     578       1
  297     599       1
  298     308       1
  298     430       1
  299     684       1
  300     470       1
  301     612       1
  302     436       1
  303     485       1
  304     540       1
  304     562       1
  305     400       1
  305     522       1
  306     450       1
  306     485       1
  307     348       1
  310     509       1
  310     662       1
  310     672       1
  312     497       1
  314     361       1
  315     436       1
  316     522       1
  316     601       1
  316     614       1
  317     336       1
  317     522       1
  318     356       1
  319     609       1
  320     413       1
  320     430       1
  322     418       1
  322     419       1
  322     446       1
  322     682       1
  323     430       1
  323     636       1
  325     616       1
  326     488       1
  327     516       1
  327     606       1
  328     555       1
  328     690       1
  329     442       1
  329     514       1
  329     683       1
  330     484       1
  330     606       1
  330     665       1
  331     466       1
  331     514       1
  332     636       1
  334     624       1
  336     579       1
  337     383       1
  337     424       1
  338     612       1
  338     688       1
  339     434       1
  340     584       1
  341     489       1
  342     487       1
  342     515       1
  344     583       1
  345     445       1
  347     670       1
  347     676       1
  348     474       1
  349     571       1
  349     660       1
  350     369       1
  350     588       1
  350     589       1
  350     658       1
  351     487       1
  353     495       1
  354     385       1
  354     679       1
  355     429       1
  357     486       1
  358     368       1
  358     528       1
  358     584       1
  359     403       1
  360     630       1
  363     392       1
  364     488       1
  365     629       1
  366     576       1
  366     628       1
  366     657       1
  367     644       1
  371     414       1
  373     477       1
  373     490       1
  374     599       1
  375     413       1
  376     536       1
  376     613       1
  376     648       1
  377     530       1
  378     455       1
  378     463       1
  379     642       1
  380     415       1
  383     569       1
  385     499       1
  385     696       1
  386     446       1
  387     700       1
  388     679       1
  389     479       1
  391     483       1
  392     627       1
  392     632       1
  393     684       1
  395     663       1
  400     645       1
  404     429       1
  404     576       1
  405     536       1
  409     428       1
  409     491       1
  410     502       1
  410     585       1
  412     546       1
  412     578       1
  413     504       1
  413     531       1
  417     529       1
  418     496       1
  419     488       1
  419     647       1
  419     669       1
  420     481       1
  421     460       1
  421     549       1
  421     575       1
  422     480       1
  424     654       1
  425     512       1
  426     559       1
  426     653       1
  426     674       1
  430     487       1
  430     646       1
  431     526       1
  431     674       1
  432     541       1
  433     634       1
  434     555       1
  435     658       1
  437     494       1
  439     452       1
  439     532       1
  440     442       1
  442     525       1
  443     589       1
  444     482       1
  444     507       1
  445     521       1
  447     661       1
  448     574       1
  449     491       1
  451     471       1
  451     485       1
  454     477       1
  459     588       1
  462     656       1
  464     493       1
  466     633       1
  470     577       1
  472     512       1
  473     502       1
  476     678       1
  477     527       1
  477     564       1
  482     576       1
  483     540       1
  485     524       1
  485     530       1
  485     587       1
  486     618       1
  488     574       1
  491     553       1
  491     637       1
  491     657       1
  493     543       1
  496     684       1
  497     541       1
  498     606       1
  498     625       1
  500     605       1
  503     673       1
  505     653       1
  506     591       1
  512     676       1
  516     555       1
  520     640       1
  522     583       1
  522     605       1
  522     616       1
  523     694       1
  528     600       1
  529     580       1
  531     594       1
  533     628       1
  534     695       1
  535     688       1
  536     554       1
  536     626       1
  536     653       1
  536     666       1
  542     580       1
  543     607       1
  546     655       1
  549     685       1
  551     609       1
  551     634       1
  552     613       1
  554     598       1
  555     689       1
  558     622       1
  561     567       1
  567     607       1
  568     605       1
  571     698       1
  573     587       1
  578     603       1
  580     680       1
  583     594       1
  584     678       1
  591     610       1
  596     666       1
  599     607       1
  603     612       1
  604     638       1
  606     645       1
  607     646       1
  607     659       1
  611     643       1
  616     620       1
  622     652       1
  624     647       1
  629     646       1
  630     635       1
  630     640       1
  630     664       1
  634     642       1
  642     697       1
  650     657       1
  653     675       1
  653     698       1
