  100     129
    1       2       1
    1      97       1
    2      10       1
    2      68       1
    3       7       1
    3       9       1
    3      75       1
    4      94       1
    5      28       1
    5      64       1
    5      75       1
    5      85       1
    6      60       1
    7       8       1
    7      26       1
    7      27       1
    7      35       1
    7      45       1
    7      47       1
    7      67       1
    7      69       1
    8      12       1
    8      42       1
    8      62       1
    8      98       1
    9      47       1
   10      33       1
   10      46       1
   10      75       1
   11      83       1
   11      97       1
   12      34       1
   12      44       1
   13      27       1
   13      52       1
   13      56       1
   14      45       1
   14      63       1
   14      75       1
   15      82       1
   15     100       1
   16      52       1
   17      52       1
   18      28       1
   18      40       1
   18      72       1
   18      96       1
   19      35       1
   19      43       1
   20      65       1
   21      69       1
   22      44       1
   22      74       1
   22      99       1
   23      48       1
   23      87       1
   24      56       1
   24      93       1
   25      77       1
   26      71       1
   26      83       1
   26      85       1
   26      93       1
   27      39       1
   27      92       1
   28      66       1
   28      98       1
   29      81       1
   30      41       1
   31      78       1
   31      96       1
   32      37       1
   32      49       1
   32      55       1
   32      65       1
   32      84       1
   33      89       1
   35      70       1
   35      79       1
   35      96       1
   36      63       1
   36      86       1
   38      69       1
   40      69       1
   41      58       1
   41      96       1
   42      54       1
   42      93       1
   42      94       1
   44      73       1
   45      68       1
   45      74       1
   46      57       1
   46      93       1
   49      61       1
   49      73       1
   50      81       1
   51      85       1
   52      93       1
   53      95       1
   55      68       1
   57      79       1
   59      72       1
   59      85       1
   60      65       1
   60      83       1
   60      96       1
   61      80       1
   62      89       1
   64      74       1
   64      76       1
   64      90       1
   68      92       1
   71      95       1
   73      90       1
   73      93       1
   74      75       1
   74      81       1
   74      83       1
   74      97       1
   77      90       1
   81      94       1
   82      87       1
   82      93       1
   84      95       1
   87      88       1
   90      93       1
   91      94       1
   92      93       1
