  700     780
    1     646       1
    2     156       1
    3      51       1
    3     525       1
    4     236       1
    4     280       1
    5      45       1
    6     208       1
    6     478       1
    6     583       1
    7     292       1
    7     631       1
    8      41       1
    8     657       1
    9     478       1
   10     213       1
   10     258       1
   10     580       1
   11     680       1
   12     576       1
   13     221       1
   13     323       1
   13     656       1
   14     555       1
   15      91       1
   16     218       1
   17     600       1
   18     356       1
   19     117       1
   20      37       1
   21     245       1
   21     533       1
   22     298       1
   23     147       1
   23     353       1
   23     599       1
   23     624       1
   24     253       1
   24     522       1
   25     309       1
   25     464       1
   25     682       1
   26     243       1
   26     293       1
   27     138       1
   27     347       1
   27     667       1
   28     158       1
   28     196       1
   28     498       1
   28     509       1
   29      59       1
   29     637       1
   30     389       1
   30     542       1
   31     320       1
   32     293       1
   32     560       1
   33     665       1
   34      99       1
   35     604       1
   36      92       1
   36     211       1
   36     694       1
   37      50       1
   37     243       1
   37     287       1
   38     338       1
   38     653       1
   39     242       1
   40     100       1
   40     599       1
   41     264       1
   41     363       1
   41     615       1
   42     551       1
   43     376       1
   44      97       1
   44     517       1
   44     563       1
   45     440       1
   45     492       1
   46     568       1
   47     435       1
   47     513       1
   48     425       1
   49     405       1
   50     650       1
   51      82       1
   51     211       1
   51     416       1
   51     454       1
   51     688       1
   52      83       1
   52     198       1
   53     479       1
   53     575       1
   53     586       1
   53     637       1
   53     691       1
   54     433       1
   55     285       1
   56      62       1
   56     272       1
   56     311       1
   56     330       1
   56     370       1
   56     695       1
   57     126       1
   58     247       1
   58     277       1
   59     458       1
   59     635       1
   60     231       1
   61     260       1
   62     233       1
   62     385       1
   62     444       1
   63     128       1
   63     141       1
   63     504       1
   63     660       1
   64     319       1
   64     593       1
   64     642       1
   65     322       1
   66     109       1
   67     244       1
   68      87       1
   68     338       1
   69     400       1
   70     110       1
   70     259       1
   71     323       1
   71     476       1
   72     341       1
   73     299       1
   73     643       1
   74     255       1
   74     432       1
   75      88       1
   75     651       1
   76     366       1
   77     129       1
   77     138       1
   77     359       1
   77     548       1
   78     264       1
   79     289       1
   79     325       1
   79     364       1
   79     629       1
   79     652       1
   80     393       1
   80     447       1
   81     171       1
   82      87       1
   82     219       1
   82     371       1
   82     557       1
   82     570       1
   83     185       1
   83     299       1
   83     324       1
   83     469       1
   83     495       1
   83     639       1
   84     665       1
   85     218       1
   85     302       1
   85     412       1
   86     361       1
   86     584       1
   86     651       1
   87     247       1
   89     253       1
   89     599       1
   89     638       1
   90     112       1
   90     129       1
   90     189       1
   91     102       1
   91     292       1
   92     384       1
   93     212       1
   93     249       1
   94     405       1
   95     116       1
   95     179       1
   95     210       1
   95     261       1
   95     419       1
   96     104       1
   96     141       1
   96     364       1
   97     364       1
   98     179       1
   98     663       1
   99     392       1
   99     600       1
  101     355       1
  101     500       1
  101     548       1
  103     123       1
  103     579       1
  104     326       1
  104     467       1
  105     652       1
  106     417       1
  107     425       1
  108     351       1
  108     618       1
  109     180       1
  109     379       1
  110     552       1
  111     307       1
  113     193       1
  113     539       1
  114     509       1
  114     592       1
  114     597       1
  115     184       1
  115     525       1
  115     546       1
  116     686       1
  117     150       1
  117     187       1
  118     195       1
  118     247       1
  118     304       1
  119     499       1
  119     657       1
  120     255       1
  121     218       1
  122     125       1
  122     296       1
  122     302       1
  122     331       1
  123     500       1
  123     614       1
  124     588       1
  125     459       1
  126     270       1
  126     464       1
  126     589       1
  127     173       1
  128     267       1
  129     285       1
  129     322       1
  129     452       1
  129     542       1
  129     583       1
  129     587       1
  129     594       1
  129     596       1
  130     255       1
  131     150       1
  131     289       1
  132     331       1
  133     243       1
  133     564       1
  134     251       1
  134     436       1
  135     366       1
  135     425       1
  135     569       1
  136     627       1
  137     659       1
  139     282       1
  139     610       1
  140     161       1
  140     197       1
  140     382       1
  141     351       1
  141     697       1
  142     175       1
  142     433       1
  143     679       1
  144     616       1
  145     691       1
  146     555       1
  147     476       1
  148     432       1
  149     168       1
  150     548       1
  151     285       1
  152     228       1
  152     585       1
  153     366       1
  154     495       1
  155     211       1
  156     358       1
  156     538       1
  157     572       1
  158     292       1
  158     551       1
  158     562       1
  159     211       1
  159     315       1
  159     654       1
  160     302       1
  162     234       1
  163     231       1
  163     317       1
  163     493       1
  164     306       1
  164     553       1
  165     374       1
  166     408       1
  167     432       1
  167     659       1
  168     210       1
  168     256       1
  169     410       1
  170     215       1
  171     242       1
  171     507       1
  172     214       1
  173     475       1
  173     572       1
  174     325       1
  174     526       1
  175     468       1
  175     654       1
  176     207       1
  176     674       1
  177     426       1
  177     518       1
  178     355       1
  179     378       1
  179     437       1
  181     310       1
  181     506       1
  182     346       1
  182     455       1
  182     558       1
  183     291       1
  183     684       1
  184     609       1
  185     344       1
  186     655       1
  188     683       1
  190     492       1
  190     505       1
  191     227       1
  191     288       1
  191     295       1
  192     657       1
  193     340       1
  193     463       1
  194     556       1
  195     536       1
  197     531       1
  199     652       1
  200     519       1
  200     622       1
  200     630       1
  201     583       1
  202     382       1
  202     478       1
  202     479       1
  203     475       1
  204     381       1
  205     570       1
  205     606       1
  206     282       1
  207     238       1
  207     357       1
  207     379       1
  208     530       1
  208     588       1
  209     365       1
  209     564       1
  210     300       1
  210     331       1
  210     403       1
  210     477       1
  210     600       1
  211     468       1
  211     595       1
  211     676       1
  214     342       1
  214     381       1
  215     375       1
  216     402       1
  216     428       1
  216     543       1
  217     233       1
  217     245       1
  217     352       1
  218     219       1
  219     252       1
  219     372       1
  219     381       1
  219     491       1
  219     521       1
  219     646       1
  220     262       1
  220     542       1
  222     643       1
  223     521       1
  224     688       1
  225     331       1
  225     529       1
  225     575       1
  226     608       1
  227     378       1
  227     415       1
  227     617       1
  227     623       1
  228     333       1
  228     583       1
  229     333       1
  229     375       1
  229     413       1
  230     693       1
  231     272       1
  231     420       1
  231     682       1
  232     593       1
  234     600       1
  235     425       1
  236     441       1
  237     321       1
  238     348       1
  238     387       1
  238     699       1
  239     289       1
  239     441       1
  239     514       1
  239     638       1
  240     313       1
  240     480       1
  241     399       1
  243     378       1
  243     490       1
  244     260       1
  244     280       1
  245     355       1
  245     443       1
  245     531       1
  245     664       1
  246     379       1
  247     447       1
  247     576       1
  247     632       1
  248     286       1
  248     437       1
  249     278       1
  249     292       1
  249     410       1
  249     470       1
  249     486       1
  250     548       1
  251     477       1
  251     497       1
  251     507       1
  252     275       1
  253     399       1
  254     553       1
  256     291       1
  256     380       1
  256     608       1
  256     666       1
  257     305       1
  257     424       1
  258     466       1
  262     595       1
  262     601       1
  263     339       1
  264     272       1
  264     559       1
  264     575       1
  264     580       1
  265     323       1
  266     473       1
  267     680       1
  268     337       1
  268     399       1
  269     312       1
  269     590       1
  269     625       1
  270     291       1
  270     334       1
  270     538       1
  271     331       1
  272     335       1
  272     416       1
  272     435       1
  272     497       1
  272     617       1
  272     639       1
  273     452       1
  274     456       1
  274     676       1
  276     331       1
  276     488       1
  276     686       1
  279     326       1
  279     390       1
  280     368       1
  280     407       1
  280     416       1
  280     677       1
  281     608       1
  283     324       1
  283     393       1
  283     679       1
  284     487       1
  284     651       1
  286     674       1
  287     375       1
  287     464       1
  287     628       1
  287     657       1
  288     687       1
  289     513       1
  290     376       1
  291     349       1
  291     515       1
  291     524       1
  291     534       1
  291     544       1
  291     572       1
  291     698       1
  292     352       1
  292     355       1
  292     459       1
  292     542       1
  292     621       1
  292     625       1
  293     554       1
  294     676       1
  295     689       1
  296     340       1
  297     491       1
  297     531       1
  298     576       1
  298     593       1
  300     390       1
  301     607       1
  303     400       1
  303     401       1
  303     466       1
  305     569       1
  306     316       1
  307     603       1
  307     608       1
  308     638       1
  309     487       1
  310     362       1
  310     597       1
  310     606       1
  310     630       1
  311     327       1
  312     434       1
  313     375       1
  314     361       1
  315     318       1
  315     510       1
  316     416       1
  317     585       1
  319     500       1
  320     571       1
  320     679       1
  321     494       1
  321     534       1
  322     324       1
  322     522       1
  323     375       1
  323     426       1
  324     633       1
  326     461       1
  326     655       1
  328     630       1
  329     434       1
  330     405       1
  330     613       1
  332     369       1
  332     628       1
  336     401       1
  338     394       1
  339     356       1
  341     411       1
  343     655       1
  345     619       1
  346     464       1
  348     538       1
  350     428       1
  353     423       1
  354     596       1
  355     523       1
  355     543       1
  355     566       1
  356     634       1
  359     446       1
  360     364       1
  361     496       1
  362     418       1
  362     460       1
  364     542       1
  365     399       1
  367     637       1
  369     691       1
  371     383       1
  372     409       1
  373     571       1
  374     434       1
  374     534       1
  376     416       1
  376     635       1
  377     428       1
  379     531       1
  380     492       1
  380     626       1
  382     557       1
  382     618       1
  383     465       1
  383     531       1
  386     557       1
  387     406       1
  388     451       1
  388     574       1
  390     429       1
  391     449       1
  393     607       1
  394     493       1
  395     509       1
  396     571       1
  396     659       1
  396     682       1
  397     665       1
  398     454       1
  398     685       1
  399     431       1
  401     515       1
  403     416       1
  403     591       1
  404     700       1
  406     416       1
  406     549       1
  408     425       1
  408     432       1
  408     672       1
  411     472       1
  411     583       1
  412     669       1
  414     442       1
  414     531       1
  414     550       1
  415     587       1
  416     532       1
  416     552       1
  416     596       1
  416     692       1
  417     454       1
  417     527       1
  417     577       1
  420     649       1
  421     464       1
  421     520       1
  421     539       1
  422     551       1
  422     627       1
  425     596       1
  427     585       1
  428     435       1
  429     535       1
  430     461       1
  431     670       1
  433     693       1
  435     516       1
  435     606       1
  435     647       1
  438     509       1
  439     534       1
  440     618       1
  442     455       1
  442     641       1
  443     619       1
  444     489       1
  444     490       1
  444     606       1
  445     518       1
  448     455       1
  449     692       1
  450     512       1
  450     613       1
  451     628       1
  451     681       1
  453     454       1
  454     545       1
  454     584       1
  454     612       1
  454     651       1
  455     567       1
  456     487       1
  457     464       1
  458     557       1
  459     537       1
  459     584       1
  461     525       1
  462     521       1
  463     545       1
  463     668       1
  463     680       1
  471     551       1
  472     508       1
  472     574       1
  473     483       1
  473     595       1
  473     639       1
  474     651       1
  479     693       1
  481     561       1
  482     554       1
  484     583       1
  484     648       1
  485     522       1
  487     590       1
  487     596       1
  495     662       1
  497     679       1
  498     547       1
  498     647       1
  500     522       1
  501     572       1
  502     548       1
  503     698       1
  504     540       1
  507     575       1
  507     616       1
  507     679       1
  509     624       1
  511     525       1
  518     689       1
  520     675       1
  522     596       1
  522     620       1
  528     531       1
  531     627       1
  541     542       1
  542     588       1
  542     634       1
  545     683       1
  555     583       1
  555     671       1
  556     569       1
  561     617       1
  562     578       1
  565     612       1
  566     578       1
  568     596       1
  570     605       1
  573     611       1
  575     665       1
  581     616       1
  582     596       1
  587     658       1
  591     644       1
  593     639       1
  594     640       1
  596     604       1
  598     617       1
  598     661       1
  598     689       1
  600     610       1
  602     693       1
  606     678       1
  611     665       1
  621     696       1
  625     637       1
  627     700       1
  634     636       1
  634     668       1
  637     690       1
  641     673       1
  645     700       1
  648     673       1
  668     687       1
