  300     353
    1      44       1
    1     118       1
    1     222       1
    2     184       1
    3     220       1
    4     175       1
    4     217       1
    4     266       1
    5     118       1
    6     174       1
    7     102       1
    8      26       1
    8     263       1
    8     279       1
    8     280       1
    9     192       1
    9     228       1
   10     248       1
   10     288       1
   11      20       1
   11     202       1
   12     251       1
   12     285       1
   13      79       1
   14     255       1
   14     256       1
   15      26       1
   16      22       1
   16      99       1
   16     167       1
   16     207       1
   16     255       1
   17      33       1
   17      88       1
   17     109       1
   17     216       1
   17     255       1
   18      75       1
   18     109       1
   19      28       1
   19     126       1
   19     140       1
   19     276       1
   21     202       1
   23      71       1
   23     212       1
   23     275       1
   24     103       1
   25      51       1
   25     288       1
   26     102       1
   26     262       1
   26     276       1
   27     109       1
   28     296       1
   29     106       1
   30     208       1
   30     264       1
   31     230       1
   31     232       1
   32      54       1
   32     240       1
   32     264       1
   33     233       1
   34     178       1
   34     192       1
   35     126       1
   36     169       1
   36     230       1
   36     277       1
   37     236       1
   38     151       1
   38     152       1
   39     164       1
   40     165       1
   40     170       1
   40     245       1
   40     250       1
   41     149       1
   41     166       1
   41     176       1
   41     184       1
   41     189       1
   41     285       1
   42     164       1
   42     267       1
   42     273       1
   42     290       1
   42     293       1
   42     297       1
   43     260       1
   44      75       1
   44     162       1
   44     285       1
   45      79       1
   45     178       1
   45     300       1
   46      59       1
   46     174       1
   46     195       1
   47      63       1
   47      74       1
   47     150       1
   47     240       1
   48     118       1
   48     290       1
   49     155       1
   49     202       1
   50     116       1
   50     214       1
   51     266       1
   52      87       1
   52     164       1
   53      82       1
   53     144       1
   53     207       1
   54      74       1
   54     107       1
   54     148       1
   54     178       1
   54     232       1
   54     288       1
   55      65       1
   55     126       1
   55     134       1
   55     259       1
   56     239       1
   56     261       1
   57     114       1
   58     173       1
   58     284       1
   59     135       1
   59     152       1
   60      96       1
   60      97       1
   60     170       1
   60     268       1
   61     281       1
   61     289       1
   62      63       1
   62      67       1
   62     120       1
   62     168       1
   63     188       1
   63     244       1
   64      82       1
   66      91       1
   66     159       1
   67      81       1
   68     122       1
   68     162       1
   69     214       1
   69     251       1
   70     136       1
   71     118       1
   71     257       1
   71     282       1
   72     236       1
   73     147       1
   74      87       1
   74      89       1
   74     182       1
   74     248       1
   75      90       1
   75     113       1
   75     161       1
   75     187       1
   76     156       1
   76     181       1
   77     175       1
   77     206       1
   77     218       1
   78     285       1
   78     291       1
   79     141       1
   80     196       1
   80     295       1
   81     146       1
   82     175       1
   82     181       1
   82     289       1
   83     266       1
   84     278       1
   85     171       1
   85     246       1
   86      99       1
   86     145       1
   87     116       1
   87     119       1
   87     203       1
   87     247       1
   89     270       1
   90     159       1
   91     286       1
   92     116       1
   93     124       1
   94     260       1
   94     272       1
   94     293       1
   95     253       1
   95     292       1
   96     230       1
   96     236       1
   96     289       1
   98     194       1
   99     145       1
  100     159       1
  100     193       1
  101     178       1
  103     245       1
  104     234       1
  105     149       1
  106     157       1
  106     220       1
  106     267       1
  106     275       1
  106     289       1
  108     153       1
  108     156       1
  110     184       1
  111     175       1
  111     197       1
  112     120       1
  113     219       1
  113     224       1
  113     252       1
  114     117       1
  115     125       1
  115     148       1
  115     174       1
  115     269       1
  116     158       1
  116     268       1
  117     124       1
  117     137       1
  119     210       1
  119     290       1
  120     185       1
  121     170       1
  121     265       1
  122     278       1
  123     213       1
  123     231       1
  123     263       1
  125     147       1
  125     263       1
  126     297       1
  127     180       1
  127     197       1
  127     199       1
  128     241       1
  129     198       1
  129     272       1
  130     156       1
  130     278       1
  131     148       1
  131     201       1
  131     215       1
  132     209       1
  132     226       1
  132     252       1
  132     274       1
  133     265       1
  136     189       1
  136     246       1
  137     186       1
  137     240       1
  137     289       1
  138     149       1
  139     212       1
  140     143       1
  140     204       1
  142     235       1
  142     273       1
  142     292       1
  144     215       1
  146     238       1
  148     299       1
  149     163       1
  151     270       1
  154     260       1
  155     180       1
  160     199       1
  160     289       1
  161     174       1
  161     255       1
  164     242       1
  165     271       1
  166     179       1
  169     250       1
  170     229       1
  170     278       1
  172     174       1
  173     232       1
  175     253       1
  175     261       1
  175     297       1
  176     271       1
  177     226       1
  178     209       1
  178     234       1
  178     289       1
  183     188       1
  185     198       1
  187     248       1
  188     228       1
  190     267       1
  191     200       1
  191     230       1
  192     298       1
  194     195       1
  202     290       1
  203     286       1
  205     288       1
  208     231       1
  210     294       1
  211     244       1
  211     291       1
  211     292       1
  213     247       1
  213     260       1
  214     220       1
  218     276       1
  218     296       1
  221     246       1
  221     283       1
  222     251       1
  223     253       1
  224     286       1
  225     295       1
  226     237       1
  226     298       1
  227     243       1
  227     278       1
  230     249       1
  231     290       1
  233     298       1
  235     257       1
  237     273       1
  241     267       1
  241     292       1
  244     258       1
  246     267       1
  248     295       1
  254     255       1
  255     278       1
  255     297       1
  256     289       1
  263     287       1
  266     278       1
  273     280       1
  276     300       1
  284     292       1
