  200     244
    1      58       1
    1     151       1
    2      24       1
    2      90       1
    2      93       1
    2     119       1
    3     111       1
    3     169       1
    3     199       1
    4     171       1
    4     186       1
    5      32       1
    6      82       1
    6     145       1
    7      49       1
    7     152       1
    7     186       1
    8      23       1
    8      28       1
    8      50       1
    9     127       1
    9     191       1
   10     160       1
   11      41       1
   11      59       1
   11      62       1
   11     145       1
   12      47       1
   12      48       1
   12     168       1
   12     177       1
   13     161       1
   14      42       1
   15     100       1
   16      48       1
   16      64       1
   17      57       1
   17      84       1
   18      81       1
   18     180       1
   19      22       1
   20     110       1
   21      49       1
   21      67       1
   21      93       1
   21     102       1
   21     174       1
   22      60       1
   22     142       1
   22     170       1
   23      99       1
   24      26       1
   24     186       1
   25      31       1
   25     122       1
   26     155       1
   26     157       1
   26     162       1
   27     132       1
   27     198       1
   28      74       1
   29      41       1
   29      54       1
   29     112       1
   29     114       1
   29     133       1
   29     174       1
   30      78       1
   30     185       1
   31     144       1
   32      50       1
   33     108       1
   33     167       1
   33     190       1
   34     113       1
   34     199       1
   35     134       1
   35     191       1
   36     126       1
   37      73       1
   37     143       1
   37     174       1
   37     190       1
   38     115       1
   39     179       1
   40     143       1
   41     110       1
   42      60       1
   42      79       1
   43     124       1
   44      72       1
   44     131       1
   44     133       1
   44     180       1
   44     181       1
   45     127       1
   45     166       1
   45     168       1
   46      74       1
   47      77       1
   47     120       1
   48     182       1
   48     198       1
   49      51       1
   49      60       1
   49      68       1
   49      78       1
   49      86       1
   49      91       1
   49     140       1
   50      80       1
   50     112       1
   50     115       1
   50     160       1
   51     109       1
   51     118       1
   52      60       1
   52     134       1
   53      73       1
   53     175       1
   54     120       1
   54     150       1
   54     163       1
   55      86       1
   55     128       1
   56     197       1
   57      84       1
   57     180       1
   58      79       1
   59      80       1
   60      66       1
   60      92       1
   60     178       1
   61     198       1
   62     154       1
   63     114       1
   63     140       1
   64     190       1
   65     124       1
   66      88       1
   66     151       1
   66     165       1
   66     183       1
   66     199       1
   67      76       1
   68     123       1
   68     156       1
   69     187       1
   70      77       1
   70     175       1
   71     151       1
   72      81       1
   72     102       1
   72     157       1
   74      77       1
   74     165       1
   75     185       1
   77     150       1
   78      95       1
   79     198       1
   82     164       1
   82     181       1
   82     193       1
   82     196       1
   83      89       1
   83     147       1
   83     188       1
   85     119       1
   86     110       1
   86     141       1
   87      88       1
   87     175       1
   90     173       1
   91     187       1
   92      96       1
   92     124       1
   92     138       1
   94     103       1
   94     106       1
   94     193       1
   96     112       1
   96     182       1
   97     190       1
   98     171       1
  100     181       1
  101     173       1
  101     180       1
  102     126       1
  104     121       1
  104     148       1
  105     169       1
  107     139       1
  107     171       1
  108     167       1
  108     168       1
  108     192       1
  108     200       1
  109     116       1
  110     161       1
  110     175       1
  110     191       1
  112     152       1
  112     184       1
  113     179       1
  114     130       1
  114     188       1
  115     173       1
  116     167       1
  116     197       1
  117     152       1
  121     188       1
  122     131       1
  122     156       1
  123     136       1
  123     182       1
  125     153       1
  125     198       1
  129     179       1
  131     135       1
  131     149       1
  131     168       1
  133     179       1
  133     198       1
  136     142       1
  137     138       1
  138     146       1
  138     171       1
  144     154       1
  146     159       1
  147     189       1
  148     150       1
  148     191       1
  150     170       1
  151     160       1
  154     161       1
  156     158       1
  164     195       1
  166     198       1
  168     172       1
  173     176       1
  173     194       1
  182     185       1
  184     197       1
  185     198       1
