  500     568
    1     104       1
    2      18       1
    2      88       1
    2     158       1
    2     282       1
    3     208       1
    4      26       1
    5      15       1
    5     174       1
    5     338       1
    6     113       1
    6     296       1
    6     417       1
    6     472       1
    7     208       1
    7     419       1
    8     201       1
    8     383       1
    9      58       1
    9     159       1
    9     297       1
    9     306       1
   10     177       1
   10     284       1
   10     367       1
   10     413       1
   11      37       1
   11     456       1
   12     236       1
   12     361       1
   13      25       1
   13     268       1
   14      27       1
   14     446       1
   14     500       1
   16     112       1
   17     164       1
   17     440       1
   18     318       1
   18     470       1
   19     140       1
   19     362       1
   20      57       1
   20     177       1
   20     199       1
   21     187       1
   21     308       1
   21     336       1
   21     454       1
   22     232       1
   23     163       1
   23     193       1
   23     247       1
   23     411       1
   24     207       1
   24     369       1
   25      43       1
   26      52       1
   26     489       1
   27     173       1
   27     302       1
   28      60       1
   28     137       1
   28     460       1
   29     386       1
   30     361       1
   31     110       1
   32     319       1
   32     486       1
   33      61       1
   34     278       1
   34     490       1
   35     247       1
   35     365       1
   36      39       1
   37     358       1
   37     360       1
   38     110       1
   39     180       1
   39     470       1
   39     480       1
   40     236       1
   40     376       1
   41     141       1
   42     276       1
   42     301       1
   43     132       1
   43     162       1
   43     194       1
   43     203       1
   43     441       1
   44     228       1
   44     338       1
   45     225       1
   46      86       1
   47     118       1
   47     149       1
   47     250       1
   47     287       1
   47     333       1
   47     394       1
   48      75       1
   48      76       1
   48     100       1
   48     134       1
   48     138       1
   48     276       1
   49     353       1
   49     365       1
   50     487       1
   51     108       1
   52     247       1
   52     368       1
   52     407       1
   52     486       1
   53     356       1
   53     468       1
   54     260       1
   54     288       1
   55      85       1
   55     254       1
   56     142       1
   57     121       1
   57     140       1
   57     248       1
   57     350       1
   57     376       1
   57     378       1
   57     425       1
   57     491       1
   59      63       1
   60     307       1
   60     350       1
   61     127       1
   61     471       1
   62     336       1
   63      95       1
   63     111       1
   64     182       1
   64     232       1
   64     234       1
   64     463       1
   65     403       1
   65     500       1
   66     201       1
   67     460       1
   68     102       1
   68     252       1
   68     492       1
   69     250       1
   69     386       1
   70     308       1
   71      97       1
   71     441       1
   72     158       1
   73     118       1
   73     146       1
   73     243       1
   74     140       1
   74     295       1
   74     404       1
   74     418       1
   74     488       1
   75     102       1
   75     117       1
   75     224       1
   75     225       1
   75     259       1
   75     263       1
   76     238       1
   76     377       1
   77     347       1
   77     355       1
   77     424       1
   78     496       1
   79     363       1
   79     366       1
   80     178       1
   80     223       1
   80     418       1
   81     285       1
   81     292       1
   81     381       1
   82     146       1
   82     338       1
   83      89       1
   83     143       1
   83     242       1
   83     331       1
   83     365       1
   84     279       1
   84     483       1
   86     210       1
   86     393       1
   86     398       1
   87     206       1
   88     160       1
   88     338       1
   89     458       1
   90     156       1
   90     428       1
   91     196       1
   91     348       1
   92     103       1
   92     120       1
   92     254       1
   93     208       1
   94     378       1
   95     186       1
   96     139       1
   98     206       1
   98     222       1
   99     143       1
  101     349       1
  103     111       1
  103     308       1
  104     247       1
  105     175       1
  105     413       1
  106     319       1
  106     390       1
  107     218       1
  107     371       1
  108     150       1
  108     258       1
  108     276       1
  108     409       1
  108     431       1
  108     438       1
  109     201       1
  110     344       1
  111     125       1
  111     140       1
  112     216       1
  114     395       1
  114     427       1
  115     136       1
  116     254       1
  117     152       1
  117     254       1
  117     435       1
  118     399       1
  118     464       1
  119     353       1
  119     413       1
  122     169       1
  122     468       1
  123     273       1
  124     183       1
  126     170       1
  126     379       1
  127     185       1
  127     397       1
  128     455       1
  129     444       1
  130     322       1
  130     342       1
  130     384       1
  131     149       1
  131     164       1
  131     500       1
  132     190       1
  133     371       1
  133     437       1
  134     319       1
  135     160       1
  135     245       1
  136     311       1
  136     489       1
  137     335       1
  137     390       1
  138     191       1
  139     154       1
  139     259       1
  140     149       1
  140     240       1
  140     412       1
  140     444       1
  141     201       1
  142     145       1
  142     283       1
  142     371       1
  143     164       1
  144     422       1
  145     192       1
  145     196       1
  145     391       1
  146     291       1
  146     396       1
  147     411       1
  148     351       1
  149     227       1
  149     236       1
  149     261       1
  149     356       1
  149     369       1
  149     371       1
  149     494       1
  151     448       1
  153     195       1
  153     412       1
  153     445       1
  155     171       1
  155     181       1
  155     210       1
  155     351       1
  155     488       1
  157     387       1
  160     241       1
  160     298       1
  160     423       1
  161     386       1
  162     168       1
  162     359       1
  163     410       1
  163     465       1
  164     234       1
  164     322       1
  164     358       1
  164     439       1
  164     466       1
  165     231       1
  165     239       1
  165     304       1
  165     416       1
  165     483       1
  166     259       1
  167     295       1
  169     298       1
  170     467       1
  172     283       1
  172     339       1
  175     364       1
  176     399       1
  178     328       1
  178     412       1
  179     343       1
  180     264       1
  180     310       1
  183     207       1
  183     487       1
  184     320       1
  184     371       1
  184     405       1
  184     479       1
  185     237       1
  186     348       1
  187     287       1
  187     315       1
  188     257       1
  188     312       1
  189     392       1
  194     221       1
  194     296       1
  194     316       1
  194     338       1
  194     427       1
  194     438       1
  195     230       1
  195     498       1
  196     296       1
  196     490       1
  197     386       1
  197     454       1
  198     273       1
  198     354       1
  198     449       1
  199     257       1
  200     472       1
  201     226       1
  201     277       1
  201     379       1
  202     254       1
  202     349       1
  204     227       1
  204     357       1
  205     334       1
  205     382       1
  206     237       1
  206     416       1
  206     461       1
  207     235       1
  207     386       1
  208     358       1
  208     451       1
  208     462       1
  208     467       1
  209     390       1
  210     309       1
  210     341       1
  210     489       1
  211     301       1
  211     323       1
  211     369       1
  211     415       1
  212     216       1
  213     268       1
  214     269       1
  214     422       1
  215     461       1
  215     497       1
  215     498       1
  216     393       1
  217     350       1
  219     455       1
  220     296       1
  226     335       1
  226     429       1
  226     437       1
  226     458       1
  227     424       1
  229     384       1
  232     265       1
  233     308       1
  233     335       1
  234     298       1
  234     305       1
  234     314       1
  234     471       1
  236     317       1
  238     253       1
  242     486       1
  243     256       1
  244     353       1
  244     468       1
  245     407       1
  246     302       1
  246     371       1
  246     413       1
  246     433       1
  247     337       1
  248     300       1
  248     314       1
  249     296       1
  249     416       1
  250     325       1
  250     433       1
  251     366       1
  253     356       1
  254     371       1
  255     369       1
  255     494       1
  256     474       1
  257     371       1
  257     427       1
  257     436       1
  260     370       1
  262     334       1
  263     447       1
  264     434       1
  264     473       1
  266     338       1
  266     391       1
  267     345       1
  268     335       1
  270     416       1
  271     484       1
  272     468       1
  273     342       1
  273     358       1
  273     460       1
  274     347       1
  275     296       1
  275     375       1
  280     372       1
  280     385       1
  281     393       1
  282     374       1
  286     329       1
  286     430       1
  287     401       1
  287     448       1
  287     474       1
  288     477       1
  289     322       1
  290     396       1
  292     332       1
  292     444       1
  293     386       1
  294     445       1
  295     403       1
  296     364       1
  297     369       1
  297     379       1
  297     496       1
  299     421       1
  300     418       1
  302     469       1
  303     403       1
  305     352       1
  306     351       1
  307     308       1
  308     370       1
  309     369       1
  309     442       1
  313     431       1
  313     445       1
  317     481       1
  320     402       1
  321     435       1
  322     476       1
  324     422       1
  326     329       1
  327     479       1
  329     369       1
  329     384       1
  329     392       1
  330     349       1
  338     367       1
  338     468       1
  339     371       1
  340     435       1
  343     448       1
  344     351       1
  344     449       1
  345     415       1
  346     452       1
  346     454       1
  350     495       1
  352     457       1
  353     426       1
  354     373       1
  355     458       1
  356     454       1
  356     492       1
  364     497       1
  366     390       1
  366     438       1
  369     465       1
  370     382       1
  370     411       1
  370     493       1
  376     482       1
  377     398       1
  380     444       1
  382     408       1
  385     427       1
  387     480       1
  388     481       1
  389     401       1
  392     404       1
  392     485       1
  393     438       1
  393     489       1
  400     476       1
  404     414       1
  406     500       1
  409     420       1
  409     447       1
  415     450       1
  415     478       1
  416     427       1
  418     421       1
  418     484       1
  419     463       1
  422     486       1
  425     470       1
  427     458       1
  428     484       1
  430     464       1
  432     467       1
  443     488       1
  453     461       1
  455     464       1
  458     459       1
  459     499       1
  464     493       1
  470     475       1
