   50      73
    1      17       1
    1      27       1
    1      29       1
    1      38       1
    1      44       1
    2       5       1
    2      24       1
    2      28       1
    2      37       1
    2      39       1
    3      27       1
    3      50       1
    4      44       1
    5      13       1
    6      10       1
    7      27       1
    7      35       1
    7      37       1
    8       9       1
    8      14       1
    8      36       1
    9      32       1
   10      18       1
   10      30       1
   10      34       1
   10      46       1
   11      36       1
   12      33       1
   13      29       1
   14      44       1
   15      16       1
   15      17       1
   15      32       1
   15      33       1
   16      26       1
   16      35       1
   17      36       1
   17      42       1
   18      32       1
   19      27       1
   19      36       1
   19      39       1
   20      23       1
   20      25       1
   20      31       1
   21      47       1
   22      43       1
   22      47       1
   22      49       1
   22      50       1
   23      26       1
   23      32       1
   23      37       1
   23      43       1
   23      50       1
   26      45       1
   27      36       1
   29      37       1
   29      38       1
   29      42       1
   29      48       1
   32      37       1
   33      37       1
   33      44       1
   35      40       1
   35      49       1
   36      42       1
   37      45       1
   39      50       1
   41      50       1
   42      44       1
   43      48       1
   47      50       1
