  700     780
    1      20       1
    2     132       1
    2     340       1
    2     507       1
    3      60       1
    3     224       1
    4     219       1
    4     589       1
    5     404       1
    6      50       1
    6     289       1
    7      20       1
    7     483       1
    8     210       1
    8     570       1
    8     678       1
    9     632       1
    9     638       1
   10     302       1
   10     463       1
   11     430       1
   11     493       1
   11     609       1
   11     686       1
   12     312       1
   12     429       1
   12     457       1
   13     114       1
   14      54       1
   14      96       1
   14     423       1
   14     449       1
   14     529       1
   14     599       1
   15     674       1
   16     151       1
   16     314       1
   16     615       1
   16     697       1
   17     117       1
   18     495       1
   18     522       1
   18     603       1
   19      23       1
   19      94       1
   19     538       1
   21      34       1
   21     115       1
   21     350       1
   21     420       1
   21     645       1
   22      36       1
   22     271       1
   23      59       1
   23     694       1
   24     339       1
   25     214       1
   26     148       1
   26     273       1
   27     108       1
   27     314       1
   27     499       1
   27     580       1
   28     410       1
   29     164       1
   29     227       1
   29     331       1
   29     628       1
   30     674       1
   31      74       1
   32     695       1
   33     249       1
   33     383       1
   33     568       1
   33     574       1
   33     685       1
   35     339       1
   36     212       1
   36     614       1
   36     680       1
   37     135       1
   37     256       1
   37     308       1
   37     492       1
   38     684       1
   39     242       1
   39     252       1
   40     556       1
   41      82       1
   41     400       1
   41     573       1
   42     153       1
   43     281       1
   43     326       1
   43     417       1
   43     523       1
   44     101       1
   44     599       1
   45     573       1
   46     383       1
   46     415       1
   47     271       1
   47     398       1
   47     434       1
   48     512       1
   48     626       1
   49     241       1
   50     495       1
   51     583       1
   52     441       1
   52     508       1
   53     476       1
   53     587       1
   55      67       1
   56     505       1
   57     401       1
   57     498       1
   58     303       1
   58     457       1
   59     561       1
   60      74       1
   60     213       1
   60     229       1
   60     552       1
   61     301       1
   61     448       1
   62     666       1
   63     598       1
   63     642       1
   64     298       1
   64     496       1
   65     681       1
   66     309       1
   66     348       1
   66     448       1
   66     508       1
   67     245       1
   67     565       1
   68     319       1
   68     445       1
   68     654       1
   69     404       1
   70     561       1
   71     374       1
   71     535       1
   72     319       1
   73     348       1
   73     690       1
   74      78       1
   75      76       1
   75     570       1
   75     658       1
   76     112       1
   76     160       1
   76     287       1
   76     492       1
   76     550       1
   76     577       1
   76     615       1
   76     669       1
   77     139       1
   78     173       1
   79     121       1
   79     287       1
   80     432       1
   81     459       1
   81     475       1
   81     540       1
   81     615       1
   82     315       1
   83     337       1
   84     167       1
   85     597       1
   86     464       1
   87     524       1
   88     392       1
   88     590       1
   88     639       1
   89     454       1
   90     507       1
   91     259       1
   91     436       1
   92     399       1
   93     383       1
   93     665       1
   93     698       1
   94     221       1
   94     483       1
   95     402       1
   96     617       1
   96     618       1
   96     637       1
   97     342       1
   97     539       1
   97     699       1
   98     691       1
   99     164       1
   99     536       1
   99     562       1
   99     576       1
  100     370       1
  100     636       1
  100     660       1
  102     324       1
  103     203       1
  103     323       1
  104     282       1
  104     529       1
  105     445       1
  105     498       1
  106     258       1
  106     507       1
  107     265       1
  108     281       1
  108     567       1
  109     509       1
  109     536       1
  110     487       1
  111     304       1
  111     436       1
  111     491       1
  111     537       1
  112     520       1
  113     503       1
  113     553       1
  114     400       1
  114     425       1
  115     181       1
  115     344       1
  116     471       1
  117     187       1
  117     358       1
  117     391       1
  117     528       1
  118     220       1
  119     306       1
  120     302       1
  120     343       1
  120     616       1
  121     402       1
  121     456       1
  121     659       1
  122     222       1
  123     148       1
  124     247       1
  124     530       1
  125     255       1
  125     357       1
  125     430       1
  126     660       1
  127     180       1
  127     531       1
  127     561       1
  128     157       1
  128     276       1
  128     480       1
  129     206       1
  130     629       1
  131     253       1
  131     480       1
  133     471       1
  133     546       1
  133     639       1
  134     675       1
  136     413       1
  137     215       1
  137     367       1
  137     539       1
  138     556       1
  139     293       1
  140     521       1
  141     461       1
  142     276       1
  142     456       1
  143     630       1
  144     419       1
  145     353       1
  145     357       1
  146     295       1
  146     653       1
  147     409       1
  147     427       1
  147     489       1
  147     556       1
  148     172       1
  149     238       1
  149     344       1
  149     366       1
  149     367       1
  149     480       1
  149     534       1
  149     574       1
  149     653       1
  149     692       1
  150     208       1
  151     288       1
  151     305       1
  152     655       1
  153     166       1
  153     554       1
  154     418       1
  155     591       1
  156     390       1
  156     649       1
  157     279       1
  157     383       1
  158     345       1
  159     294       1
  161     205       1
  161     300       1
  161     527       1
  161     667       1
  162     173       1
  163     165       1
  163     409       1
  163     421       1
  164     370       1
  165     373       1
  167     409       1
  167     431       1
  168     329       1
  169     663       1
  170     479       1
  171     300       1
  171     485       1
  172     375       1
  172     578       1
  172     589       1
  172     671       1
  173     346       1
  173     615       1
  174     494       1
  174     671       1
  175     344       1
  175     349       1
  175     564       1
  176     403       1
  177     630       1
  178     227       1
  178     346       1
  178     409       1
  178     571       1
  178     675       1
  179     511       1
  179     651       1
  181     598       1
  182     650       1
  183     247       1
  184     685       1
  185     498       1
  186     289       1
  187     384       1
  188     288       1
  189     209       1
  189     311       1
  189     376       1
  189     582       1
  189     691       1
  190     303       1
  190     324       1
  191     396       1
  191     477       1
  192     206       1
  192     216       1
  192     391       1
  193     204       1
  194     290       1
  194     596       1
  195     376       1
  195     454       1
  195     676       1
  196     272       1
  196     353       1
  196     453       1
  196     477       1
  196     524       1
  196     615       1
  197     208       1
  197     623       1
  197     634       1
  198     256       1
  198     545       1
  199     514       1
  200     489       1
  201     496       1
  201     630       1
  202     503       1
  202     518       1
  203     213       1
  203     223       1
  204     268       1
  204     674       1
  206     426       1
  207     227       1
  208     509       1
  209     610       1
  210     384       1
  211     371       1
  213     429       1
  213     681       1
  213     687       1
  214     307       1
  214     498       1
  214     572       1
  216     455       1
  216     467       1
  216     615       1
  216     673       1
  217     324       1
  218     270       1
  220     332       1
  220     566       1
  221     645       1
  221     679       1
  222     294       1
  222     466       1
  222     551       1
  222     601       1
  224     590       1
  224     610       1
  225     308       1
  226     387       1
  226     643       1
  227     639       1
  228     353       1
  228     670       1
  230     251       1
  231     245       1
  232     376       1
  233     543       1
  234     324       1
  234     360       1
  235     506       1
  235     640       1
  236     418       1
  236     597       1
  237     249       1
  238     271       1
  238     371       1
  238     695       1
  239     388       1
  239     589       1
  239     666       1
  240     282       1
  240     314       1
  241     290       1
  242     399       1
  243     628       1
  244     433       1
  244     594       1
  244     693       1
  246     345       1
  247     366       1
  247     419       1
  247     688       1
  248     302       1
  248     497       1
  249     274       1
  249     322       1
  249     358       1
  250     320       1
  251     293       1
  251     449       1
  251     674       1
  252     524       1
  254     428       1
  254     539       1
  255     330       1
  255     377       1
  256     290       1
  256     457       1
  257     593       1
  257     670       1
  259     443       1
  260     402       1
  260     620       1
  261     368       1
  262     399       1
  263     449       1
  264     491       1
  265     363       1
  265     410       1
  265     502       1
  265     660       1
  265     682       1
  266     298       1
  266     386       1
  266     419       1
  267     543       1
  268     672       1
  269     409       1
  269     653       1
  270     435       1
  270     516       1
  271     410       1
  271     418       1
  271     485       1
  271     509       1
  271     515       1
  272     586       1
  273     573       1
  275     299       1
  275     521       1
  276     381       1
  277     379       1
  277     432       1
  278     372       1
  278     626       1
  278     655       1
  280     621       1
  280     668       1
  281     368       1
  281     424       1
  281     575       1
  281     629       1
  282     393       1
  283     340       1
  283     465       1
  284     556       1
  285     578       1
  286     399       1
  287     602       1
  287     607       1
  288     329       1
  288     513       1
  288     651       1
  289     478       1
  289     646       1
  289     648       1
  289     687       1
  291     399       1
  291     543       1
  292     362       1
  292     484       1
  293     500       1
  293     615       1
  294     597       1
  294     655       1
  296     538       1
  297     537       1
  299     568       1
  299     647       1
  301     528       1
  305     354       1
  305     463       1
  306     659       1
  309     595       1
  309     633       1
  310     404       1
  312     359       1
  313     582       1
  314     627       1
  316     317       1
  317     406       1
  317     488       1
  318     391       1
  320     512       1
  321     640       1
  322     621       1
  323     440       1
  324     559       1
  325     358       1
  327     449       1
  327     476       1
  328     348       1
  328     380       1
  329     504       1
  331     549       1
  332     490       1
  333     487       1
  333     655       1
  333     694       1
  334     405       1
  335     349       1
  335     449       1
  336     520       1
  337     575       1
  337     632       1
  337     681       1
  338     417       1
  339     552       1
  341     486       1
  343     615       1
  343     681       1
  343     696       1
  345     383       1
  346     416       1
  346     439       1
  346     547       1
  347     464       1
  347     568       1
  348     534       1
  348     642       1
  349     560       1
  350     643       1
  351     396       1
  352     467       1
  352     521       1
  352     539       1
  353     630       1
  355     688       1
  356     598       1
  356     682       1
  359     422       1
  359     514       1
  360     413       1
  361     452       1
  361     463       1
  361     533       1
  362     610       1
  362     617       1
  362     644       1
  363     578       1
  364     558       1
  364     566       1
  364     697       1
  365     674       1
  366     554       1
  366     648       1
  367     486       1
  369     473       1
  371     495       1
  372     469       1
  373     442       1
  374     629       1
  378     597       1
  379     403       1
  379     467       1
  379     491       1
  379     562       1
  380     468       1
  380     604       1
  381     476       1
  382     431       1
  382     668       1
  383     563       1
  385     578       1
  385     635       1
  389     474       1
  389     520       1
  391     525       1
  391     584       1
  394     503       1
  395     457       1
  396     450       1
  396     574       1
  396     589       1
  397     402       1
  397     526       1
  399     467       1
  402     585       1
  403     464       1
  404     425       1
  404     639       1
  405     452       1
  405     467       1
  405     525       1
  406     425       1
  406     466       1
  407     429       1
  408     461       1
  409     473       1
  410     444       1
  410     612       1
  410     655       1
  411     700       1
  412     665       1
  413     472       1
  413     480       1
  414     442       1
  414     624       1
  416     421       1
  418     454       1
  422     449       1
  422     594       1
  425     592       1
  427     449       1
  430     442       1
  431     453       1
  432     454       1
  434     462       1
  435     449       1
  435     461       1
  435     611       1
  437     501       1
  437     506       1
  438     529       1
  440     533       1
  446     595       1
  446     689       1
  447     529       1
  449     529       1
  449     591       1
  450     672       1
  451     635       1
  452     591       1
  453     564       1
  456     536       1
  458     648       1
  460     498       1
  460     608       1
  462     542       1
  462     588       1
  462     655       1
  468     551       1
  470     655       1
  471     557       1
  473     560       1
  475     546       1
  478     532       1
  479     537       1
  479     613       1
  481     576       1
  482     488       1
  482     579       1
  482     687       1
  483     486       1
  486     657       1
  489     503       1
  491     573       1
  492     583       1
  496     644       1
  498     583       1
  498     623       1
  500     631       1
  502     662       1
  505     548       1
  505     583       1
  505     665       1
  505     683       1
  507     535       1
  507     544       1
  507     574       1
  507     606       1
  510     671       1
  511     569       1
  511     674       1
  511     691       1
  517     699       1
  519     641       1
  519     649       1
  524     622       1
  526     613       1
  534     640       1
  538     606       1
  541     621       1
  542     650       1
  547     670       1
  548     605       1
  548     663       1
  551     647       1
  555     565       1
  561     615       1
  561     659       1
  565     645       1
  574     668       1
  576     619       1
  578     656       1
  581     649       1
  583     607       1
  589     677       1
  590     655       1
  592     630       1
  596     625       1
  597     661       1
  597     680       1
  600     635       1
  622     643       1
  629     652       1
  632     647       1
  639     645       1
  639     649       1
  639     653       1
  640     689       1
  653     681       1
  657     700       1
  663     684       1
  664     687       1
  667     698       1
  674     683       1
