  600     674
    1      98       1
    1     169       1
    1     279       1
    1     302       1
    1     319       1
    1     384       1
    1     417       1
    2      82       1
    2     101       1
    3     153       1
    3     428       1
    3     487       1
    3     543       1
    3     551       1
    4      26       1
    4      30       1
    4     168       1
    5     261       1
    5     366       1
    6     586       1
    7     507       1
    8     250       1
    8     320       1
    9      19       1
   10      59       1
   10     351       1
   10     369       1
   11      57       1
   11      78       1
   11     101       1
   11     266       1
   11     448       1
   11     548       1
   11     568       1
   12      32       1
   13     592       1
   14      96       1
   15     234       1
   16     136       1
   16     377       1
   16     442       1
   16     470       1
   17     462       1
   18     118       1
   19     131       1
   19     135       1
   19     219       1
   19     257       1
   19     294       1
   19     309       1
   19     508       1
   20      97       1
   20     180       1
   20     460       1
   21     264       1
   22     408       1
   22     428       1
   22     457       1
   22     538       1
   23     548       1
   24     265       1
   24     566       1
   25     403       1
   25     474       1
   25     507       1
   26      48       1
   26     243       1
   26     466       1
   26     565       1
   27     311       1
   28     385       1
   28     593       1
   29     450       1
   29     539       1
   31     572       1
   32     222       1
   32     595       1
   33      85       1
   33     275       1
   33     507       1
   33     539       1
   33     589       1
   34     146       1
   34     327       1
   34     571       1
   35     215       1
   35     274       1
   35     318       1
   35     331       1
   35     425       1
   35     429       1
   35     514       1
   35     599       1
   36     532       1
   36     544       1
   36     583       1
   37      91       1
   38     140       1
   38     156       1
   38     327       1
   39     241       1
   39     552       1
   40     122       1
   40     354       1
   40     534       1
   41      92       1
   42     151       1
   42     264       1
   43     285       1
   44     425       1
   44     465       1
   45     313       1
   46     312       1
   47     140       1
   47     368       1
   47     402       1
   48     344       1
   48     373       1
   49     102       1
   49     432       1
   49     561       1
   50     488       1
   50     580       1
   50     598       1
   50     599       1
   51     518       1
   52     117       1
   52     142       1
   52     193       1
   52     377       1
   53     324       1
   54      97       1
   54     242       1
   55      66       1
   55     238       1
   55     270       1
   56     266       1
   56     416       1
   56     454       1
   56     518       1
   57     128       1
   57     364       1
   58     225       1
   58     484       1
   60     178       1
   61     500       1
   62     203       1
   62     599       1
   63     319       1
   64     261       1
   65     394       1
   65     505       1
   65     586       1
   67      93       1
   68     284       1
   68     433       1
   68     522       1
   69     218       1
   70      78       1
   70     444       1
   71      73       1
   71     126       1
   71     128       1
   71     129       1
   71     212       1
   72     163       1
   72     220       1
   72     327       1
   72     420       1
   74     339       1
   74     495       1
   75     190       1
   75     299       1
   76     216       1
   76     477       1
   77     239       1
   77     373       1
   77     405       1
   78     576       1
   79     295       1
   79     404       1
   80     367       1
   80     430       1
   81     219       1
   81     465       1
   81     563       1
   82     165       1
   83     568       1
   84     232       1
   84     426       1
   84     475       1
   84     520       1
   86      90       1
   87     329       1
   87     526       1
   88     131       1
   88     266       1
   89     160       1
   90     461       1
   91     327       1
   92     121       1
   93     571       1
   94     230       1
   95     555       1
   96     104       1
   96     182       1
   96     203       1
   96     534       1
   97     365       1
   97     509       1
   99     396       1
  100     238       1
  100     271       1
  101     238       1
  101     469       1
  102     409       1
  103     108       1
  103     352       1
  104     511       1
  105     249       1
  105     254       1
  105     313       1
  106     108       1
  106     121       1
  106     314       1
  106     398       1
  106     593       1
  107     430       1
  108     219       1
  108     585       1
  109     507       1
  110     202       1
  110     385       1
  110     477       1
  111     382       1
  111     567       1
  112     217       1
  112     345       1
  112     441       1
  113     160       1
  113     238       1
  113     298       1
  113     316       1
  113     445       1
  114     203       1
  114     339       1
  115     571       1
  116     334       1
  118     183       1
  118     292       1
  119     200       1
  119     524       1
  120     549       1
  123     477       1
  124     148       1
  124     374       1
  124     419       1
  124     446       1
  125     220       1
  127     193       1
  127     390       1
  127     406       1
  127     508       1
  128     485       1
  128     561       1
  130     469       1
  132     273       1
  132     406       1
  133     446       1
  134     291       1
  134     493       1
  135     414       1
  135     489       1
  136     313       1
  136     379       1
  137     372       1
  137     566       1
  138     267       1
  138     351       1
  138     465       1
  138     553       1
  139     523       1
  140     335       1
  140     455       1
  141     266       1
  143     280       1
  144     208       1
  145     335       1
  146     336       1
  146     495       1
  147     492       1
  147     552       1
  147     559       1
  149     288       1
  150     569       1
  151     429       1
  151     435       1
  151     508       1
  152     159       1
  152     171       1
  153     521       1
  154     223       1
  154     406       1
  155     444       1
  156     569       1
  157     398       1
  157     498       1
  158     382       1
  159     355       1
  159     369       1
  160     163       1
  160     200       1
  160     378       1
  161     283       1
  161     455       1
  162     525       1
  164     233       1
  164     307       1
  164     472       1
  165     337       1
  166     327       1
  167     543       1
  168     449       1
  169     188       1
  169     462       1
  170     530       1
  170     560       1
  171     305       1
  172     521       1
  173     281       1
  174     542       1
  175     395       1
  176     244       1
  177     211       1
  177     340       1
  178     196       1
  178     211       1
  178     327       1
  178     550       1
  178     560       1
  179     216       1
  179     589       1
  181     447       1
  182     570       1
  183     431       1
  183     557       1
  183     587       1
  184     561       1
  185     338       1
  186     351       1
  187     293       1
  189     293       1
  189     508       1
  191     344       1
  192     525       1
  192     528       1
  194     235       1
  195     249       1
  195     444       1
  197     374       1
  197     453       1
  197     540       1
  198     239       1
  199     234       1
  200     206       1
  200     384       1
  200     508       1
  201     277       1
  201     433       1
  204     428       1
  205     508       1
  207     350       1
  208     318       1
  209     567       1
  210     425       1
  210     552       1
  211     228       1
  211     386       1
  211     574       1
  212     355       1
  213     246       1
  213     592       1
  214     425       1
  214     564       1
  215     250       1
  215     412       1
  215     443       1
  216     567       1
  217     427       1
  217     517       1
  217     561       1
  218     331       1
  219     430       1
  221     523       1
  221     591       1
  222     503       1
  222     534       1
  224     305       1
  225     478       1
  226     366       1
  227     463       1
  227     516       1
  228     338       1
  228     436       1
  229     546       1
  230     251       1
  230     319       1
  230     514       1
  231     410       1
  233     334       1
  233     422       1
  234     469       1
  235     278       1
  235     316       1
  236     507       1
  237     538       1
  238     301       1
  240     419       1
  244     348       1
  245     510       1
  246     299       1
  246     515       1
  246     557       1
  247     585       1
  248     406       1
  249     361       1
  249     479       1
  251     362       1
  252     377       1
  253     318       1
  254     562       1
  254     571       1
  255     337       1
  255     418       1
  255     525       1
  256     498       1
  258     472       1
  259     395       1
  259     593       1
  260     406       1
  260     452       1
  260     497       1
  261     284       1
  261     480       1
  262     479       1
  263     466       1
  263     514       1
  263     536       1
  266     352       1
  266     434       1
  268     273       1
  268     377       1
  269     345       1
  272     516       1
  275     285       1
  275     391       1
  276     387       1
  277     515       1
  279     481       1
  280     549       1
  281     496       1
  281     508       1
  282     547       1
  284     310       1
  284     546       1
  285     579       1
  286     467       1
  287     354       1
  288     319       1
  289     464       1
  290     586       1
  291     293       1
  293     550       1
  294     360       1
  295     304       1
  296     386       1
  297     375       1
  297     482       1
  297     537       1
  297     599       1
  298     451       1
  299     519       1
  300     416       1
  300     578       1
  301     403       1
  302     502       1
  303     318       1
  305     508       1
  306     375       1
  308     382       1
  308     559       1
  310     448       1
  311     319       1
  312     348       1
  313     393       1
  313     449       1
  314     527       1
  314     590       1
  315     521       1
  315     599       1
  316     531       1
  317     435       1
  319     524       1
  320     513       1
  321     483       1
  322     395       1
  323     440       1
  323     449       1
  324     358       1
  324     417       1
  324     441       1
  324     467       1
  324     596       1
  325     395       1
  326     382       1
  327     332       1
  327     588       1
  327     597       1
  328     426       1
  330     500       1
  330     542       1
  330     557       1
  333     473       1
  334     365       1
  334     452       1
  334     456       1
  335     468       1
  336     564       1
  337     350       1
  337     415       1
  337     459       1
  339     411       1
  339     577       1
  341     424       1
  341     447       1
  341     550       1
  341     573       1
  342     534       1
  343     529       1
  345     388       1
  346     435       1
  347     542       1
  348     428       1
  349     458       1
  349     489       1
  350     413       1
  351     367       1
  351     378       1
  351     402       1
  351     431       1
  353     356       1
  353     406       1
  356     382       1
  357     588       1
  359     366       1
  359     571       1
  360     438       1
  361     538       1
  362     580       1
  363     569       1
  364     371       1
  365     426       1
  365     484       1
  365     586       1
  366     389       1
  369     594       1
  370     391       1
  371     556       1
  372     435       1
  372     461       1
  373     457       1
  374     429       1
  376     587       1
  377     559       1
  377     600       1
  378     512       1
  380     475       1
  380     493       1
  381     452       1
  382     549       1
  383     547       1
  384     492       1
  386     554       1
  387     451       1
  387     581       1
  390     581       1
  392     504       1
  393     407       1
  396     411       1
  396     561       1
  397     529       1
  399     451       1
  399     498       1
  400     435       1
  400     511       1
  400     547       1
  401     444       1
  402     539       1
  404     425       1
  407     550       1
  410     589       1
  413     463       1
  414     535       1
  414     550       1
  416     428       1
  420     573       1
  420     587       1
  421     429       1
  421     445       1
  422     469       1
  423     520       1
  425     557       1
  427     483       1
  435     457       1
  437     538       1
  439     564       1
  441     469       1
  441     523       1
  445     491       1
  451     533       1
  452     472       1
  453     465       1
  455     469       1
  461     568       1
  464     542       1
  465     523       1
  469     508       1
  471     484       1
  473     496       1
  473     560       1
  474     504       1
  474     540       1
  476     484       1
  476     511       1
  482     526       1
  483     586       1
  484     560       1
  486     532       1
  489     584       1
  490     527       1
  493     510       1
  494     582       1
  499     523       1
  501     527       1
  502     509       1
  506     583       1
  508     531       1
  508     539       1
  508     555       1
  508     569       1
  509     516       1
  509     541       1
  509     595       1
  510     548       1
  512     569       1
  513     568       1
  514     528       1
  514     532       1
  521     575       1
  524     545       1
  527     539       1
  528     544       1
  529     572       1
  534     550       1
  534     591       1
  536     562       1
  539     560       1
  539     582       1
  551     564       1
  558     561       1
  559     560       1
  562     572       1
  566     579       1
  585     600       1
