  600     674
    1     108       1
    2      44       1
    3     285       1
    4     222       1
    4     367       1
    5     264       1
    6     347       1
    7     151       1
    7     236       1
    8      41       1
    9      58       1
    9     199       1
    9     423       1
    9     470       1
   10     223       1
   11     318       1
   11     372       1
   11     395       1
   12     200       1
   13     118       1
   13     171       1
   13     176       1
   13     254       1
   13     286       1
   13     331       1
   13     399       1
   13     586       1
   14     204       1
   14     279       1
   14     551       1
   15     457       1
   15     488       1
   16      68       1
   17     523       1
   18      76       1
   18     252       1
   18     394       1
   19     247       1
   20      59       1
   20     294       1
   20     337       1
   21      67       1
   21     282       1
   21     428       1
   21     587       1
   22      80       1
   22     102       1
   22     217       1
   22     272       1
   23     436       1
   23     577       1
   24     581       1
   25      26       1
   25     600       1
   27      80       1
   27     110       1
   27     131       1
   27     171       1
   27     254       1
   27     370       1
   27     392       1
   27     435       1
   27     510       1
   27     558       1
   28     198       1
   29      62       1
   29     107       1
   29     176       1
   29     255       1
   29     413       1
   30      43       1
   30     220       1
   31     558       1
   32     156       1
   32     390       1
   32     540       1
   33     303       1
   33     482       1
   33     546       1
   34     246       1
   34     280       1
   35     329       1
   36     331       1
   37     214       1
   38     502       1
   39     473       1
   40      41       1
   40     135       1
   40     197       1
   40     391       1
   40     435       1
   40     479       1
   41     101       1
   42     413       1
   42     571       1
   43      81       1
   43     171       1
   44     210       1
   44     211       1
   45     111       1
   45     514       1
   45     526       1
   46     235       1
   46     395       1
   46     425       1
   47     118       1
   48     310       1
   49     555       1
   50     106       1
   50     309       1
   50     443       1
   50     597       1
   51     161       1
   51     593       1
   52     231       1
   52     293       1
   52     472       1
   53     140       1
   53     224       1
   54     120       1
   55      61       1
   55     145       1
   55     291       1
   56     127       1
   56     373       1
   57     100       1
   57     158       1
   57     327       1
   57     566       1
   58     300       1
   58     333       1
   58     572       1
   59     143       1
   59     462       1
   59     515       1
   59     559       1
   60     192       1
   61     364       1
   63     177       1
   63     545       1
   64     196       1
   65     298       1
   65     311       1
   66     309       1
   66     342       1
   68      79       1
   68     419       1
   69     159       1
   70     131       1
   70     255       1
   71      82       1
   72      84       1
   72     234       1
   73     116       1
   73     121       1
   73     124       1
   73     199       1
   73     306       1
   73     343       1
   73     468       1
   73     576       1
   73     591       1
   74     201       1
   75     133       1
   75     154       1
   76     529       1
   77     212       1
   78     197       1
   79     359       1
   79     527       1
   80     239       1
   80     402       1
   80     511       1
   82     276       1
   82     462       1
   82     481       1
   83     131       1
   83     494       1
   84     162       1
   85      95       1
   86     446       1
   87     329       1
   88     152       1
   88     410       1
   89     180       1
   89     200       1
   89     336       1
   89     350       1
   89     380       1
   89     455       1
   90     516       1
   91     396       1
   92     412       1
   93     449       1
   93     598       1
   94     543       1
   94     548       1
   95     392       1
   95     566       1
   96     272       1
   97     223       1
   98     195       1
   99     289       1
   99     553       1
  100     568       1
  101     194       1
  103     294       1
  103     345       1
  103     474       1
  103     536       1
  104     213       1
  104     401       1
  105     132       1
  105     139       1
  106     191       1
  106     201       1
  106     329       1
  108     283       1
  108     600       1
  109     572       1
  110     177       1
  110     600       1
  112     247       1
  112     518       1
  113     349       1
  114     553       1
  115     318       1
  115     432       1
  116     526       1
  117     359       1
  119     186       1
  119     268       1
  120     164       1
  120     177       1
  120     575       1
  120     578       1
  122     397       1
  123     170       1
  123     172       1
  124     189       1
  124     206       1
  124     264       1
  125     579       1
  126     173       1
  126     526       1
  127     175       1
  127     330       1
  128     131       1
  128     245       1
  129     322       1
  129     399       1
  130     219       1
  131     159       1
  131     161       1
  131     324       1
  131     472       1
  131     502       1
  131     541       1
  132     145       1
  132     312       1
  132     361       1
  132     470       1
  132     543       1
  133     160       1
  133     202       1
  133     262       1
  133     339       1
  134     318       1
  134     586       1
  135     427       1
  136     196       1
  136     282       1
  137     362       1
  137     373       1
  138     580       1
  139     182       1
  141     299       1
  141     483       1
  142     323       1
  143     226       1
  143     229       1
  143     274       1
  143     356       1
  144     216       1
  146     439       1
  147     399       1
  148     597       1
  149     276       1
  150     161       1
  150     321       1
  151     161       1
  151     234       1
  152     188       1
  152     244       1
  153     427       1
  153     476       1
  154     311       1
  154     323       1
  155     353       1
  155     372       1
  157     275       1
  157     370       1
  160     454       1
  160     519       1
  161     268       1
  161     279       1
  161     311       1
  161     457       1
  161     503       1
  163     375       1
  165     426       1
  166     369       1
  167     207       1
  167     297       1
  168     526       1
  169     246       1
  170     202       1
  171     249       1
  171     495       1
  172     396       1
  172     537       1
  174     228       1
  175     382       1
  176     529       1
  178     468       1
  179     252       1
  181     472       1
  183     378       1
  184     317       1
  185     567       1
  187     250       1
  187     352       1
  187     390       1
  187     415       1
  187     462       1
  187     567       1
  188     311       1
  188     369       1
  188     563       1
  190     403       1
  190     422       1
  192     509       1
  192     523       1
  192     561       1
  193     376       1
  193     397       1
  193     477       1
  195     378       1
  198     470       1
  200     219       1
  200     390       1
  200     502       1
  201     257       1
  201     374       1
  203     599       1
  205     344       1
  206     252       1
  206     316       1
  207     375       1
  208     229       1
  208     238       1
  209     215       1
  210     477       1
  212     574       1
  213     431       1
  213     565       1
  214     226       1
  214     239       1
  215     362       1
  215     538       1
  216     220       1
  216     383       1
  216     491       1
  216     551       1
  217     247       1
  217     569       1
  218     246       1
  218     411       1
  221     258       1
  221     543       1
  222     409       1
  222     421       1
  222     431       1
  223     580       1
  224     502       1
  224     513       1
  224     554       1
  225     254       1
  225     281       1
  227     242       1
  227     321       1
  228     377       1
  229     445       1
  229     493       1
  229     504       1
  230     269       1
  230     460       1
  231     355       1
  232     291       1
  232     460       1
  233     306       1
  234     518       1
  235     364       1
  235     599       1
  236     493       1
  237     527       1
  240     312       1
  241     479       1
  243     394       1
  245     595       1
  246     370       1
  246     379       1
  246     450       1
  246     471       1
  246     522       1
  246     563       1
  247     260       1
  247     525       1
  247     586       1
  248     388       1
  249     296       1
  251     594       1
  253     394       1
  253     403       1
  254     360       1
  254     388       1
  256     559       1
  258     517       1
  259     395       1
  259     406       1
  261     281       1
  262     325       1
  262     482       1
  262     576       1
  263     457       1
  264     510       1
  265     321       1
  266     457       1
  267     392       1
  269     295       1
  270     471       1
  271     283       1
  273     405       1
  273     426       1
  273     502       1
  273     523       1
  276     329       1
  276     378       1
  276     417       1
  276     498       1
  276     563       1
  276     598       1
  277     547       1
  278     392       1
  279     582       1
  280     284       1
  281     406       1
  282     394       1
  285     330       1
  285     453       1
  285     532       1
  285     563       1
  287     588       1
  288     313       1
  288     374       1
  290     410       1
  292     377       1
  296     336       1
  297     384       1
  297     394       1
  299     322       1
  299     340       1
  299     509       1
  301     400       1
  302     542       1
  302     598       1
  303     346       1
  304     406       1
  305     389       1
  305     590       1
  306     347       1
  306     359       1
  306     439       1
  307     368       1
  308     310       1
  308     396       1
  308     404       1
  308     531       1
  308     532       1
  309     385       1
  312     490       1
  314     423       1
  314     499       1
  315     373       1
  316     514       1
  317     338       1
  317     478       1
  317     543       1
  319     580       1
  320     543       1
  322     544       1
  324     470       1
  324     486       1
  324     521       1
  326     555       1
  327     399       1
  328     560       1
  329     440       1
  331     354       1
  331     524       1
  331     578       1
  332     448       1
  332     457       1
  334     362       1
  335     465       1
  337     368       1
  339     398       1
  340     592       1
  341     387       1
  343     420       1
  343     529       1
  343     589       1
  344     581       1
  345     443       1
  345     581       1
  346     496       1
  348     364       1
  348     374       1
  349     438       1
  349     480       1
  349     567       1
  351     469       1
  352     375       1
  352     583       1
  354     372       1
  357     451       1
  358     370       1
  358     412       1
  358     424       1
  362     523       1
  362     547       1
  363     489       1
  364     526       1
  364     555       1
  364     576       1
  365     371       1
  366     487       1
  367     375       1
  368     431       1
  368     435       1
  368     497       1
  370     381       1
  370     576       1
  371     536       1
  372     509       1
  372     596       1
  373     528       1
  375     394       1
  376     552       1
  377     443       1
  378     422       1
  382     600       1
  383     458       1
  385     458       1
  385     490       1
  386     456       1
  387     473       1
  387     568       1
  390     393       1
  390     590       1
  392     397       1
  392     429       1
  392     465       1
  394     563       1
  395     542       1
  396     533       1
  399     572       1
  400     411       1
  402     565       1
  403     532       1
  407     540       1
  408     500       1
  409     410       1
  410     475       1
  410     580       1
  412     553       1
  412     586       1
  414     473       1
  416     512       1
  417     539       1
  418     435       1
  418     497       1
  419     588       1
  421     441       1
  421     600       1
  422     584       1
  424     507       1
  425     472       1
  426     444       1
  430     548       1
  432     477       1
  433     526       1
  434     549       1
  435     469       1
  435     487       1
  435     507       1
  437     473       1
  437     480       1
  438     450       1
  439     466       1
  442     488       1
  442     579       1
  443     532       1
  445     506       1
  446     521       1
  447     487       1
  451     563       1
  452     561       1
  456     590       1
  457     526       1
  457     583       1
  458     470       1
  459     556       1
  461     580       1
  462     577       1
  463     582       1
  464     562       1
  466     475       1
  467     540       1
  468     505       1
  468     550       1
  469     579       1
  470     492       1
  472     474       1
  476     543       1
  478     573       1
  482     549       1
  482     574       1
  482     598       1
  483     548       1
  484     572       1
  485     512       1
  487     551       1
  489     590       1
  493     600       1
  496     508       1
  496     569       1
  497     585       1
  500     597       1
  501     521       1
  503     570       1
  507     512       1
  507     580       1
  508     535       1
  510     591       1
  513     588       1
  516     581       1
  520     590       1
  521     560       1
  523     535       1
  523     568       1
  524     557       1
  530     551       1
  532     567       1
  534     589       1
  536     544       1
  536     562       1
  552     584       1
  554     594       1
  556     564       1
  557     561       1
  561     566       1
  561     571       1
  563     564       1
