  300     353
    1      16       1
    1     101       1
    2      52       1
    2      73       1
    2     121       1
    2     142       1
    2     183       1
    2     191       1
    2     271       1
    3      53       1
    4      19       1
    5     149       1
    6     111       1
    6     212       1
    6     215       1
    6     281       1
    7     289       1
    8     104       1
    8     218       1
    9      96       1
   10      17       1
   11      15       1
   11     129       1
   12      56       1
   12     100       1
   12     282       1
   13     243       1
   14     111       1
   16     214       1
   16     251       1
   17      26       1
   17     116       1
   17     131       1
   18     273       1
   19      27       1
   19     118       1
   19     242       1
   20     217       1
   20     244       1
   21      95       1
   21     177       1
   21     228       1
   22     117       1
   22     129       1
   22     202       1
   23     132       1
   24     153       1
   24     223       1
   25      41       1
   25     228       1
   26     190       1
   26     239       1
   27     153       1
   27     161       1
   27     168       1
   28      66       1
   28     161       1
   29      34       1
   29      57       1
   29     163       1
   30      84       1
   30     233       1
   31      46       1
   31     216       1
   31     262       1
   32     125       1
   32     271       1
   32     286       1
   33      51       1
   33     238       1
   33     248       1
   34     140       1
   35      62       1
   35     297       1
   36     254       1
   37     158       1
   38     248       1
   39      59       1
   39     133       1
   39     144       1
   39     287       1
   40     104       1
   40     116       1
   41      85       1
   41     151       1
   41     229       1
   42     116       1
   43     250       1
   44     235       1
   45     287       1
   46     127       1
   47     118       1
   47     122       1
   48     101       1
   48     188       1
   48     241       1
   49      50       1
   50     182       1
   51      62       1
   51     110       1
   51     203       1
   51     204       1
   51     219       1
   51     300       1
   52     109       1
   52     232       1
   52     261       1
   53     140       1
   53     154       1
   53     293       1
   54      58       1
   54      83       1
   54     112       1
   54     160       1
   55      77       1
   55     268       1
   56     182       1
   58      79       1
   58     102       1
   59     187       1
   59     230       1
   59     270       1
   60     116       1
   60     236       1
   60     257       1
   61     126       1
   62     116       1
   62     126       1
   62     148       1
   62     270       1
   62     288       1
   63      99       1
   63     170       1
   63     277       1
   64     210       1
   65     189       1
   65     298       1
   66     132       1
   66     186       1
   66     284       1
   67     163       1
   68     141       1
   68     238       1
   68     289       1
   69      74       1
   69     165       1
   70      84       1
   70     107       1
   70     146       1
   70     260       1
   71     154       1
   71     164       1
   71     200       1
   71     275       1
   72     231       1
   72     232       1
   73     121       1
   74     108       1
   75     178       1
   76     192       1
   77      89       1
   78     226       1
   78     244       1
   78     278       1
   79     149       1
   79     299       1
   80      89       1
   81     195       1
   82     232       1
   82     258       1
   82     283       1
   82     290       1
   84      98       1
   84     170       1
   84     182       1
   84     270       1
   84     271       1
   84     279       1
   85     105       1
   85     149       1
   85     173       1
   86     136       1
   86     247       1
   87     181       1
   87     189       1
   87     207       1
   88     187       1
   89     199       1
   89     270       1
   90     147       1
   91     222       1
   92     247       1
   92     267       1
   93     220       1
   94     244       1
   95     145       1
   95     196       1
   96     115       1
   96     137       1
   96     195       1
   96     206       1
   96     234       1
   97     235       1
   97     280       1
   98     105       1
   98     135       1
   98     152       1
   98     202       1
   98     238       1
   99     124       1
   99     198       1
   99     229       1
  100     106       1
  100     167       1
  100     182       1
  101     262       1
  101     271       1
  102     213       1
  103     254       1
  105     119       1
  105     278       1
  108     122       1
  110     249       1
  111     175       1
  111     243       1
  113     115       1
  114     148       1
  114     195       1
  116     160       1
  116     216       1
  116     243       1
  116     247       1
  117     152       1
  118     263       1
  119     262       1
  120     238       1
  122     143       1
  122     256       1
  123     241       1
  123     265       1
  125     148       1
  125     225       1
  125     282       1
  126     153       1
  126     197       1
  126     272       1
  126     273       1
  128     245       1
  129     239       1
  130     230       1
  132     194       1
  132     264       1
  132     270       1
  134     170       1
  136     150       1
  138     164       1
  139     230       1
  140     158       1
  140     267       1
  142     165       1
  146     253       1
  147     168       1
  147     169       1
  147     220       1
  148     194       1
  148     255       1
  149     154       1
  149     273       1
  150     290       1
  152     282       1
  153     218       1
  153     265       1
  154     189       1
  154     239       1
  154     240       1
  155     271       1
  156     165       1
  156     230       1
  156     285       1
  157     174       1
  157     247       1
  158     181       1
  158     258       1
  159     220       1
  160     206       1
  160     236       1
  162     247       1
  163     261       1
  164     208       1
  166     183       1
  166     229       1
  166     266       1
  166     274       1
  167     176       1
  171     174       1
  172     270       1
  176     289       1
  177     189       1
  178     251       1
  179     293       1
  180     236       1
  180     238       1
  181     299       1
  184     235       1
  185     292       1
  186     257       1
  190     211       1
  190     278       1
  192     216       1
  193     199       1
  196     295       1
  197     237       1
  199     205       1
  201     236       1
  203     222       1
  204     207       1
  205     275       1
  209     248       1
  210     215       1
  215     252       1
  215     273       1
  220     279       1
  221     289       1
  222     247       1
  222     276       1
  224     232       1
  225     247       1
  227     232       1
  234     271       1
  235     245       1
  235     254       1
  235     273       1
  235     287       1
  238     239       1
  238     250       1
  239     283       1
  239     284       1
  240     250       1
  241     288       1
  244     292       1
  245     259       1
  246     276       1
  247     256       1
  247     282       1
  247     289       1
  250     294       1
  252     269       1
  252     292       1
  262     268       1
  263     296       1
  271     299       1
  283     286       1
  283     291       1
