  100     129
    1      35       1
    1      41       1
    1      56       1
    1      98       1
    1     100       1
    2       7       1
    2      58       1
    2      77       1
    2      81       1
    3      35       1
    4      40       1
    5      33       1
    5      63       1
    6      19       1
    6      59       1
    6      80       1
    7      78       1
    8      14       1
    8      67       1
    9      87       1
   10      13       1
   10      21       1
   10      59       1
   10      66       1
   11     100       1
   12      20       1
   12      63       1
   13      14       1
   13      83       1
   14      84       1
   15      17       1
   15      21       1
   15      48       1
   16      33       1
   16      34       1
   17      35       1
   17      49       1
   17      89       1
   18      48       1
   18      49       1
   18      86       1
   19      23       1
   19      26       1
   19      42       1
   19      45       1
   19      51       1
   19      87       1
   20      39       1
   20      50       1
   20      55       1
   20      94       1
   20     100       1
   21      56       1
   21      91       1
   22      39       1
   22      40       1
   22      48       1
   22      56       1
   22      62       1
   22      72       1
   22      76       1
   22      80       1
   23      37       1
   24      62       1
   25      26       1
   25      31       1
   25      77       1
   25      84       1
   25      97       1
   25      99       1
   26      35       1
   26      37       1
   27      71       1
   27      74       1
   27      79       1
   28      39       1
   29      38       1
   29      97       1
   30      59       1
   32      36       1
   32      56       1
   33      77       1
   34      80       1
   35      60       1
   35      65       1
   36      46       1
   36      75       1
   36      83       1
   37      39       1
   37      47       1
   37      71       1
   37      74       1
   37      82       1
   37      93       1
   38      90       1
   39      54       1
   39      59       1
   40      51       1
   42      82       1
   43      48       1
   43      57       1
   44      61       1
   44      93       1
   46      51       1
   46      96       1
   47      99       1
   52      77       1
   53      77       1
   53      95       1
   54      69       1
   54      92       1
   56      63       1
   56      64       1
   56      97       1
   57      82       1
   57      90       1
   58      63       1
   58      93       1
   59      95       1
   60      73       1
   61      76       1
   63      64       1
   68      73       1
   70      85       1
   81      93       1
   82      85       1
   85      93       1
   88      92       1
   90      93       1
