  700     780
    1      30       1
    2     365       1
    2     424       1
    3      50       1
    3      51       1
    3     131       1
    4     177       1
    4     502       1
    4     645       1
    4     682       1
    5     575       1
    6     308       1
    6     607       1
    7     159       1
    7     304       1
    7     441       1
    8     669       1
    9      67       1
    9     190       1
    9     222       1
    9     416       1
    9     575       1
    9     646       1
   10      56       1
   11     646       1
   12     307       1
   13     346       1
   14     158       1
   14     372       1
   15     378       1
   15     454       1
   15     684       1
   16      56       1
   16      98       1
   16     133       1
   17      72       1
   17     411       1
   18      77       1
   18     629       1
   19     229       1
   20      73       1
   20     528       1
   21     564       1
   21     700       1
   22     172       1
   23     477       1
   24     163       1
   24     460       1
   24     590       1
   25      26       1
   25     238       1
   26      38       1
   26     147       1
   26     311       1
   26     358       1
   26     401       1
   26     685       1
   27     372       1
   27     415       1
   28      33       1
   28      95       1
   28     172       1
   29     304       1
   29     478       1
   30     100       1
   30     263       1
   30     667       1
   31      90       1
   31     105       1
   32     166       1
   32     468       1
   33     375       1
   34     113       1
   35     588       1
   36      95       1
   36     130       1
   36     305       1
   36     565       1
   37      47       1
   37     456       1
   38     179       1
   38     210       1
   38     372       1
   38     472       1
   39     647       1
   40     149       1
   41      56       1
   41     101       1
   42     530       1
   42     678       1
   42     685       1
   43     265       1
   44      71       1
   44      90       1
   45     146       1
   45     337       1
   45     525       1
   46     196       1
   46     262       1
   46     596       1
   46     684       1
   48     146       1
   49     212       1
   49     533       1
   50     650       1
   51      92       1
   51     407       1
   52     310       1
   53     248       1
   54     209       1
   54     387       1
   55     663       1
   56      84       1
   56     442       1
   57     147       1
   58      92       1
   58     295       1
   58     465       1
   59      64       1
   60     410       1
   61     367       1
   62     358       1
   63     287       1
   63     612       1
   64     140       1
   64     173       1
   65     392       1
   66     345       1
   67     161       1
   67     236       1
   67     614       1
   68     174       1
   68     316       1
   68     417       1
   68     547       1
   68     569       1
   69      77       1
   69     286       1
   69     301       1
   69     388       1
   69     410       1
   69     442       1
   70     548       1
   71     358       1
   71     364       1
   72     341       1
   73     652       1
   74     696       1
   75     156       1
   76     114       1
   76     550       1
   76     606       1
   77     386       1
   77     558       1
   77     607       1
   77     641       1
   78     656       1
   79     233       1
   79     697       1
   80     201       1
   80     212       1
   80     377       1
   80     675       1
   81     117       1
   82     555       1
   82     605       1
   82     608       1
   82     690       1
   83     500       1
   84     483       1
   84     699       1
   85     549       1
   85     609       1
   85     692       1
   86      88       1
   86     262       1
   86     509       1
   86     672       1
   87     367       1
   87     659       1
   89     458       1
   90     480       1
   91     113       1
   91     681       1
   92     551       1
   92     567       1
   93     308       1
   94     562       1
   95      99       1
   95     119       1
   95     302       1
   96     632       1
   97     188       1
   98     185       1
   99     178       1
   99     454       1
   99     582       1
   99     691       1
  100     448       1
  100     660       1
  102     380       1
  103     233       1
  103     394       1
  104     341       1
  105     115       1
  105     177       1
  105     479       1
  105     508       1
  106     205       1
  107     602       1
  108     269       1
  108     443       1
  109     207       1
  109     250       1
  109     307       1
  109     342       1
  109     558       1
  110     543       1
  111     238       1
  111     506       1
  111     656       1
  112     381       1
  112     645       1
  112     687       1
  114     233       1
  114     248       1
  114     289       1
  114     338       1
  114     556       1
  115     545       1
  116     325       1
  117     285       1
  117     494       1
  118     176       1
  120     387       1
  121     186       1
  122     368       1
  122     451       1
  122     602       1
  123     208       1
  124     631       1
  124     666       1
  125     237       1
  126     197       1
  127     229       1
  128     345       1
  128     619       1
  129     194       1
  129     313       1
  129     636       1
  129     681       1
  130     593       1
  130     597       1
  132     405       1
  132     578       1
  133     160       1
  133     164       1
  133     592       1
  134     636       1
  135     658       1
  135     666       1
  136     157       1
  136     689       1
  137     281       1
  137     577       1
  137     670       1
  138     248       1
  138     271       1
  138     353       1
  138     642       1
  139     457       1
  140     430       1
  141     163       1
  141     439       1
  141     679       1
  141     695       1
  142     184       1
  143     270       1
  144     210       1
  144     530       1
  145     185       1
  145     352       1
  145     542       1
  145     623       1
  146     600       1
  148     325       1
  149     163       1
  150     506       1
  151     627       1
  152     693       1
  153     184       1
  153     682       1
  154     186       1
  154     340       1
  154     524       1
  155     419       1
  156     198       1
  157     649       1
  158     194       1
  158     606       1
  160     230       1
  160     510       1
  162     690       1
  163     248       1
  163     299       1
  163     303       1
  163     328       1
  163     330       1
  165     651       1
  165     665       1
  166     237       1
  166     499       1
  167     448       1
  168     243       1
  168     544       1
  168     556       1
  169     691       1
  170     257       1
  170     527       1
  170     544       1
  171     381       1
  171     649       1
  172     177       1
  172     640       1
  173     310       1
  173     555       1
  175     255       1
  175     311       1
  175     524       1
  176     192       1
  176     266       1
  176     344       1
  176     634       1
  177     216       1
  177     218       1
  177     304       1
  177     567       1
  177     646       1
  179     359       1
  179     442       1
  180     347       1
  181     322       1
  181     589       1
  182     367       1
  182     581       1
  183     499       1
  183     626       1
  185     691       1
  186     294       1
  186     304       1
  186     504       1
  186     521       1
  187     545       1
  188     332       1
  189     346       1
  191     273       1
  191     333       1
  192     214       1
  192     239       1
  192     320       1
  192     324       1
  192     366       1
  192     604       1
  192     626       1
  193     290       1
  193     475       1
  193     509       1
  193     675       1
  194     412       1
  194     619       1
  195     251       1
  195     335       1
  195     346       1
  195     686       1
  196     530       1
  197     301       1
  197     617       1
  198     460       1
  198     689       1
  199     675       1
  200     442       1
  201     657       1
  202     304       1
  202     315       1
  202     649       1
  203     523       1
  204     277       1
  204     515       1
  205     269       1
  205     318       1
  206     256       1
  206     467       1
  208     281       1
  208     592       1
  208     648       1
  208     661       1
  209     225       1
  209     338       1
  209     422       1
  209     596       1
  211     405       1
  213     324       1
  213     576       1
  213     667       1
  214     352       1
  215     558       1
  216     660       1
  217     348       1
  217     543       1
  219     529       1
  220     314       1
  221     276       1
  223     279       1
  223     487       1
  224     326       1
  224     358       1
  226     284       1
  226     396       1
  227     322       1
  227     558       1
  228     371       1
  228     490       1
  229     265       1
  229     383       1
  229     494       1
  229     666       1
  231     296       1
  231     522       1
  231     694       1
  232     488       1
  233     308       1
  233     325       1
  233     418       1
  233     615       1
  234     254       1
  234     316       1
  234     329       1
  234     370       1
  234     665       1
  234     680       1
  235     366       1
  236     647       1
  238     439       1
  239     474       1
  240     465       1
  240     505       1
  241     569       1
  242     436       1
  243     505       1
  244     350       1
  244     679       1
  245     622       1
  246     352       1
  247     461       1
  248     304       1
  248     662       1
  249     308       1
  249     501       1
  250     481       1
  251     502       1
  252     658       1
  253     433       1
  255     438       1
  255     555       1
  255     580       1
  256     347       1
  256     480       1
  257     457       1
  257     488       1
  258     311       1
  258     378       1
  259     528       1
  260     551       1
  261     521       1
  262     332       1
  262     501       1
  264     460       1
  264     477       1
  265     464       1
  265     491       1
  265     532       1
  266     466       1
  266     521       1
  267     370       1
  268     447       1
  268     456       1
  268     642       1
  268     691       1
  269     470       1
  269     619       1
  270     304       1
  270     450       1
  270     540       1
  270     546       1
  270     548       1
  270     664       1
  270     685       1
  271     456       1
  272     505       1
  272     594       1
  273     396       1
  273     470       1
  274     299       1
  274     635       1
  275     588       1
  276     319       1
  278     298       1
  278     374       1
  278     636       1
  279     638       1
  279     688       1
  280     607       1
  282     315       1
  282     376       1
  282     457       1
  282     650       1
  282     653       1
  283     448       1
  287     607       1
  288     659       1
  289     552       1
  291     547       1
  292     515       1
  292     664       1
  293     607       1
  294     462       1
  296     380       1
  296     625       1
  297     664       1
  300     408       1
  300     560       1
  300     676       1
  301     572       1
  301     669       1
  303     568       1
  303     652       1
  304     451       1
  304     470       1
  304     636       1
  306     365       1
  308     520       1
  309     324       1
  310     696       1
  311     360       1
  311     384       1
  312     650       1
  312     698       1
  314     499       1
  314     600       1
  315     397       1
  316     509       1
  316     636       1
  317     328       1
  318     619       1
  319     639       1
  319     659       1
  321     480       1
  322     324       1
  323     538       1
  323     600       1
  323     618       1
  324     610       1
  325     663       1
  326     441       1
  326     517       1
  326     568       1
  327     598       1
  331     461       1
  332     437       1
  333     476       1
  333     627       1
  333     670       1
  334     385       1
  335     345       1
  335     607       1
  335     621       1
  336     472       1
  339     558       1
  341     461       1
  341     586       1
  341     651       1
  343     659       1
  345     484       1
  345     503       1
  346     442       1
  349     588       1
  349     682       1
  351     611       1
  351     666       1
  354     536       1
  355     673       1
  356     439       1
  357     527       1
  358     631       1
  361     419       1
  361     685       1
  361     688       1
  362     467       1
  363     502       1
  364     414       1
  365     367       1
  367     628       1
  369     538       1
  370     430       1
  370     490       1
  371     467       1
  371     601       1
  373     406       1
  373     659       1
  374     455       1
  374     587       1
  375     463       1
  379     511       1
  379     522       1
  379     559       1
  379     570       1
  382     579       1
  385     403       1
  385     465       1
  385     495       1
  385     607       1
  386     661       1
  389     400       1
  389     540       1
  390     528       1
  391     620       1
  392     525       1
  393     486       1
  395     619       1
  395     627       1
  398     495       1
  399     630       1
  400     495       1
  402     469       1
  402     676       1
  404     662       1
  405     432       1
  409     685       1
  411     566       1
  413     665       1
  413     673       1
  414     509       1
  417     674       1
  418     449       1
  420     648       1
  421     570       1
  423     623       1
  425     445       1
  426     682       1
  427     566       1
  428     540       1
  429     479       1
  429     539       1
  431     485       1
  431     588       1
  431     637       1
  432     516       1
  433     600       1
  434     513       1
  434     687       1
  435     614       1
  436     479       1
  437     486       1
  439     518       1
  440     516       1
  442     460       1
  442     533       1
  442     677       1
  444     479       1
  445     558       1
  446     593       1
  448     630       1
  449     595       1
  450     545       1
  451     654       1
  452     686       1
  453     691       1
  455     530       1
  456     566       1
  458     498       1
  458     600       1
  458     625       1
  458     683       1
  459     596       1
  461     635       1
  462     498       1
  467     687       1
  468     591       1
  470     667       1
  470     694       1
  471     635       1
  472     570       1
  473     654       1
  474     661       1
  477     685       1
  480     651       1
  481     523       1
  482     500       1
  483     539       1
  483     680       1
  484     553       1
  489     632       1
  492     570       1
  493     616       1
  495     510       1
  495     657       1
  496     504       1
  497     536       1
  499     636       1
  500     605       1
  500     688       1
  504     516       1
  506     570       1
  506     599       1
  507     533       1
  509     613       1
  511     686       1
  512     583       1
  513     693       1
  514     658       1
  514     674       1
  515     545       1
  516     537       1
  519     599       1
  523     663       1
  526     676       1
  528     534       1
  529     690       1
  530     541       1
  531     668       1
  532     678       1
  535     693       1
  536     624       1
  536     646       1
  540     692       1
  542     612       1
  543     603       1
  543     670       1
  544     583       1
  547     598       1
  551     651       1
  553     624       1
  554     685       1
  556     691       1
  557     623       1
  561     606       1
  562     582       1
  563     653       1
  565     633       1
  571     582       1
  573     657       1
  574     583       1
  578     639       1
  579     650       1
  582     584       1
  585     651       1
  586     622       1
  586     696       1
  587     639       1
  588     659       1
  599     684       1
  600     607       1
  600     666       1
  600     692       1
  601     651       1
  606     645       1
  607     650       1
  616     619       1
  620     666       1
  632     700       1
  643     646       1
  644     669       1
  646     692       1
  647     671       1
  655     686       1
  659     694       1
  668     685       1
  668     693       1
  672     700       1
  676     691       1
