  300     353
    1     196       1
    1     253       1
    2     173       1
    2     196       1
    2     227       1
    2     240       1
    2     300       1
    3     218       1
    3     226       1
    4      19       1
    4      74       1
    4     264       1
    5     238       1
    6      17       1
    6      27       1
    6     127       1
    7     158       1
    8      14       1
    8     248       1
    8     262       1
    9     233       1
   10      29       1
   10      45       1
   10      85       1
   10     171       1
   10     214       1
   10     257       1
   11     272       1
   12     118       1
   12     186       1
   12     205       1
   12     281       1
   13     279       1
   14     224       1
   14     229       1
   15     221       1
   15     223       1
   15     243       1
   16      91       1
   16     215       1
   16     293       1
   17     152       1
   18     267       1
   19     289       1
   20      30       1
   20     111       1
   20     265       1
   21     251       1
   22     200       1
   23      98       1
   23     142       1
   24      68       1
   24      83       1
   24     231       1
   25      41       1
   25     130       1
   26      55       1
   27      68       1
   27     134       1
   28     111       1
   28     117       1
   29     110       1
   29     157       1
   31     108       1
   31     153       1
   31     158       1
   32     173       1
   33     254       1
   34      47       1
   34      61       1
   35      68       1
   35     225       1
   36      58       1
   37      62       1
   37      72       1
   37      87       1
   38     127       1
   38     266       1
   39      59       1
   39      82       1
   39     162       1
   39     186       1
   40      45       1
   42      43       1
   42     265       1
   43     167       1
   43     231       1
   43     256       1
   43     261       1
   44      59       1
   44     261       1
   45     118       1
   45     269       1
   46     135       1
   47     178       1
   47     255       1
   48     110       1
   48     300       1
   49      89       1
   49      90       1
   49     178       1
   50      93       1
   50     154       1
   50     167       1
   50     223       1
   51     157       1
   52      65       1
   52     236       1
   52     263       1
   52     287       1
   53     129       1
   54     297       1
   55      58       1
   56     101       1
   56     240       1
   56     268       1
   57      79       1
   57     250       1
   58     165       1
   58     186       1
   58     292       1
   60     256       1
   61     199       1
   62     250       1
   63     231       1
   63     284       1
   64      84       1
   66     136       1
   66     299       1
   67     130       1
   67     135       1
   67     144       1
   67     148       1
   67     180       1
   67     232       1
   68      89       1
   69      77       1
   70     203       1
   70     211       1
   70     220       1
   71     111       1
   71     141       1
   72     232       1
   72     245       1
   72     295       1
   73     160       1
   75     117       1
   75     119       1
   75     161       1
   75     252       1
   76     188       1
   76     220       1
   77      85       1
   78      97       1
   78     180       1
   78     185       1
   78     232       1
   78     247       1
   79     123       1
   79     179       1
   80     143       1
   80     219       1
   81     181       1
   81     253       1
   81     274       1
   82     219       1
   82     293       1
   84     257       1
   84     278       1
   86      88       1
   86     163       1
   89     159       1
   89     278       1
   90     168       1
   90     175       1
   92     180       1
   93     184       1
   93     193       1
   93     205       1
   93     277       1
   94     216       1
   94     296       1
   95     113       1
   95     194       1
   95     240       1
   96     121       1
   96     211       1
   96     216       1
   98     109       1
   98     135       1
   98     155       1
   98     255       1
   98     266       1
   98     270       1
   98     288       1
   99     292       1
  100     155       1
  100     191       1
  102     202       1
  102     260       1
  103     255       1
  104     164       1
  104     213       1
  105     157       1
  105     206       1
  105     249       1
  105     262       1
  105     265       1
  106     285       1
  107     147       1
  111     189       1
  111     235       1
  111     260       1
  112     126       1
  112     238       1
  112     245       1
  112     285       1
  113     196       1
  113     298       1
  114     187       1
  115     131       1
  115     192       1
  115     211       1
  116     285       1
  117     146       1
  117     164       1
  117     285       1
  118     134       1
  118     183       1
  118     209       1
  120     267       1
  122     242       1
  122     292       1
  124     278       1
  125     293       1
  126     283       1
  127     195       1
  128     270       1
  129     131       1
  130     170       1
  131     214       1
  132     259       1
  132     294       1
  133     236       1
  133     278       1
  134     241       1
  135     140       1
  136     184       1
  136     269       1
  137     170       1
  137     251       1
  138     262       1
  139     155       1
  140     254       1
  141     267       1
  143     176       1
  145     300       1
  146     250       1
  146     292       1
  147     172       1
  147     196       1
  148     154       1
  148     217       1
  149     157       1
  150     220       1
  151     232       1
  153     206       1
  153     285       1
  154     200       1
  155     163       1
  156     157       1
  156     176       1
  158     236       1
  158     292       1
  159     267       1
  159     286       1
  160     220       1
  160     284       1
  161     222       1
  163     220       1
  164     230       1
  165     234       1
  166     202       1
  169     196       1
  173     177       1
  174     226       1
  174     245       1
  175     227       1
  175     271       1
  175     273       1
  175     276       1
  176     211       1
  182     194       1
  182     249       1
  184     205       1
  184     262       1
  185     233       1
  186     202       1
  187     255       1
  188     201       1
  188     237       1
  190     260       1
  192     195       1
  194     262       1
  194     278       1
  196     198       1
  197     235       1
  197     258       1
  199     200       1
  204     223       1
  207     270       1
  208     247       1
  209     259       1
  209     277       1
  209     278       1
  210     299       1
  211     232       1
  212     228       1
  212     247       1
  212     257       1
  213     245       1
  213     287       1
  216     282       1
  218     262       1
  220     233       1
  220     289       1
  222     239       1
  223     291       1
  227     232       1
  227     256       1
  227     278       1
  227     282       1
  227     293       1
  228     256       1
  234     240       1
  237     272       1
  237     275       1
  239     246       1
  244     282       1
  245     291       1
  246     288       1
  256     279       1
  256     285       1
  258     291       1
  266     284       1
  267     290       1
  272     284       1
  274     297       1
  278     294       1
  280     295       1
  284     285       1
  291     293       1
  296     297       1
