  300     353
    1     109       1
    1     199       1
    2      52       1
    3      44       1
    3     191       1
    3     216       1
    4     101       1
    5      97       1
    5     192       1
    6      65       1
    6     145       1
    6     149       1
    6     220       1
    7     111       1
    7     222       1
    7     235       1
    7     251       1
    7     265       1
    8     152       1
    9      79       1
    9      83       1
    9      97       1
    9     289       1
   10      39       1
   10      46       1
   10     237       1
   11     198       1
   11     253       1
   12      33       1
   12     130       1
   13     230       1
   14     166       1
   15      57       1
   15     243       1
   16      77       1
   16     195       1
   17      44       1
   18      47       1
   19      75       1
   19     152       1
   19     242       1
   19     266       1
   20      54       1
   21      52       1
   21      81       1
   21     261       1
   22      42       1
   22      59       1
   22      76       1
   22      80       1
   22      82       1
   23     119       1
   23     123       1
   23     164       1
   23     245       1
   24     144       1
   24     166       1
   25      41       1
   26     100       1
   26     152       1
   27      76       1
   28     102       1
   28     114       1
   29      31       1
   29     115       1
   30     168       1
   30     256       1
   30     294       1
   31     150       1
   32     216       1
   32     248       1
   32     277       1
   32     297       1
   33     264       1
   33     281       1
   33     285       1
   34     142       1
   35     119       1
   35     295       1
   36      37       1
   36      58       1
   36     238       1
   37     294       1
   38     174       1
   38     202       1
   39     162       1
   40      67       1
   40     148       1
   40     254       1
   41     121       1
   41     200       1
   43     109       1
   43     287       1
   43     300       1
   44     118       1
   44     252       1
   44     262       1
   45      56       1
   45     217       1
   46      87       1
   46     115       1
   46     128       1
   46     211       1
   47      61       1
   47      65       1
   47     142       1
   48     170       1
   48     193       1
   48     197       1
   49      78       1
   49     106       1
   49     159       1
   49     185       1
   50      80       1
   50     231       1
   51     123       1
   51     295       1
   53      80       1
   53     137       1
   54     214       1
   54     230       1
   54     243       1
   54     247       1
   55      90       1
   56     225       1
   57      66       1
   57      71       1
   57     109       1
   57     111       1
   57     177       1
   58     151       1
   58     179       1
   59     140       1
   60     207       1
   62     111       1
   62     129       1
   62     247       1
   63     189       1
   63     216       1
   63     239       1
   64     177       1
   65      78       1
   65     111       1
   65     225       1
   65     252       1
   65     297       1
   67     129       1
   67     287       1
   67     288       1
   68     202       1
   69     110       1
   70     109       1
   70     229       1
   70     250       1
   70     293       1
   71     103       1
   72     130       1
   72     211       1
   72     246       1
   73     214       1
   73     293       1
   74     140       1
   74     160       1
   76      85       1
   76     273       1
   76     286       1
   80      81       1
   80      99       1
   80     102       1
   80     174       1
   80     200       1
   80     252       1
   80     290       1
   81     183       1
   81     187       1
   81     298       1
   82     282       1
   84     193       1
   85     179       1
   85     183       1
   85     263       1
   86     196       1
   87     260       1
   88     162       1
   88     198       1
   88     243       1
   88     268       1
   89     160       1
   89     243       1
   90     200       1
   91     282       1
   91     287       1
   91     293       1
   92     228       1
   92     230       1
   93     101       1
   93     121       1
   94     155       1
   94     284       1
   95     200       1
   96     211       1
   97     224       1
   97     225       1
   97     259       1
   98     252       1
   99     207       1
   99     274       1
   99     289       1
  100     161       1
  101     163       1
  101     181       1
  101     194       1
  102     117       1
  102     122       1
  102     282       1
  103     115       1
  103     132       1
  104     110       1
  104     178       1
  104     209       1
  105     113       1
  105     131       1
  105     271       1
  105     278       1
  107     268       1
  108     179       1
  109     239       1
  111     159       1
  112     170       1
  112     220       1
  112     259       1
  114     167       1
  114     171       1
  114     292       1
  115     127       1
  116     201       1
  117     125       1
  117     210       1
  119     226       1
  119     294       1
  120     170       1
  121     170       1
  124     191       1
  126     176       1
  126     196       1
  126     208       1
  126     224       1
  127     181       1
  129     223       1
  129     298       1
  131     192       1
  131     231       1
  132     184       1
  133     138       1
  133     242       1
  134     231       1
  135     204       1
  136     285       1
  138     232       1
  138     233       1
  139     232       1
  140     173       1
  140     261       1
  141     192       1
  142     257       1
  143     244       1
  144     202       1
  144     211       1
  144     240       1
  144     282       1
  146     153       1
  147     253       1
  147     270       1
  148     283       1
  152     190       1
  152     259       1
  153     292       1
  154     185       1
  154     232       1
  154     234       1
  154     241       1
  155     206       1
  156     258       1
  157     180       1
  158     261       1
  159     280       1
  161     199       1
  161     282       1
  162     298       1
  163     230       1
  165     276       1
  166     296       1
  167     209       1
  167     211       1
  167     219       1
  168     249       1
  168     280       1
  169     251       1
  172     186       1
  175     230       1
  179     232       1
  179     275       1
  180     282       1
  181     206       1
  182     185       1
  182     206       1
  183     294       1
  184     258       1
  185     276       1
  186     232       1
  187     242       1
  187     292       1
  188     219       1
  191     236       1
  192     279       1
  195     211       1
  195     264       1
  198     213       1
  201     277       1
  202     212       1
  203     290       1
  204     280       1
  205     241       1
  209     268       1
  211     232       1
  211     252       1
  213     230       1
  215     274       1
  218     235       1
  221     277       1
  224     269       1
  226     235       1
  227     232       1
  230     236       1
  230     278       1
  232     243       1
  232     259       1
  235     237       1
  238     249       1
  238     260       1
  243     267       1
  244     295       1
  252     270       1
  253     290       1
  255     272       1
  256     282       1
  262     291       1
  268     293       1
  272     282       1
  277     279       1
  283     290       1
  292     297       1
  294     299       1
