  400     459
    1     391       1
    2     352       1
    3     189       1
    4      62       1
    5      89       1
    5     172       1
    5     197       1
    6      45       1
    6     171       1
    6     195       1
    6     381       1
    7     312       1
    8     368       1
    9      74       1
    9     366       1
   10      24       1
   11      57       1
   11     245       1
   12      13       1
   12     131       1
   12     299       1
   13      38       1
   13      62       1
   13     109       1
   13     198       1
   13     245       1
   13     388       1
   14     113       1
   14     125       1
   14     367       1
   15      23       1
   15     119       1
   16     235       1
   16     280       1
   16     297       1
   17      28       1
   17     233       1
   17     385       1
   18     231       1
   19     246       1
   19     261       1
   20      29       1
   20     268       1
   20     384       1
   21     195       1
   21     261       1
   22     364       1
   22     397       1
   23      60       1
   23      86       1
   23     149       1
   23     318       1
   24     113       1
   24     118       1
   24     138       1
   24     242       1
   24     356       1
   25      63       1
   25      67       1
   25     206       1
   25     212       1
   26     182       1
   26     386       1
   26     388       1
   27      55       1
   28     160       1
   28     252       1
   28     294       1
   28     307       1
   29     392       1
   30      42       1
   30     393       1
   31     126       1
   31     385       1
   32      75       1
   33     206       1
   33     296       1
   34     279       1
   34     280       1
   34     384       1
   35     115       1
   36     157       1
   37      71       1
   37      76       1
   37     164       1
   37     168       1
   37     228       1
   37     249       1
   38     346       1
   39     113       1
   39     135       1
   40     151       1
   41     295       1
   42      46       1
   42      81       1
   42     105       1
   42     167       1
   42     308       1
   42     356       1
   43     293       1
   44     161       1
   44     192       1
   45     251       1
   45     257       1
   45     356       1
   47     104       1
   47     313       1
   47     357       1
   47     390       1
   48     339       1
   49     202       1
   50     354       1
   51      55       1
   51     170       1
   51     236       1
   51     376       1
   52     169       1
   52     361       1
   53     400       1
   54      65       1
   54     209       1
   55      56       1
   55     248       1
   55     347       1
   55     359       1
   56     151       1
   56     356       1
   57     353       1
   58      78       1
   58     120       1
   59     249       1
   60      70       1
   60      87       1
   60     130       1
   60     304       1
   61     201       1
   62     235       1
   63      73       1
   63      98       1
   63     141       1
   63     354       1
   64     398       1
   65     139       1
   65     292       1
   65     321       1
   66     307       1
   67     298       1
   68      78       1
   68     211       1
   68     224       1
   69     293       1
   70     167       1
   70     263       1
   72     154       1
   72     173       1
   74     158       1
   74     175       1
   74     355       1
   75     169       1
   75     378       1
   76     116       1
   76     220       1
   77     258       1
   79      90       1
   80     142       1
   80     235       1
   81     338       1
   82     247       1
   82     342       1
   83     227       1
   83     319       1
   84     236       1
   85     107       1
   85     255       1
   85     306       1
   86     162       1
   86     231       1
   86     242       1
   86     394       1
   88     275       1
   90      98       1
   90     206       1
   90     240       1
   90     244       1
   90     319       1
   90     329       1
   90     400       1
   91     355       1
   91     368       1
   92     335       1
   93     175       1
   93     316       1
   94     399       1
   95     294       1
   96     359       1
   97     132       1
   99     134       1
  100     224       1
  101     270       1
  102     182       1
  102     186       1
  103     193       1
  105     166       1
  106     147       1
  106     221       1
  106     249       1
  107     112       1
  107     168       1
  107     200       1
  108     312       1
  109     207       1
  109     223       1
  109     242       1
  109     251       1
  110     260       1
  111     179       1
  111     215       1
  111     288       1
  111     383       1
  112     269       1
  112     367       1
  113     133       1
  113     168       1
  113     194       1
  113     265       1
  113     343       1
  114     231       1
  114     281       1
  115     258       1
  115     289       1
  115     327       1
  116     379       1
  117     143       1
  117     389       1
  119     230       1
  119     326       1
  120     122       1
  120     226       1
  120     239       1
  120     273       1
  121     218       1
  122     243       1
  122     332       1
  123     256       1
  123     368       1
  124     166       1
  124     179       1
  124     190       1
  124     205       1
  124     262       1
  124     324       1
  124     330       1
  125     188       1
  125     250       1
  125     328       1
  125     391       1
  126     163       1
  126     225       1
  127     239       1
  127     339       1
  128     233       1
  128     247       1
  129     200       1
  129     399       1
  130     314       1
  130     341       1
  131     201       1
  132     142       1
  132     333       1
  133     164       1
  133     285       1
  133     369       1
  134     138       1
  134     353       1
  134     374       1
  136     170       1
  136     246       1
  137     251       1
  138     161       1
  138     181       1
  138     204       1
  138     312       1
  138     380       1
  139     362       1
  140     356       1
  142     360       1
  143     235       1
  143     342       1
  144     295       1
  144     323       1
  145     176       1
  146     206       1
  147     340       1
  148     370       1
  149     272       1
  149     330       1
  149     339       1
  150     294       1
  151     154       1
  152     196       1
  153     211       1
  153     234       1
  155     339       1
  156     359       1
  157     178       1
  157     262       1
  159     385       1
  160     196       1
  160     313       1
  160     327       1
  160     397       1
  161     261       1
  161     291       1
  161     320       1
  162     311       1
  163     198       1
  165     317       1
  166     322       1
  166     347       1
  166     387       1
  167     368       1
  168     357       1
  168     400       1
  169     236       1
  169     349       1
  171     301       1
  172     226       1
  173     230       1
  174     291       1
  175     375       1
  176     265       1
  177     367       1
  179     284       1
  180     385       1
  182     395       1
  183     309       1
  183     354       1
  184     396       1
  185     223       1
  186     327       1
  187     226       1
  188     223       1
  189     247       1
  189     330       1
  191     250       1
  192     196       1
  193     307       1
  194     259       1
  194     267       1
  194     317       1
  194     321       1
  194     335       1
  194     373       1
  196     222       1
  196     231       1
  196     273       1
  196     368       1
  196     390       1
  198     268       1
  199     400       1
  200     275       1
  200     288       1
  202     335       1
  203     327       1
  204     302       1
  206     318       1
  207     295       1
  208     262       1
  209     210       1
  210     355       1
  211     268       1
  211     336       1
  213     363       1
  214     335       1
  215     283       1
  215     344       1
  216     371       1
  217     351       1
  218     260       1
  218     295       1
  219     394       1
  222     278       1
  222     344       1
  223     395       1
  224     254       1
  226     265       1
  226     393       1
  229     328       1
  230     265       1
  230     333       1
  232     233       1
  235     326       1
  235     372       1
  235     398       1
  236     335       1
  237     297       1
  237     331       1
  238     343       1
  240     301       1
  240     317       1
  241     292       1
  241     311       1
  242     268       1
  242     293       1
  242     347       1
  246     373       1
  251     277       1
  251     373       1
  252     270       1
  253     314       1
  254     375       1
  255     348       1
  255     365       1
  255     375       1
  257     260       1
  257     382       1
  259     264       1
  260     358       1
  262     324       1
  262     352       1
  262     356       1
  265     282       1
  265     362       1
  265     396       1
  266     393       1
  270     286       1
  271     373       1
  274     336       1
  275     334       1
  276     378       1
  285     381       1
  287     317       1
  289     344       1
  290     324       1
  291     302       1
  292     390       1
  294     351       1
  300     397       1
  303     305       1
  303     369       1
  304     310       1
  307     370       1
  308     342       1
  310     362       1
  315     378       1
  320     337       1
  324     371       1
  325     327       1
  327     331       1
  330     333       1
  330     355       1
  345     383       1
  347     350       1
  356     358       1
  356     399       1
  359     377       1
  360     378       1
  361     364       1
  363     399       1
