   50      73
    1      26       1
    2       9       1
    2      15       1
    2      47       1
    2      48       1
    3      16       1
    3      24       1
    3      36       1
    4      42       1
    5      28       1
    5      39       1
    6      49       1
    7      27       1
    8      30       1
    8      40       1
    8      42       1
    9      20       1
    9      29       1
    9      35       1
   10      29       1
   10      49       1
   11      19       1
   11      24       1
   11      33       1
   11      39       1
   11      45       1
   12      15       1
   13      20       1
   14      40       1
   14      49       1
   15      16       1
   15      36       1
   16      33       1
   17      18       1
   17      23       1
   17      24       1
   17      44       1
   19      41       1
   19      47       1
   20      30       1
   20      34       1
   20      50       1
   21      47       1
   21      49       1
   22      33       1
   23      25       1
   23      29       1
   23      31       1
   24      27       1
   24      29       1
   25      40       1
   25      48       1
   26      36       1
   28      29       1
   28      36       1
   29      38       1
   29      42       1
   30      34       1
   30      43       1
   31      44       1
   31      46       1
   32      40       1
   33      50       1
   35      37       1
   36      37       1
   36      39       1
   36      40       1
   36      41       1
   38      45       1
   39      47       1
   42      49       1
   43      46       1
   46      47       1
