  100     129
    1       2       1
    2      49       1
    2      56       1
    2      77       1
    2      93       1
    3      16       1
    4      88       1
    4      89       1
    4      93       1
    5      16       1
    5      77       1
    6      52       1
    7      31       1
    8      71       1
    8      78       1
    9      43       1
    9      46       1
    9      58       1
    9      86       1
    9      90       1
   10      35       1
   10      73       1
   10      93       1
   11     100       1
   12      17       1
   12      74       1
   13      34       1
   13      72       1
   13      85       1
   14      80       1
   14      92       1
   14      95       1
   15      19       1
   15      61       1
   15      85       1
   17      48       1
   18      39       1
   19      60       1
   19      90       1
   20      21       1
   20      28       1
   20      66       1
   20      67       1
   21      26       1
   21      51       1
   21      93       1
   22      26       1
   22      57       1
   22      63       1
   22      64       1
   23      41       1
   23      71       1
   23      77       1
   24      77       1
   24      78       1
   24      81       1
   25      26       1
   25      95       1
   26      48       1
   26      67       1
   27      51       1
   28      40       1
   28      47       1
   29      99       1
   30      54       1
   31      39       1
   31      47       1
   31      71       1
   31      76       1
   31      89       1
   32      80       1
   33      43       1
   34      42       1
   35      60       1
   36      80       1
   37     100       1
   38      51       1
   39      45       1
   39      59       1
   39      85       1
   39      87       1
   40      41       1
   42      92       1
   43      51       1
   43      76       1
   43     100       1
   44      70       1
   45      54       1
   48      63       1
   49      96       1
   50      87       1
   51      83       1
   51      94       1
   52      65       1
   53      59       1
   55      59       1
   55      66       1
   56      79       1
   56      91       1
   57      65       1
   57      74       1
   58      62       1
   58      77       1
   61      80       1
   63      66       1
   63      82       1
   64      67       1
   65      87       1
   68      92       1
   69      87       1
   69      90       1
   70      95       1
   71      93       1
   72      93       1
   75      87       1
   75      89       1
   79      86       1
   82      98       1
   84      98       1
   85      92       1
   85      93       1
   86      93       1
   86      97       1
   88      97       1
   89     100       1
   90      97       1
   90      98       1
   94      99       1
   94     100       1
