  700     780
    1     321       1
    2     515       1
    2     587       1
    3      29       1
    4      68       1
    5      93       1
    5     309       1
    6     343       1
    7      40       1
    7     436       1
    8     240       1
    8     569       1
    8     692       1
    8     695       1
    9     443       1
    9     597       1
   10     279       1
   11     609       1
   12      59       1
   12     314       1
   12     473       1
   12     678       1
   13     355       1
   13     603       1
   13     654       1
   14      22       1
   14     211       1
   14     242       1
   15     559       1
   16     613       1
   17     451       1
   17     537       1
   18     656       1
   19     406       1
   20     690       1
   21     619       1
   22     121       1
   23     234       1
   24     437       1
   24     467       1
   25      55       1
   25     276       1
   25     361       1
   26     222       1
   26     638       1
   27     628       1
   28     377       1
   28     521       1
   28     547       1
   29      45       1
   29     309       1
   30     103       1
   30     185       1
   31     610       1
   32     183       1
   32     323       1
   33     219       1
   33     270       1
   34      52       1
   34     140       1
   34     422       1
   34     664       1
   35     173       1
   35     414       1
   36     426       1
   37     360       1
   37     454       1
   38     240       1
   38     602       1
   38     693       1
   39     306       1
   40      66       1
   40     145       1
   40     431       1
   40     494       1
   41     539       1
   42      80       1
   43     480       1
   44      80       1
   44     463       1
   45     210       1
   45     270       1
   46     407       1
   47     406       1
   47     409       1
   47     445       1
   48     118       1
   49     361       1
   50     142       1
   50     189       1
   50     283       1
   50     607       1
   51     675       1
   52      82       1
   53     124       1
   53     419       1
   53     648       1
   53     699       1
   54     288       1
   54     488       1
   56     233       1
   56     556       1
   57     323       1
   58     238       1
   58     335       1
   58     452       1
   59     195       1
   59     296       1
   60      61       1
   60     365       1
   61      79       1
   61      87       1
   61      93       1
   61     162       1
   61     376       1
   61     652       1
   61     684       1
   62     162       1
   62     237       1
   62     293       1
   62     383       1
   63     362       1
   63     511       1
   64     251       1
   64     571       1
   65     105       1
   65     561       1
   66     234       1
   66     604       1
   67     552       1
   67     677       1
   68     158       1
   68     696       1
   69     550       1
   70     144       1
   70     603       1
   71     136       1
   71     181       1
   71     359       1
   71     362       1
   71     578       1
   71     629       1
   72      73       1
   72     118       1
   72     138       1
   72     196       1
   74     246       1
   74     353       1
   74     448       1
   74     451       1
   74     488       1
   75     583       1
   76      87       1
   76     298       1
   77     139       1
   77     154       1
   78     620       1
   79     541       1
   80      89       1
   80     668       1
   81     122       1
   81     384       1
   81     589       1
   82     531       1
   82     615       1
   83     576       1
   84     668       1
   85     395       1
   86     193       1
   86     388       1
   87     105       1
   87     314       1
   88     368       1
   88     475       1
   89     190       1
   89     279       1
   89     476       1
   89     551       1
   90     214       1
   91     328       1
   91     362       1
   91     464       1
   91     544       1
   91     686       1
   92     289       1
   92     304       1
   92     306       1
   92     382       1
   92     426       1
   93     149       1
   93     379       1
   93     456       1
   93     662       1
   94     219       1
   94     340       1
   95     569       1
   96     398       1
   97     104       1
   97     554       1
   98     152       1
   99     285       1
  100     376       1
  100     697       1
  101     443       1
  101     675       1
  102     140       1
  102     620       1
  103     268       1
  104     579       1
  106     539       1
  106     672       1
  107     138       1
  107     159       1
  108     397       1
  108     590       1
  108     671       1
  109     559       1
  110     171       1
  110     240       1
  110     652       1
  111     579       1
  111     627       1
  112     198       1
  113     137       1
  113     231       1
  113     598       1
  114     559       1
  115     131       1
  115     541       1
  116     127       1
  116     347       1
  117     627       1
  118     361       1
  118     391       1
  118     634       1
  119     138       1
  119     152       1
  119     232       1
  119     265       1
  119     338       1
  119     441       1
  119     686       1
  120     340       1
  121     585       1
  121     660       1
  122     254       1
  122     365       1
  122     438       1
  122     531       1
  122     557       1
  123     360       1
  123     589       1
  124     180       1
  124     577       1
  125     152       1
  125     273       1
  126     310       1
  126     349       1
  126     372       1
  126     408       1
  126     433       1
  126     485       1
  126     568       1
  128     342       1
  128     449       1
  129     210       1
  129     546       1
  130     286       1
  130     526       1
  131     338       1
  131     397       1
  132     527       1
  133     230       1
  133     355       1
  133     511       1
  134     272       1
  134     677       1
  135     392       1
  136     377       1
  138     341       1
  139     395       1
  139     589       1
  141     630       1
  142     364       1
  142     471       1
  143     649       1
  146     321       1
  146     516       1
  146     538       1
  147     306       1
  147     509       1
  148     399       1
  149     514       1
  150     242       1
  151     538       1
  152     319       1
  152     350       1
  152     608       1
  152     683       1
  153     600       1
  155     287       1
  155     331       1
  156     159       1
  156     492       1
  156     656       1
  157     666       1
  158     374       1
  159     291       1
  159     302       1
  160     612       1
  160     639       1
  161     182       1
  161     361       1
  161     435       1
  161     650       1
  161     660       1
  163     587       1
  164     286       1
  164     399       1
  164     476       1
  164     696       1
  165     599       1
  165     650       1
  166     679       1
  167     616       1
  168     417       1
  169     314       1
  170     185       1
  170     495       1
  171     400       1
  171     415       1
  171     447       1
  171     503       1
  172     393       1
  173     410       1
  174     511       1
  174     554       1
  175     233       1
  175     398       1
  175     594       1
  176     329       1
  176     620       1
  177     395       1
  178     253       1
  178     650       1
  179     237       1
  181     220       1
  181     306       1
  181     429       1
  181     588       1
  182     275       1
  182     547       1
  182     596       1
  182     610       1
  183     405       1
  183     600       1
  184     228       1
  185     294       1
  185     443       1
  185     478       1
  185     640       1
  186     424       1
  186     688       1
  187     622       1
  188     513       1
  191     258       1
  192     538       1
  192     689       1
  194     502       1
  194     573       1
  196     522       1
  197     571       1
  198     314       1
  198     505       1
  199     501       1
  200     235       1
  201     488       1
  201     552       1
  201     582       1
  202     212       1
  202     251       1
  203     638       1
  204     578       1
  205     532       1
  205     621       1
  206     250       1
  206     299       1
  207     489       1
  208     215       1
  209     320       1
  211     661       1
  211     696       1
  212     290       1
  213     218       1
  213     310       1
  214     240       1
  215     237       1
  216     259       1
  216     567       1
  217     240       1
  217     332       1
  217     458       1
  217     626       1
  219     327       1
  219     399       1
  219     646       1
  219     681       1
  220     324       1
  221     538       1
  223     428       1
  224     490       1
  225     233       1
  225     450       1
  225     595       1
  225     670       1
  226     273       1
  226     492       1
  227     503       1
  228     280       1
  228     470       1
  229     269       1
  229     436       1
  229     438       1
  230     509       1
  231     313       1
  231     645       1
  231     657       1
  232     236       1
  232     286       1
  232     322       1
  232     436       1
  232     547       1
  232     589       1
  232     600       1
  233     240       1
  233     314       1
  233     571       1
  233     643       1
  234     366       1
  235     411       1
  236     268       1
  236     538       1
  236     593       1
  237     489       1
  237     551       1
  237     641       1
  237     679       1
  239     304       1
  239     672       1
  240     565       1
  241     294       1
  241     302       1
  242     415       1
  243     394       1
  243     591       1
  244     578       1
  245     314       1
  245     556       1
  246     348       1
  247     281       1
  247     380       1
  248     265       1
  248     347       1
  248     389       1
  249     266       1
  249     545       1
  249     559       1
  250     337       1
  250     372       1
  250     620       1
  252     552       1
  254     504       1
  254     569       1
  254     632       1
  255     457       1
  255     483       1
  256     274       1
  257     504       1
  258     653       1
  260     385       1
  261     381       1
  261     469       1
  262     372       1
  263     595       1
  263     700       1
  264     607       1
  266     392       1
  266     594       1
  267     689       1
  270     307       1
  270     444       1
  271     548       1
  271     595       1
  272     427       1
  274     344       1
  274     407       1
  274     542       1
  274     700       1
  275     330       1
  275     373       1
  275     487       1
  275     512       1
  275     608       1
  276     427       1
  277     650       1
  278     437       1
  279     528       1
  279     661       1
  280     349       1
  280     497       1
  282     668       1
  283     292       1
  284     347       1
  285     347       1
  286     301       1
  286     437       1
  287     298       1
  287     445       1
  288     439       1
  288     576       1
  288     618       1
  288     619       1
  290     667       1
  292     666       1
  293     461       1
  293     464       1
  295     451       1
  297     533       1
  298     476       1
  298     524       1
  299     391       1
  300     330       1
  300     601       1
  301     312       1
  302     638       1
  303     313       1
  303     334       1
  305     385       1
  305     640       1
  306     372       1
  307     333       1
  307     355       1
  307     561       1
  308     426       1
  310     520       1
  311     515       1
  311     682       1
  313     534       1
  313     603       1
  314     517       1
  314     592       1
  315     573       1
  316     451       1
  316     498       1
  317     330       1
  317     423       1
  317     469       1
  318     594       1
  320     437       1
  320     540       1
  321     625       1
  325     558       1
  326     654       1
  333     436       1
  333     466       1
  333     550       1
  335     388       1
  335     593       1
  336     640       1
  339     654       1
  340     652       1
  341     549       1
  342     598       1
  342     626       1
  342     630       1
  342     669       1
  343     630       1
  344     510       1
  344     525       1
  344     572       1
  344     633       1
  345     554       1
  346     600       1
  347     508       1
  348     429       1
  349     581       1
  349     659       1
  351     361       1
  352     460       1
  353     582       1
  354     372       1
  356     621       1
  356     641       1
  356     696       1
  357     430       1
  358     403       1
  361     543       1
  361     663       1
  363     527       1
  363     675       1
  365     477       1
  367     404       1
  367     553       1
  368     369       1
  368     681       1
  370     541       1
  371     582       1
  372     414       1
  372     586       1
  372     696       1
  375     493       1
  375     672       1
  376     413       1
  376     537       1
  377     611       1
  378     525       1
  380     667       1
  381     474       1
  382     568       1
  385     603       1
  385     665       1
  386     469       1
  387     691       1
  388     412       1
  388     428       1
  390     658       1
  390     691       1
  391     421       1
  392     639       1
  393     570       1
  394     457       1
  396     471       1
  397     399       1
  398     656       1
  399     564       1
  401     429       1
  401     687       1
  402     592       1
  403     485       1
  404     420       1
  404     488       1
  406     504       1
  406     698       1
  409     560       1
  411     620       1
  412     572       1
  413     457       1
  414     491       1
  414     530       1
  414     573       1
  415     688       1
  416     538       1
  416     540       1
  417     559       1
  418     437       1
  419     441       1
  419     501       1
  419     636       1
  425     696       1
  430     650       1
  432     464       1
  433     525       1
  433     571       1
  433     589       1
  433     603       1
  433     656       1
  433     691       1
  434     664       1
  437     483       1
  437     642       1
  439     639       1
  439     654       1
  440     628       1
  442     566       1
  444     628       1
  445     500       1
  446     531       1
  446     614       1
  446     690       1
  451     556       1
  453     557       1
  454     571       1
  454     653       1
  455     538       1
  459     562       1
  460     567       1
  460     638       1
  461     533       1
  461     568       1
  462     595       1
  465     471       1
  468     603       1
  468     637       1
  469     490       1
  472     575       1
  479     603       1
  480     656       1
  481     518       1
  481     603       1
  482     532       1
  482     547       1
  482     559       1
  484     490       1
  484     536       1
  485     680       1
  486     675       1
  488     527       1
  488     631       1
  488     696       1
  489     499       1
  489     580       1
  489     603       1
  491     532       1
  493     659       1
  496     515       1
  497     673       1
  500     651       1
  501     605       1
  505     666       1
  506     614       1
  507     622       1
  509     563       1
  510     539       1
  513     687       1
  514     628       1
  514     692       1
  515     593       1
  519     620       1
  523     659       1
  527     562       1
  527     613       1
  529     627       1
  530     566       1
  530     617       1
  531     568       1
  532     558       1
  535     681       1
  536     674       1
  541     655       1
  552     562       1
  552     672       1
  555     647       1
  558     620       1
  558     639       1
  559     565       1
  559     635       1
  561     687       1
  563     614       1
  570     573       1
  574     618       1
  575     684       1
  577     623       1
  578     606       1
  581     584       1
  582     611       1
  583     587       1
  583     684       1
  599     677       1
  601     691       1
  603     622       1
  603     696       1
  607     696       1
  609     657       1
  613     614       1
  613     647       1
  616     644       1
  616     656       1
  618     638       1
  618     649       1
  620     684       1
  622     685       1
  624     651       1
  627     663       1
  627     670       1
  634     684       1
  663     674       1
  667     686       1
  670     694       1
  676     695       1
  686     688       1
