  300     353
    1     189       1
    2     126       1
    2     231       1
    3     152       1
    3     174       1
    4     274       1
    5     124       1
    5     221       1
    6     189       1
    6     215       1
    7     173       1
    8      92       1
    8     146       1
    9      24       1
    9      25       1
    9     169       1
    9     170       1
    9     193       1
    9     236       1
   10      62       1
   11     221       1
   12      25       1
   12      35       1
   12     269       1
   13     229       1
   13     246       1
   13     265       1
   14     200       1
   14     235       1
   14     243       1
   15     229       1
   16     224       1
   17      88       1
   18     151       1
   19     205       1
   20      82       1
   20      97       1
   20     130       1
   20     137       1
   20     300       1
   21      24       1
   21      77       1
   21     128       1
   22     159       1
   22     281       1
   23     230       1
   23     238       1
   23     266       1
   24     289       1
   25     125       1
   25     180       1
   25     266       1
   26      57       1
   27      89       1
   27     198       1
   28     213       1
   29      52       1
   29     132       1
   30     221       1
   31      89       1
   31     237       1
   32     237       1
   33      40       1
   33     160       1
   33     248       1
   34      77       1
   34     110       1
   35      45       1
   35     165       1
   36     140       1
   36     215       1
   37      75       1
   37      85       1
   37     264       1
   38     118       1
   39     269       1
   40     234       1
   41      42       1
   41      61       1
   42      92       1
   42     163       1
   42     182       1
   42     225       1
   42     254       1
   43      72       1
   43     133       1
   43     183       1
   43     257       1
   44     153       1
   44     175       1
   45      80       1
   45      98       1
   45     208       1
   45     280       1
   46     138       1
   46     184       1
   46     221       1
   47     125       1
   48     157       1
   48     253       1
   49      71       1
   49      82       1
   49     126       1
   50      78       1
   50      84       1
   51     119       1
   51     178       1
   51     203       1
   52     123       1
   53      77       1
   54      95       1
   54     121       1
   54     130       1
   55      58       1
   55     185       1
   56     108       1
   57     123       1
   57     175       1
   57     215       1
   57     230       1
   57     291       1
   59      67       1
   59     227       1
   59     256       1
   60     140       1
   61     107       1
   62      80       1
   62      86       1
   62     242       1
   62     245       1
   62     259       1
   63     113       1
   63     154       1
   63     285       1
   64     197       1
   65     130       1
   65     161       1
   65     282       1
   66     236       1
   66     249       1
   67     274       1
   68     106       1
   68     236       1
   69     224       1
   69     249       1
   70     195       1
   70     206       1
   72     113       1
   72     191       1
   72     209       1
   72     251       1
   73      96       1
   74     194       1
   75     291       1
   76      81       1
   76     284       1
   77      79       1
   78     218       1
   78     232       1
   78     280       1
   79      87       1
   79     297       1
   80     179       1
   80     227       1
   81     227       1
   82     128       1
   82     135       1
   82     187       1
   82     291       1
   83     243       1
   84     108       1
   84     260       1
   85     263       1
   86     146       1
   87     135       1
   87     157       1
   87     195       1
   87     273       1
   88     221       1
   89     141       1
   89     211       1
   90     228       1
   91     151       1
   92     200       1
   93     135       1
   94     246       1
   96     141       1
   96     233       1
   98     134       1
   98     296       1
   99     102       1
   99     218       1
  100     178       1
  101     174       1
  102     273       1
  103     118       1
  103     204       1
  103     221       1
  104     109       1
  104     115       1
  104     270       1
  105     151       1
  106     145       1
  106     183       1
  107     121       1
  108     151       1
  108     230       1
  108     269       1
  109     145       1
  110     153       1
  110     177       1
  110     267       1
  110     294       1
  111     280       1
  112     189       1
  112     258       1
  113     204       1
  113     275       1
  114     284       1
  115     227       1
  116     119       1
  116     158       1
  117     259       1
  118     178       1
  118     281       1
  119     276       1
  120     280       1
  121     214       1
  121     220       1
  122     178       1
  123     149       1
  123     256       1
  125     204       1
  125     250       1
  126     145       1
  126     181       1
  127     138       1
  127     187       1
  128     227       1
  129     199       1
  129     229       1
  129     243       1
  130     139       1
  130     261       1
  131     291       1
  132     157       1
  132     287       1
  133     267       1
  135     244       1
  135     278       1
  136     213       1
  137     157       1
  137     275       1
  140     141       1
  140     231       1
  141     243       1
  142     243       1
  143     201       1
  143     204       1
  143     298       1
  144     200       1
  147     285       1
  148     227       1
  149     255       1
  150     221       1
  151     185       1
  152     285       1
  155     208       1
  155     290       1
  156     178       1
  156     271       1
  156     286       1
  157     177       1
  159     186       1
  161     175       1
  162     168       1
  162     189       1
  162     231       1
  164     181       1
  166     216       1
  166     280       1
  167     195       1
  167     300       1
  168     210       1
  168     245       1
  170     212       1
  170     215       1
  170     295       1
  171     202       1
  171     282       1
  172     208       1
  173     181       1
  174     249       1
  174     254       1
  175     287       1
  176     291       1
  178     196       1
  178     207       1
  178     215       1
  178     219       1
  180     208       1
  180     223       1
  180     283       1
  184     264       1
  186     197       1
  186     239       1
  186     259       1
  188     282       1
  190     213       1
  190     237       1
  191     270       1
  192     202       1
  194     230       1
  196     217       1
  196     274       1
  199     269       1
  200     248       1
  205     243       1
  206     249       1
  208     291       1
  209     255       1
  213     247       1
  213     252       1
  219     248       1
  220     226       1
  220     268       1
  220     291       1
  222     286       1
  224     232       1
  226     253       1
  226     263       1
  228     243       1
  228     276       1
  228     277       1
  231     262       1
  234     280       1
  234     292       1
  240     286       1
  241     287       1
  243     246       1
  243     280       1
  243     291       1
  246     249       1
  246     284       1
  249     250       1
  251     288       1
  252     259       1
  259     291       1
  259     293       1
  269     272       1
  269     289       1
  279     282       1
  296     299       1
